	Iozone: Performance Test of File I/O
	        Version $Revision: 3.414 $
		Compiled for 64 bit mode.
		Build: linux-AMD64 

	Contributors:William Norcott, Don Capps, Isom Crawford, Kirby Collins
	             Al Slater, Scott Rhine, Mike Wisner, Ken Goss
	             Steve Landherr, Brad Smith, Mark Kelly, Dr. Alain CYR,
	             Randy Dunlap, Mark Montague, Dan Million, Gavin Brebner,
	             Jean-Marc Zucconi, Jeff Blomberg, Benny Halevy, Dave Boone,
	             Erik Habbinga, Kris Strecker, Walter Wong, Joshua Root,
	             Fabrice Bacchella, Zhenghua Xue, Qin Li, Darren Sawyer,
	             Vangel Bojaxhi, Ben England.

	Run began: Tue Feb 19 03:02:44 2013

	Auto Mode
	Excel chart generation enabled
	Command line used: ./benchmarks/iozone3_414/src/current/iozone -a -R
	Output is in Kbytes/sec
	Time Resolution = 0.000001 seconds.
	Processor cache size set to 1024 Kbytes.
	Processor cache line size set to 32 bytes.
	File stride size set to 17 * record size.
                                                            random  random    bkwd   record   stride                                   
              KB  reclen   write rewrite    read    reread    read   write    read  rewrite     read   fwrite frewrite   fread  freread
              64       4  463774  842003  2133730  1648808 2067979 1049372 1204796  1452528  1879725   929467   799377 1421755  1452528
              64       8  528618  874936  2133730  2133730 3022727  852702 1421755  2006158  2133730  1363961   855419 1204796  1183548
              64      16  686877  735831  3057153  2444640 3541098 1562436 1780008  2133730  3363612  1562436  1232453 1526887  2561267
              64      32  346008 1013707  3406295  3203069 4988978 1562436  586352  2203800   780776  1304314  1143223 1734015  1599680
              64      64  763021  863676  4897948  5283570 5389653 2467108 1452528  2067979  1879725  2052169  1210227 1553394  1330167
             128       4  450468  985435  1911894  2464907 2066432 1291158 1487977  1543594  1539168   992724   940549 1152564  1306873
             128       8  703810 1093856  2098744  1967960 3199360 1492113 2166499  2248149  2905056  1471662   702889 1802755  3199360
             128      16  659704 1076312  2202044  1254941 2098744 1038825 1543594  2367096  1017175  1377278  1421023 2066432  1162547
             128      32  934004 1196221  2969325  2784517 4934216 1642783 1508887  2420455  3297617  1749872  1377278 2326073  2843510
             128      64  785122 1885042  5545860  5122535 5847904 3199360 2098744  2286447  2621367   723735  2286447 1391557  1598754
             128     128  934004 1175271  5847904  5545860 6406138 2004703  992724  3359523  2202044  1710838  1346196 1057236  3560017
             256       4  555248  598249  1704877  1361224 1361224 1058076 1319408  1325925  1148625  1112909   823544 1673001  1704877
             256       8  536654 1235882  1897721  2582316 3087188 1766587 1755037  1842366  2030503  1361224  1178892 2152625  2754556
             256      16  423265 1213534  1829808  1570244 1053922 1729594  952062  2533571  3454704  1487577  1361224 2266207  3236056
             256      32  977189 1579483  2557711  2563818 4553502 2061693 2486631  3159869  3994490  1649865  1067543 2665657  4264168
             256      64  873809 1422540  2943325  5242734 5971678 2242541  907792  1763685  3994490  2330140  1325925 2557711  3557725
             256     128  924200 1540948  3935921   886067 3994490 2081678 3275543  3087188  3879045  1420658  3285566 2441400  3009318
             256     256  856386 1952947  6936061  5938650 6936061 2305128 2463808  2152625  2266207  2152625  1610276 2639446  1732384
             512       4  635198 1118011  1556366  1954379 1789859  890404 1251589  1629590  1776533  1158418  1174254 1740536  2532990
             512       8  849208 1442420  2460437  3970896 3163620 1383861 2347475  2438090  2609952  1373241   860781 2216629  4091959
             512      16  517739 1471074  4000485  2294796 4228947 1674052 2237414  2811557  2381315  1580419  1509330 3710197  4742616
             512      32  792486 1667552  3366987  2160868 4532414 1723770 3877684  3366987  4532414  1524329  1875849 4262523  3201349
             512      64 1073309 2548017  3849877  4742616 6156675 3487274 2736325  3684733  6018636  2107844  1418599 2486072  5177083
             512     128 1437592 1803387  4494470  4871723 5886650 2007358 3504346  2584820  4296637  2294796  3029721 3504346  6736026
             512     256 1091308 1505098  4163357  6246213 7022379 3201349 4973263  2860238  6414119  1947291  3684733 4571003  2196227
             512     512  948197 1829505  7211022  6821616 7115451 2132967 4068701  2187279   876951  2143612  2304647 2736325  1695195
            1024       4  532226 1172909  2414523  2120127 2124322 1127937 1559081  1594978  1441842  1180972  1135391 1741104  2004366
            1024       8  804933 1457004  2260740  3863055 3335105 1762539 2142335  2461573  1718120  1352828  1347734 2553783  3778101
            1024      16  689090 1673273  2611230  2403712 4232305 1670669 2985091  2744728  3556008  1390944  1597351 2723840  4805258
            1024      32  912695 1684429  3422814  4943530 5330028 3130886 2419964  3579719  4972145  1126458  1738286 3529706  5042191
            1024      64 1041758 1999700  4282950  6163794 1612948 2111788 2827858  4048778  4249053  2275110  1617199 2300703  2852271
            1024     128 1231070 1454537  2546213  4995276 3506651 2120127 2069060  3170172  4130547  1015885  1865101 3085895  6733974
            1024     256  907105 2115949  3379719  6280976 5751117 3835457 1577984  4249053  6519323  2516377  2311849 2952261  4215688
            1024     512 1278718 1599731  4356809  6059442 4762630 2553783 2892612  3738636  5065980  1499217  2900425 3668386  6918376
            1024    1024 1180972 2398343  7208671  7369466 7369466 4110780 3210456  2286009  3863055  2443368  1304348 2646630  5593820
            2048       4  628985 1287304  1844994  1696674 2098276 1127760 1202599   706246  1180454  1082427  1050267 1785550  2840769
            2048       8  844152 1066568  2398213  3319389 3346546 1292923 1901351  2314219  2673655  1454489  1405695 2188069  4023754
            2048      16 1076189 1617444  2179187  2694623 1779262 1528510 2373037  3016334  4086930  1124660  1559876 2392868  4490751
            2048      32 1218291 1630647  1967097  1878893 2662880 1976603 3127245  2937929  1867050  1440344  1693997 2832339  5492967
            2048      64  742315 1593737  3029098  5970183 6261772 2438378 2676988  4180412  5974336  2438378  1813827 2821176  4775354
            2048     128 1102290 2027934  3047366  6401772 6690992 3043048 2805512  4423683  6583305  2589040  1997749 3002627  6007763
            2048     256  406993 2221454  3482209  6261772 7059413 3892474 2659582  3690142  6962145  2964289  2167092 3513544  2609490
            2048     512 1235285 2208887  2844532  4785996 6543188 3764533 2642401  2951050  4196751  2384234  1528239 3215029  5655716
            2048    1024 1204623 2013672  4170264  6340344 6171791 2942962 2875960  4086930  3199462  1727034  2389540 2209455  5197183
            2048    2048   53778 1805819  6041567  6690992 5868220 3917325 2510351  2326756  2512554  2860636  1534244 2618239  3901313
            4096       4  644628 1171343  1571261  2252859 1817243 1380485 1162309  1598156  1644351   949436  1171663 1742237  1689135
            4096       8  717597 1517682  2211675  3052133 3100608 1944786 1764788  2539220  2200909  1317898  1249917 1691130  2087771
            4096      16  975696 1412956  2473416  3608605 3945943 2439350 2043809  2917377   107701  1504787  1565819 2422154   108273
            4096      32   77169 1898998  2563086  2739658 4723889 2083467 2233528  3679713  2552044  1686316  1748087 2708986  3806915
            4096      64 1158390 1941270  2762123  2750624 4964124 1985468 2569603  4167033  2714551  1999099  1707264 2553562  3483484
            4096     128 1293391 1905105  2394138  2588965 4180214 2998857 3129412  4496399  4526013  2305154  1934930 2680666  3235498
            4096     256 1028377 1546787  2754594  2234690 4157956   46935 2824797  4628439  6625976  1588257  1452498 2882622  2657856
            4096     512 1103480 1788488  3170416  4052041 4922872 2452583 1802751  4639689  6140479  1864376  1977014 2828983  3574071
            4096    1024   53535 1995152  3187474  3308398 2858639 2151031 2917377  2203449  5332372  2433820  1151866 2531736  2347359
            4096    2048  143648 1068014  3506950  3458937 2566532   54062 1729783  3217923  1725959  1257971  1716818 1601135  2240811
            4096    4096  834022 1464508  2084478  1683507 1958086   36937 1627373  1701683  1979748  1715275  1648928 2047951  1767875
            8192       4  167847  260163   196023  1661350  105141   78678 1325975   125091   124117   146623   122013 1738518    81475
            8192       8  100400 1461009  2101024  2207527 2114080  105132 1825334  2474985  1780499  1418545  1407504  290827  2281855
            8192      16  118983 1398226  2415819  2276714  103735 1586702 1694701  2906963  1756829  1424958  1470765 1535506  2154106
            8192      32  840198 1681103  2202151  1822816 2127827   89390 2503659  3521978  2482316  1729766  1557078 2480882  2542565
            8192      64  185708  198257  2289457  3056697 2986555   90845 2597342  3862030  2295422    89463  1753065 2721605  2848403
            8192     128  148548 1631919  2891550   192630 2530767   72903 2698096  4306915  2470358   285138  1841377 2791249  2946600
            8192     256 1075193 1940372  2957506   160159 2897647 1663361 2733296  4318825  2974661  1986363   153696 2572837  2877505
            8192     512 1098990 1478740  2701703  2729821 3241850   91000 2622319  4599816  6936028  1670153  1600300 2566495  2882575
            8192    1024 1160848 1921169  3135068   160662 3309929 1964895 2856454  4713395  6244039  2085592  1288676 1484555  2013249
            8192    2048  904779 1635180  2886692  2811347 1475755   72707 2396610  3636025  3886054  1744077  1357834 1177194  2739834
            8192    4096  119116 1476580  1987857    74792 1768585   71860 1710562  1477088  1835083  1159360  1802071 1739310  1814442
            8192    8192  924498   95783  1576582  1628979 1619305   71761 1388227    71762  1588830  1347186   188795 1534341  1320471
           16384       4   75479  122208   175534  1701195  104405  143986 1350597  1411199   343695    83749   261319  193930   201067
           16384       8  116859 1394645   242176   242359 1824113  135675  286548   142564   287826   134004   433589  156642   202854
           16384      16  109991  282848   142052  2148100  205601  136626 1830820   157785  2045234  1474293   270707  376799   243787
           16384      32  101955 1684226   541546   247529 2540949  155345 2488861  3455704  2439213   174544   467782 1956270   137890
           16384      64  209522  350173  2341314  2112118  141746  142943  141466  3612098   292968   231096  1480423 2331306   205862
           16384     128  117941 1722085  2754088  2903990  209382  140921 2657591   256637  2558450  1408047  1790791 2516385  1984288
           16384     256  132859 1871353  2810290  2395341  155608  156118 2226395  4262252   389621   233137   151397 2463080   160021
           16384     512  326641  471686  2823453   249232 2835101  140828  208633  4194609  2569259   271078  1339879 2576580   519387
           16384    1024  179951 1724462   387547   246224 2705405  136535 2536260   184313  5261503   442330   251377 1908195   180458
           16384    2048  108509  265951  2115955  2114848  157860  133975  288135   142900  3363522   181991   143772 1852586   203692
           16384    4096   91718  100711    76154   152502  133885  149374  333645   132015  1568586   149016    77720 1630749   136508
           16384    8192  126936  119793   151122   135660  135596  132641  122833   146169   161961   142489   224894 1119669   150621
           16384   16384   72304  145325   137088   153896  151810  135190 1406951   131736   125701    90617    94032  231282   150973
           32768      64  114951  131320   679070   271935  324342  146221  337904  3268246   449326   256482   255674  341091   267589
           32768     128  108955  420517  2789913  2261706  246832  139837 2729085  4410776   669308   258581   214111 2427100  2457083
           32768     256 1127521 1909462  2917912  2922006 2848133 1681193 2644287  4302522  2886232  1810269  1691872 2824138  2566227
           32768     512 1165163 1830084  2854106  2425301 2839013 1763919 1522737  4374277  1132584   615408   978353 2190792  1730276
           32768    1024  992670 1583912  2177119  2138634 2083014 1655795 2273491  4073012  2290962  1136988  1432598 2807408  2846422
           32768    2048 1049682 1511234  2399514  2574688 2487681 1745105 1937211  1767707  6504198  1033237   941312 2720711  2585003
           32768    4096  926433 1367785  1757850  1582307 1585977 1046501 1603369  1399029  1652768  1081304  1055154 1711125  1736243
           32768    8192  881099 1297440  1281759  1195040 1269388 1118519 1515433  1200646  1426813  1234243  1133724 1514432  1437077
           32768   16384  850873 1157265   983197  1453199 1465080 1063959 1504913  1138882  1511367  1105607  1454414 1440225  1377615
           65536      64 1052991 1636033  2654881  2584318 2412335 1601443 2358175  4151807  2468664  1572206  1579560 2806543  2486102
           65536     128  993559 1370245  2850992  2638013 2733177 1768479 2654675  4447013  2742203  1429386  1479868 2570446  2619336
           65536     256 1031902 1603873  2826164  2925452 2852383 1720332 2253581  4438324  2551833  1385921  1558893 2880570  2698749
           65536     512  999818 1697869  2349729  2051131 2268235 1318392 2129585  3796299  2101403  1148507  1457003 2589332  2884379
           65536    1024 1057727 1345680  2280220  2694728 2736470 1720429 2876892  4177996  2756281  1178343  1429171 2783917  2415451
           65536    2048  858867 1530033  2580048  2614950 2532694 1648247 2493273  4623308  2042960   817799   991720 2328195  2710324
           65536    4096  761285 1196651  1250088   775464 1515950 1185652 1686721  1559229  1719923  1024208   955572 1553545  1726546
           65536    8192  830926  668762  1428829  1455714 1531679 1162875 1543479  1447542  1463480   990330   960756 1547406  1432007
           65536   16384  830191 1182597  1323368  1322967 1264930 1089925 1541583  1105366  1451065  1112096  1144672 1473743  1560460
          131072      64   82098   85551  2153736  2733284 2535823   90510 2657368  4053086  2520326    90518    90508 2739740  2581585
          131072     128   90246   94169  2657586  2773017 2719627   95270 2744390  4260424  2598878    95235    94939 2724141  2683924
          131072     256   94956   94159  2816879  2659463 2608608   94973 2598006  4656035  2718430    93355    92788 2823549  2811981
          131072     512   93758   90879  2121316  2261691 2207156   92690 2706372  4171490  2671936    94776    93978 2619870  2482709
          131072    1024   90790   95459  2691203  2930674 2870805   93917 2665743  4551908  2291433    96033    96065 2864075  2391221
          131072    2048   90990   94208  2108284  2116180 2273345   92458 2415046  3287899  2341281    97171    97487 2481163  2369679
          131072    4096   92396   94220  1255059  1079831 1260960   89544 1593523  1405026  1592130   102881   100462 1664470  1644710
          131072    8192   92244   94316  1296998  1255394 1283735   96063 1268920  1134872  1261458   108086   106580 1292825  1204129
          131072   16384   93164   80931  1250079  1236212 1056658   85948  941013   972460   968543    91520    77291 1471856  1452659
          262144      64   14246   13800  2625926  2616104 2317538   14143 2535441  4116312  2513245    14118    13781 2139249  2099403
          262144     128   13831   13719  2750348  2567196 2531792   14050 2665910  4186800  2660060    14057    13794 1964554  1981017
          262144     256   13991   13773  2098645  2327832 2142033   14537 2686809  4480326  2482657    14438    14302 2631834  2629223
          262144     512   14495   14281  2634268  2754192 2813973   14420 1838627  4035352  2366822    14432    14335 2341240  2320678
          262144    1024   14617   14363  2429034  2287571 2167482   14346 1752182  3593729  2070550    14630    14429 2081088  1700367
          262144    2048   14612   14323  1691699  1710272 1639978   14620 1835410  3413245  1992230    14599    14503 2575542  2621568
          262144    4096   14525   14310  1290123  1424269 1523055   74783 1609301  1301983  1623073    75430    70719 1662199  1695615
          262144    8192   78616   79863  1351822  1207058 1490726   79599 1227105  1260282  1383622    75954    82954 1499232  1544158
          262144   16384   78992   77085  1518249  1542449 1356403   80931 1535978  1272586  1501226    88131    87347 1523967  1512868
          524288      64   61404   63619   104020    71350  214843   59038  224270  4067024   327368    66449    65974  230370   224608
          524288     128   64800   62397   112390   106705  313781   64900  294121  4383862   369587    63138    64145  213049   189775
          524288     256   52538   43394    98261   111843  389075   44404  353792  4600305   309071    41557    43076  267493   285310
          524288     512   42625   12439   111411   106575  485414   13602  263011  4326488   429053    12089    11196  324703   324150
          524288    1024   11896   11200   112127   112831  517193   13519  465358  4541374   520163    11965    11296  323884   321732
          524288    2048   11828   11265   112301   108490  504725   13364  293217  4085848   573530    12081    11325  261506   334449
          524288    4096   12058   11266    86753    94580  431715   14450  398210  1238617   496533    12328    11377  240751   223684
          524288    8192   11982   11258    93361    92314  398848   14444  501170  1394312   438673    12007    11486  309756   310410
          524288   16384   11965   11265   114024   116813  396360   13523  463503  1362813  1479059    11973    11545  315663   274053

iozone test complete.
Excel output is below:

"Writer report"
        "4"  "8"  "16"  "32"  "64"  "128"  "256"  "512"  "1024"  "2048"  "4096"  "8192"  "16384"
"64"   463774  528618  686877  346008  763021 
"128"   450468  703810  659704  934004  785122  934004 
"256"   555248  536654  423265  977189  873809  924200  856386 
"512"   635198  849208  517739  792486  1073309  1437592  1091308  948197 
"1024"   532226  804933  689090  912695  1041758  1231070  907105  1278718  1180972 
"2048"   628985  844152  1076189  1218291  742315  1102290  406993  1235285  1204623  53778 
"4096"   644628  717597  975696  77169  1158390  1293391  1028377  1103480  53535  143648  834022 
"8192"   167847  100400  118983  840198  185708  148548  1075193  1098990  1160848  904779  119116  924498 
"16384"   75479  116859  109991  101955  209522  117941  132859  326641  179951  108509  91718  126936  72304 
"32768"   0  0  0  0  114951  108955  1127521  1165163  992670  1049682  926433  881099  850873 
"65536"   0  0  0  0  1052991  993559  1031902  999818  1057727  858867  761285  830926  830191 
"131072"   0  0  0  0  82098  90246  94956  93758  90790  90990  92396  92244  93164 
"262144"   0  0  0  0  14246  13831  13991  14495  14617  14612  14525  78616  78992 
"524288"   0  0  0  0  61404  64800  52538  42625  11896  11828  12058  11982  11965 

"Re-writer report"
        "4"  "8"  "16"  "32"  "64"  "128"  "256"  "512"  "1024"  "2048"  "4096"  "8192"  "16384"
"64"   842003  874936  735831  1013707  863676 
"128"   985435  1093856  1076312  1196221  1885042  1175271 
"256"   598249  1235882  1213534  1579483  1422540  1540948  1952947 
"512"   1118011  1442420  1471074  1667552  2548017  1803387  1505098  1829505 
"1024"   1172909  1457004  1673273  1684429  1999700  1454537  2115949  1599731  2398343 
"2048"   1287304  1066568  1617444  1630647  1593737  2027934  2221454  2208887  2013672  1805819 
"4096"   1171343  1517682  1412956  1898998  1941270  1905105  1546787  1788488  1995152  1068014  1464508 
"8192"   260163  1461009  1398226  1681103  198257  1631919  1940372  1478740  1921169  1635180  1476580  95783 
"16384"   122208  1394645  282848  1684226  350173  1722085  1871353  471686  1724462  265951  100711  119793  145325 
"32768"   0  0  0  0  131320  420517  1909462  1830084  1583912  1511234  1367785  1297440  1157265 
"65536"   0  0  0  0  1636033  1370245  1603873  1697869  1345680  1530033  1196651  668762  1182597 
"131072"   0  0  0  0  85551  94169  94159  90879  95459  94208  94220  94316  80931 
"262144"   0  0  0  0  13800  13719  13773  14281  14363  14323  14310  79863  77085 
"524288"   0  0  0  0  63619  62397  43394  12439  11200  11265  11266  11258  11265 

"Reader report"
        "4"  "8"  "16"  "32"  "64"  "128"  "256"  "512"  "1024"  "2048"  "4096"  "8192"  "16384"
"64"   2133730  2133730  3057153  3406295  4897948 
"128"   1911894  2098744  2202044  2969325  5545860  5847904 
"256"   1704877  1897721  1829808  2557711  2943325  3935921  6936061 
"512"   1556366  2460437  4000485  3366987  3849877  4494470  4163357  7211022 
"1024"   2414523  2260740  2611230  3422814  4282950  2546213  3379719  4356809  7208671 
"2048"   1844994  2398213  2179187  1967097  3029098  3047366  3482209  2844532  4170264  6041567 
"4096"   1571261  2211675  2473416  2563086  2762123  2394138  2754594  3170416  3187474  3506950  2084478 
"8192"   196023  2101024  2415819  2202151  2289457  2891550  2957506  2701703  3135068  2886692  1987857  1576582 
"16384"   175534  242176  142052  541546  2341314  2754088  2810290  2823453  387547  2115955  76154  151122  137088 
"32768"   0  0  0  0  679070  2789913  2917912  2854106  2177119  2399514  1757850  1281759  983197 
"65536"   0  0  0  0  2654881  2850992  2826164  2349729  2280220  2580048  1250088  1428829  1323368 
"131072"   0  0  0  0  2153736  2657586  2816879  2121316  2691203  2108284  1255059  1296998  1250079 
"262144"   0  0  0  0  2625926  2750348  2098645  2634268  2429034  1691699  1290123  1351822  1518249 
"524288"   0  0  0  0  104020  112390  98261  111411  112127  112301  86753  93361  114024 

"Re-Reader report"
        "4"  "8"  "16"  "32"  "64"  "128"  "256"  "512"  "1024"  "2048"  "4096"  "8192"  "16384"
"64"   1648808  2133730  2444640  3203069  5283570 
"128"   2464907  1967960  1254941  2784517  5122535  5545860 
"256"   1361224  2582316  1570244  2563818  5242734  886067  5938650 
"512"   1954379  3970896  2294796  2160868  4742616  4871723  6246213  6821616 
"1024"   2120127  3863055  2403712  4943530  6163794  4995276  6280976  6059442  7369466 
"2048"   1696674  3319389  2694623  1878893  5970183  6401772  6261772  4785996  6340344  6690992 
"4096"   2252859  3052133  3608605  2739658  2750624  2588965  2234690  4052041  3308398  3458937  1683507 
"8192"   1661350  2207527  2276714  1822816  3056697  192630  160159  2729821  160662  2811347  74792  1628979 
"16384"   1701195  242359  2148100  247529  2112118  2903990  2395341  249232  246224  2114848  152502  135660  153896 
"32768"   0  0  0  0  271935  2261706  2922006  2425301  2138634  2574688  1582307  1195040  1453199 
"65536"   0  0  0  0  2584318  2638013  2925452  2051131  2694728  2614950  775464  1455714  1322967 
"131072"   0  0  0  0  2733284  2773017  2659463  2261691  2930674  2116180  1079831  1255394  1236212 
"262144"   0  0  0  0  2616104  2567196  2327832  2754192  2287571  1710272  1424269  1207058  1542449 
"524288"   0  0  0  0  71350  106705  111843  106575  112831  108490  94580  92314  116813 

"Random read report"
        "4"  "8"  "16"  "32"  "64"  "128"  "256"  "512"  "1024"  "2048"  "4096"  "8192"  "16384"
"64"   2067979  3022727  3541098  4988978  5389653 
"128"   2066432  3199360  2098744  4934216  5847904  6406138 
"256"   1361224  3087188  1053922  4553502  5971678  3994490  6936061 
"512"   1789859  3163620  4228947  4532414  6156675  5886650  7022379  7115451 
"1024"   2124322  3335105  4232305  5330028  1612948  3506651  5751117  4762630  7369466 
"2048"   2098276  3346546  1779262  2662880  6261772  6690992  7059413  6543188  6171791  5868220 
"4096"   1817243  3100608  3945943  4723889  4964124  4180214  4157956  4922872  2858639  2566532  1958086 
"8192"   105141  2114080  103735  2127827  2986555  2530767  2897647  3241850  3309929  1475755  1768585  1619305 
"16384"   104405  1824113  205601  2540949  141746  209382  155608  2835101  2705405  157860  133885  135596  151810 
"32768"   0  0  0  0  324342  246832  2848133  2839013  2083014  2487681  1585977  1269388  1465080 
"65536"   0  0  0  0  2412335  2733177  2852383  2268235  2736470  2532694  1515950  1531679  1264930 
"131072"   0  0  0  0  2535823  2719627  2608608  2207156  2870805  2273345  1260960  1283735  1056658 
"262144"   0  0  0  0  2317538  2531792  2142033  2813973  2167482  1639978  1523055  1490726  1356403 
"524288"   0  0  0  0  214843  313781  389075  485414  517193  504725  431715  398848  396360 

"Random write report"
        "4"  "8"  "16"  "32"  "64"  "128"  "256"  "512"  "1024"  "2048"  "4096"  "8192"  "16384"
"64"   1049372  852702  1562436  1562436  2467108 
"128"   1291158  1492113  1038825  1642783  3199360  2004703 
"256"   1058076  1766587  1729594  2061693  2242541  2081678  2305128 
"512"   890404  1383861  1674052  1723770  3487274  2007358  3201349  2132967 
"1024"   1127937  1762539  1670669  3130886  2111788  2120127  3835457  2553783  4110780 
"2048"   1127760  1292923  1528510  1976603  2438378  3043048  3892474  3764533  2942962  3917325 
"4096"   1380485  1944786  2439350  2083467  1985468  2998857  46935  2452583  2151031  54062  36937 
"8192"   78678  105132  1586702  89390  90845  72903  1663361  91000  1964895  72707  71860  71761 
"16384"   143986  135675  136626  155345  142943  140921  156118  140828  136535  133975  149374  132641  135190 
"32768"   0  0  0  0  146221  139837  1681193  1763919  1655795  1745105  1046501  1118519  1063959 
"65536"   0  0  0  0  1601443  1768479  1720332  1318392  1720429  1648247  1185652  1162875  1089925 
"131072"   0  0  0  0  90510  95270  94973  92690  93917  92458  89544  96063  85948 
"262144"   0  0  0  0  14143  14050  14537  14420  14346  14620  74783  79599  80931 
"524288"   0  0  0  0  59038  64900  44404  13602  13519  13364  14450  14444  13523 

"Backward read report"
        "4"  "8"  "16"  "32"  "64"  "128"  "256"  "512"  "1024"  "2048"  "4096"  "8192"  "16384"
"64"   1204796  1421755  1780008  586352  1452528 
"128"   1487977  2166499  1543594  1508887  2098744  992724 
"256"   1319408  1755037  952062  2486631  907792  3275543  2463808 
"512"   1251589  2347475  2237414  3877684  2736325  3504346  4973263  4068701 
"1024"   1559081  2142335  2985091  2419964  2827858  2069060  1577984  2892612  3210456 
"2048"   1202599  1901351  2373037  3127245  2676988  2805512  2659582  2642401  2875960  2510351 
"4096"   1162309  1764788  2043809  2233528  2569603  3129412  2824797  1802751  2917377  1729783  1627373 
"8192"   1325975  1825334  1694701  2503659  2597342  2698096  2733296  2622319  2856454  2396610  1710562  1388227 
"16384"   1350597  286548  1830820  2488861  141466  2657591  2226395  208633  2536260  288135  333645  122833  1406951 
"32768"   0  0  0  0  337904  2729085  2644287  1522737  2273491  1937211  1603369  1515433  1504913 
"65536"   0  0  0  0  2358175  2654675  2253581  2129585  2876892  2493273  1686721  1543479  1541583 
"131072"   0  0  0  0  2657368  2744390  2598006  2706372  2665743  2415046  1593523  1268920  941013 
"262144"   0  0  0  0  2535441  2665910  2686809  1838627  1752182  1835410  1609301  1227105  1535978 
"524288"   0  0  0  0  224270  294121  353792  263011  465358  293217  398210  501170  463503 

"Record rewrite report"
        "4"  "8"  "16"  "32"  "64"  "128"  "256"  "512"  "1024"  "2048"  "4096"  "8192"  "16384"
"64"   1452528  2006158  2133730  2203800  2067979 
"128"   1543594  2248149  2367096  2420455  2286447  3359523 
"256"   1325925  1842366  2533571  3159869  1763685  3087188  2152625 
"512"   1629590  2438090  2811557  3366987  3684733  2584820  2860238  2187279 
"1024"   1594978  2461573  2744728  3579719  4048778  3170172  4249053  3738636  2286009 
"2048"   706246  2314219  3016334  2937929  4180412  4423683  3690142  2951050  4086930  2326756 
"4096"   1598156  2539220  2917377  3679713  4167033  4496399  4628439  4639689  2203449  3217923  1701683 
"8192"   125091  2474985  2906963  3521978  3862030  4306915  4318825  4599816  4713395  3636025  1477088  71762 
"16384"   1411199  142564  157785  3455704  3612098  256637  4262252  4194609  184313  142900  132015  146169  131736 
"32768"   0  0  0  0  3268246  4410776  4302522  4374277  4073012  1767707  1399029  1200646  1138882 
"65536"   0  0  0  0  4151807  4447013  4438324  3796299  4177996  4623308  1559229  1447542  1105366 
"131072"   0  0  0  0  4053086  4260424  4656035  4171490  4551908  3287899  1405026  1134872  972460 
"262144"   0  0  0  0  4116312  4186800  4480326  4035352  3593729  3413245  1301983  1260282  1272586 
"524288"   0  0  0  0  4067024  4383862  4600305  4326488  4541374  4085848  1238617  1394312  1362813 

"Stride read report"
        "4"  "8"  "16"  "32"  "64"  "128"  "256"  "512"  "1024"  "2048"  "4096"  "8192"  "16384"
"64"   1879725  2133730  3363612  780776  1879725 
"128"   1539168  2905056  1017175  3297617  2621367  2202044 
"256"   1148625  2030503  3454704  3994490  3994490  3879045  2266207 
"512"   1776533  2609952  2381315  4532414  6018636  4296637  6414119  876951 
"1024"   1441842  1718120  3556008  4972145  4249053  4130547  6519323  5065980  3863055 
"2048"   1180454  2673655  4086930  1867050  5974336  6583305  6962145  4196751  3199462  2512554 
"4096"   1644351  2200909  107701  2552044  2714551  4526013  6625976  6140479  5332372  1725959  1979748 
"8192"   124117  1780499  1756829  2482316  2295422  2470358  2974661  6936028  6244039  3886054  1835083  1588830 
"16384"   343695  287826  2045234  2439213  292968  2558450  389621  2569259  5261503  3363522  1568586  161961  125701 
"32768"   0  0  0  0  449326  669308  2886232  1132584  2290962  6504198  1652768  1426813  1511367 
"65536"   0  0  0  0  2468664  2742203  2551833  2101403  2756281  2042960  1719923  1463480  1451065 
"131072"   0  0  0  0  2520326  2598878  2718430  2671936  2291433  2341281  1592130  1261458  968543 
"262144"   0  0  0  0  2513245  2660060  2482657  2366822  2070550  1992230  1623073  1383622  1501226 
"524288"   0  0  0  0  327368  369587  309071  429053  520163  573530  496533  438673  1479059 

"Fwrite report"
        "4"  "8"  "16"  "32"  "64"  "128"  "256"  "512"  "1024"  "2048"  "4096"  "8192"  "16384"
"64"   929467  1363961  1562436  1304314  2052169 
"128"   992724  1471662  1377278  1749872  723735  1710838 
"256"   1112909  1361224  1487577  1649865  2330140  1420658  2152625 
"512"   1158418  1373241  1580419  1524329  2107844  2294796  1947291  2143612 
"1024"   1180972  1352828  1390944  1126458  2275110  1015885  2516377  1499217  2443368 
"2048"   1082427  1454489  1124660  1440344  2438378  2589040  2964289  2384234  1727034  2860636 
"4096"   949436  1317898  1504787  1686316  1999099  2305154  1588257  1864376  2433820  1257971  1715275 
"8192"   146623  1418545  1424958  1729766  89463  285138  1986363  1670153  2085592  1744077  1159360  1347186 
"16384"   83749  134004  1474293  174544  231096  1408047  233137  271078  442330  181991  149016  142489  90617 
"32768"   0  0  0  0  256482  258581  1810269  615408  1136988  1033237  1081304  1234243  1105607 
"65536"   0  0  0  0  1572206  1429386  1385921  1148507  1178343  817799  1024208  990330  1112096 
"131072"   0  0  0  0  90518  95235  93355  94776  96033  97171  102881  108086  91520 
"262144"   0  0  0  0  14118  14057  14438  14432  14630  14599  75430  75954  88131 
"524288"   0  0  0  0  66449  63138  41557  12089  11965  12081  12328  12007  11973 

"Re-Fwrite report"
        "4"  "8"  "16"  "32"  "64"  "128"  "256"  "512"  "1024"  "2048"  "4096"  "8192"  "16384"
"64"   799377  855419  1232453  1143223  1210227 
"128"   940549  702889  1421023  1377278  2286447  1346196 
"256"   823544  1178892  1361224  1067543  1325925  3285566  1610276 
"512"   1174254  860781  1509330  1875849  1418599  3029721  3684733  2304647 
"1024"   1135391  1347734  1597351  1738286  1617199  1865101  2311849  2900425  1304348 
"2048"   1050267  1405695  1559876  1693997  1813827  1997749  2167092  1528239  2389540  1534244 
"4096"   1171663  1249917  1565819  1748087  1707264  1934930  1452498  1977014  1151866  1716818  1648928 
"8192"   122013  1407504  1470765  1557078  1753065  1841377  153696  1600300  1288676  1357834  1802071  188795 
"16384"   261319  433589  270707  467782  1480423  1790791  151397  1339879  251377  143772  77720  224894  94032 
"32768"   0  0  0  0  255674  214111  1691872  978353  1432598  941312  1055154  1133724  1454414 
"65536"   0  0  0  0  1579560  1479868  1558893  1457003  1429171  991720  955572  960756  1144672 
"131072"   0  0  0  0  90508  94939  92788  93978  96065  97487  100462  106580  77291 
"262144"   0  0  0  0  13781  13794  14302  14335  14429  14503  70719  82954  87347 
"524288"   0  0  0  0  65974  64145  43076  11196  11296  11325  11377  11486  11545 

"Fread report"
        "4"  "8"  "16"  "32"  "64"  "128"  "256"  "512"  "1024"  "2048"  "4096"  "8192"  "16384"
"64"   1421755  1204796  1526887  1734015  1553394 
"128"   1152564  1802755  2066432  2326073  1391557  1057236 
"256"   1673001  2152625  2266207  2665657  2557711  2441400  2639446 
"512"   1740536  2216629  3710197  4262523  2486072  3504346  4571003  2736325 
"1024"   1741104  2553783  2723840  3529706  2300703  3085895  2952261  3668386  2646630 
"2048"   1785550  2188069  2392868  2832339  2821176  3002627  3513544  3215029  2209455  2618239 
"4096"   1742237  1691130  2422154  2708986  2553562  2680666  2882622  2828983  2531736  1601135  2047951 
"8192"   1738518  290827  1535506  2480882  2721605  2791249  2572837  2566495  1484555  1177194  1739310  1534341 
"16384"   193930  156642  376799  1956270  2331306  2516385  2463080  2576580  1908195  1852586  1630749  1119669  231282 
"32768"   0  0  0  0  341091  2427100  2824138  2190792  2807408  2720711  1711125  1514432  1440225 
"65536"   0  0  0  0  2806543  2570446  2880570  2589332  2783917  2328195  1553545  1547406  1473743 
"131072"   0  0  0  0  2739740  2724141  2823549  2619870  2864075  2481163  1664470  1292825  1471856 
"262144"   0  0  0  0  2139249  1964554  2631834  2341240  2081088  2575542  1662199  1499232  1523967 
"524288"   0  0  0  0  230370  213049  267493  324703  323884  261506  240751  309756  315663 

"Re-Fread report"
        "4"  "8"  "16"  "32"  "64"  "128"  "256"  "512"  "1024"  "2048"  "4096"  "8192"  "16384"
"64"   1452528  1183548  2561267  1599680  1330167 
"128"   1306873  3199360  1162547  2843510  1598754  3560017 
"256"   1704877  2754556  3236056  4264168  3557725  3009318  1732384 
"512"   2532990  4091959  4742616  3201349  5177083  6736026  2196227  1695195 
"1024"   2004366  3778101  4805258  5042191  2852271  6733974  4215688  6918376  5593820 
"2048"   2840769  4023754  4490751  5492967  4775354  6007763  2609490  5655716  5197183  3901313 
"4096"   1689135  2087771  108273  3806915  3483484  3235498  2657856  3574071  2347359  2240811  1767875 
"8192"   81475  2281855  2154106  2542565  2848403  2946600  2877505  2882575  2013249  2739834  1814442  1320471 
"16384"   201067  202854  243787  137890  205862  1984288  160021  519387  180458  203692  136508  150621  150973 
"32768"   0  0  0  0  267589  2457083  2566227  1730276  2846422  2585003  1736243  1437077  1377615 
"65536"   0  0  0  0  2486102  2619336  2698749  2884379  2415451  2710324  1726546  1432007  1560460 
"131072"   0  0  0  0  2581585  2683924  2811981  2482709  2391221  2369679  1644710  1204129  1452659 
"262144"   0  0  0  0  2099403  1981017  2629223  2320678  1700367  2621568  1695615  1544158  1512868 
"524288"   0  0  0  0  224608  189775  285310  324150  321732  334449  223684  310410  274053 
