	Iozone: Performance Test of File I/O
	        Version $Revision: 3.414 $
		Compiled for 64 bit mode.
		Build: linux-AMD64 

	Contributors:William Norcott, Don Capps, Isom Crawford, Kirby Collins
	             Al Slater, Scott Rhine, Mike Wisner, Ken Goss
	             Steve Landherr, Brad Smith, Mark Kelly, Dr. Alain CYR,
	             Randy Dunlap, Mark Montague, Dan Million, Gavin Brebner,
	             Jean-Marc Zucconi, Jeff Blomberg, Benny Halevy, Dave Boone,
	             Erik Habbinga, Kris Strecker, Walter Wong, Joshua Root,
	             Fabrice Bacchella, Zhenghua Xue, Qin Li, Darren Sawyer,
	             Vangel Bojaxhi, Ben England.

	Run began: Mon Feb 18 18:03:11 2013

	Auto Mode
	Excel chart generation enabled
	Command line used: ./benchmarks/iozone3_414/src/current/iozone -a -R
	Output is in Kbytes/sec
	Time Resolution = 0.000001 seconds.
	Processor cache size set to 1024 Kbytes.
	Processor cache line size set to 32 bytes.
	File stride size set to 17 * record size.
                                                            random  random    bkwd   record   stride                                   
              KB  reclen   write rewrite    read    reread    read   write    read  rewrite     read   fwrite frewrite   fread  freread
              64       4  279676  829001  2298136  2772930 2067979 1087638 1638743  1526887  1828508  1163036  1163036 2358717  2689580
              64       8  710511 1255511  3588436  4018152 3203069 1304314 1363961  2006158  2772930  1279447  1392258 2298136  3363612
              64      16  842003 1421755  3022727  4274062 4274062 1638743 2772930  2379626  2662899  1392258  1780008 2444640  4274062
              64      32  760859 1210227  3541098  4897948 5283570 1841049 3022727  2278628  1562436   789967  3406295 1087638  1638743
              64      64  913649 1210227  5735102  5860307 5860307 3203069 1648808  1828508  2379626  1780008  1780008 2467108  4897948
             128       4  403721 1165070  2098744  2843510 2098744 1123617 1526043  1561553  1471662  1278855  1093856 2511022  2843510
             128       8  660515 1603529  2276751  4267461 3277486 1778862 2511022  2166499  3106789  1363288  1406136 2377579  3759450
             128      16  914904 1254941  2621367  2673584 4135958 1406136 2098744  2608629  3277486  1637771  2326073 2166499  3759450
             128      32  889145 1802755  4717434  5545860 5325799 1939522 2248149  1622919  4717434  2132084  2905056 3867787  5122535
             128      64 1123617 2511022  1622919  5847904 6114306 3468030 2098744  2608629  5122535  1266785  3867787  479432  3657016
             128     128  836500 2727923  6406138  6812590 6406138 3657016 4135958  1997245  2843510  2673584  2027414 5325799  6406138
             256       4  484801  868157  1579483  1673001 2065659 1076103 1230218  1619994  1814348  1514860   944525 1579483  2187712
             256       8  809878 1178892  2228578  2131261 3197509 1884399 1231629  2152625  2325094  1117543  1137672 1579483  1600674
             256      16  555248 1274008  2419396  3368013 4070199 2242541 1732384  2812272  4132864  1778290  1312954 3499745  4734192
             256      32 1024752 1842366  2582316  4197489 5242734 1280084 2665657  3285566  4332998  1552085  1790149 3879045  3994490
             256      64 1099237 1729594  5142301  3410808 6073004 2000242 2563818  3667079  1967260   996229  1340826 3823789  4404088
             256     128 1019886 2034350  5217259  6936061 6761355 2266207 2975955  3159869  5687020  1405778  1312954 1306564  3245838
             256     256 1112909 1413179  7120034  7120034 6936061 2187712 4907284  2305128  5841722  2305128  1260547 1561112  2350543
             512       4  636894 1510391  1938502  2975154 1723770 1101383 1132755  1479181  1834193  1193838   917412 1620980  1931527
             512       8  738777 1910902  3481620  3580298 3304808 1910902 2739816  2460437   975328  1145443  1821745 3008498  2317080
             512      16  926116 2196227  2572435  4871723 4262523 1902438 3201349  2942541  2560168  1614885   917804 2860238  4131319
             512      32 1001715 1624659  2681653  3877684 5127637 1968713 3068685  3388236  4411377  1778004  1600443 2368185  2548017
             512      64  981121 1091308  2347475  2471765 5822804 2483197 1684557  3409755  4742616  1560891  1373241 1565443  5384786
             512     128 1182661 2063289  5067142  6395018 6736026 2307123 2975154  3710197  6035551  2089386  2427068 3264616  3325278
             512     256  872320 2016784  5439343  6843354 7022379 2360376 2597325  3182373  5331314  1604029  2532990 5384786  2815243
             512     512 1227971 1723770  3842988  4522868 5886650 2152206 3742527  1992458  3259661  3736016  2256220 4784885  7115451
            1024       4  696578 1232130  1689730  2723840 2115949 1361836 1363565  1444266  1385560   615341  1108148 1653942  2375790
            1024       8  710052 1499217  2485792  2179295 3029305 1480101 1732676  2270300  2008114   934337  1292572 2387677  2437821
            1024      16 1022902 1653942  2231377  4854136 4249053 2151996 1548960  2295784  3684119  1540074  1514549 2503178  4920874
            1024      32  840041 1281771  2767722  4512441 4634161 2625597 2546213  3643490  4488860  2723840  1582636 3379719  5751117
            1024      64 1104727 1681132  3541348  3748425 6208343 1984913 2679655  4079544  5564829  1756054  1609925 3751699  2688041
            1024     128 1141730 1796451  4321737  6519323 6787181 3189002 4392454  4415030  6479979  2455943  2173780 1947119  2701567
            1024     256 1283303 2659742  3436508  4211554 6599461 2619192 3908759  3880507  6199382  2004366  1698417 3229770  6692005
            1024     512  880512 1635675  4339202  7160597 7269678 2701567 2758833  2468647  4282950  1756772  1651398 3158515  2415881
            1024    1024 1051449 1946237  7113161  6963241 7113161 1906496 1189146  2791104  3951918  3821805  2077065 3121783  3241960
            2048       4  531134 1201254  1531781  1725300 2013672  993652 1016343  1692329  1721151  1313685  1177702 1776319  1908532
            2048       8  919220 1054651  2321725  4086930 3357009 1894641 1906837  2164908  1889639  1574457  1418228 2281034  4178378
            2048      16  920895 1788896  2473485  4453499 4267642 2142232 2164908  3021639  4016229  2093673  1480817 2476337  4276140
            2048      32 1287111 1855355  2734075  2913021 5319484 1988500 2585923  3638560  2921939  2278614  1095123 3108009  1774851
            2048      64  984203 1345582  2109613  2275596 3991965 2204352 1770096  4120256  4531020  2518447  1718397 1635926  1470172
            2048     128  716556 1514764  2763987  3379461 5197183 3436240 2734075  4444282  5293261  2319218  1858164 2559723  4265523
            2048     256 1266614 1880950  3118163  5765808 5836323 2579710 3102397  4120256  6917293  1311279  1876840 2066474  1861789
            2048     512 1197569 2117935  3038742  5868220 6967792 3006831 2947000  4063729  3261415  2124745  2255282 3043048  2441150
            2048    1024 1089981 1986201  3991965  4945823 6041567 2916978 2888532  3174630  1331606  1519319  1803166 1735408  2503036
            2048    2048 1216049 1121576  4441984  5489457 3374151 1820362 2596083  1897990  2615051  1969352  2338157 1685356  1932143
            4096       4   75227  953017  1524415  1110326  959886  778115 1211829  1476592    36954   887536  1127450 1667818  1702358
            4096       8  823626 1408554  2022873  2136851 2418063 1457180 1559706  2454335  1767875  1709472  1461767 1950306  1838440
            4096      16 1010354 1322158  1920438  2795836 3146031 1974060 2307631  2758132  2523554  1923018  1042733 2144586  2730514
            4096      32 1116387 1741354  2685695  2316655 3298235   41673 1763158  3559262  3065750  1355862  1633718 2060231  2076165
            4096      64 1258708 1478626  2538094  2650884 4183268 2537719 2762123  4234826  2594046  2321978  1912102 2716268  2687795
            4096     128 1066952 1762434  2842558  2758575 3054304 1872096 2457143  3919833  2686114  2329851  1321243 2733991  3930595
            4096     256 1129971 1949421  2816923  3679713 2908979 2416362 2844440  4307020  6737716  2003996  1904260 2754594  2070660
            4096     512   93942 1582697  2974454  3297602 4922872 2633815 2864359  4235870  6114255  2017883   794121 2756362  2512850
            4096    1024  821657 2095155  2352824  2547125 2228603   47360 2856738  4223375  5980170  1102842  1282385 2938334  2568066
            4096    2048   78949 1925604  2700046  3105091 3453374 2566532 2379876  2921346  2336505  1362097  2536221 2280673   155729
            4096    4096  937519 1254205  2192762  1673178 1270436  933444 1847535  1591788  1477100  1402231  1622149 1685655  1507560
            8192       4   75332 1175825  1501749  1486739 1171136   46570 1375665  1538394  1176147   119182   975469 1724643  1749672
            8192       8  723167 1392502  2047561   127847 1748515   80312 1724297    66116   154597  1348244  1385428 1834691  2274906
            8192      16  979668 1656305  2307601  2400964 2376552   72428 2073385  2669172  2156811  1517602  1354248 2196801   108168
            8192      32  120298 1547122   298902  2616328  130085 1865166 2607394  3708630   159213  1528675  1690449  208638  2394606
            8192      64 1132273 1908258  2698096  2650231 2455704   81282 2615731  4175036  2103210   153909  1670802 2294656  2364938
            8192     128 1154956 1861831  2914360  2949889 2349897 1830195  209118  3547798  2623119   154671  1380252 2551249  2825913
            8192     256 1062788 1791453  2076016   107703 2070761 1442970 2051596  3797996  2457109  1034096  1114859  791647  1284437
            8192     512  511231  498720   125459  2048538  203371 1561607 1708096  3457825  2837582  1088787  1124638 2736125  2827774
            8192    1024   58197 1366909  2469648   127301 2103210 1691864  150593   127938  3198692   191447  1694701 2081297  2115642
            8192    2048   83285  278099  2489330  2524631 2439489   80119 2206393  2266203  2001871  1299250  1263978 1601195   106931
            8192    4096  100421 1233707  1678967  1609747   72453 1412190 1773149  1429879  1275237  1017770   126435 1508342  1744520
            8192    8192   69471  123462    50664    78294 1070303 1123572  273953    76717  1360361    89740  1251820  153293   105883
           16384       4   61036   83971  1646653  1680930   74232  129439  136175  1628315   192791    89273   121154  150600   197519
           16384       8   86628 1408278  2063969   127706  139654  150796  139087   142271   288267   339009   148464  156134  1903122
           16384      16  162756  231736  2023970  1792192  176035  134911  377093  2936252  2007357   153018  1357185 2077887  1893421
           16384      32  119820  347892   141569   208352 2477198  154516  141703  3625629  2482836  1677647  1563234  299628   297539
           16384      64  261195 1805613  2480954  2737085  160040 1860762 2665321  4166886  2494100  1800220  1763403 2511694  2049259
           16384     128  145745 1609588  2855363  2347553  181345  139896 1896295  4002111   298374   174661   359605 2683221  2545655
           16384     256  265109 1953989   160361   240902  157663 1655300 2874954  4498582  2201291   202194   201055 2682802   143673
           16384     512  133060  176079  2657077   392703 2889096  140690 2770856  4083686  2836037   287412   483674  207599  2787830
           16384    1024 1174555 1639738  1925465  2377934 2364923 1544507 2534295  4210802  6277009  1616251  1594204 2891040  2792588
           16384    2048 1097969 1609438  2072872  2892622 2506655 1817840 2473097  3309261  5362924  1079683  1098495 2728825  1990783
           16384    4096  907393 1347921  1178018  1346152 1419506 1347128 1618650  1581328  1902858  1113645  1301855 1757360  1785904
           16384    8192  819857 1154526  1607668  1431661 1589153 1325867 1570989  1204088  1544924  1114403  1608345 1368292  1356864
           16384   16384  911643 1277603  1566655  1437802 1059769 1280913 1486346  1352484  1372308  1319072  1172631 1487151  1458429
           32768      64 1097835 1809983  2553402  2511364 2449726 1759741 2505184  3999526  2468779  1240929  1720464 2665570  2677148
           32768     128 1080666 1758030  1856008  2137636 1804897 1688629 2200227  4120267  1952207  1451449  1398189 2343263  1973738
           32768     256 1012510 1795887  1952818  1760868 1976236 1131922 2295630  3744950  2520252  1450423  1477491 2591388  2422608
           32768     512  920939 1528223  2272702  2439334 2505961 1900249 2532885  4636190  2490927  1721175  1418346 2083803  2608701
           32768    1024 1014865 1472000  2552833  1958634 2223074 1640595 2219735  3475612  2449027  1093468  1157343 1868930  1724003
           32768    2048  826472 1113237  2135975  2082635 1887228 1142698 1966847  2601295  3534061   807733   503603 1597592  2164910
           32768    4096  785860 1205332  1679037  1660576 1643813 1278706 1702941  1601184  1804209  1133294   831653 1745127  1702603
           32768    8192  881093 1281054  1403529  1513114 1356178 1213451 1327658  1353267  1524105  1116411   892786 1247213   980398
           32768   16384  796947 1189753  1486761  1364648 1495986 1235408 1389833  1152993  1495156  1110592  1507273 1502347  1461280
           65536      64 1002370 1480570  2554821  2794246 2621959 1628261 2365420  4089604  2413055  1473214  1455938 2620810  2614428
           65536     128 1007222 1546501  2701746  2751067 2280145 1819686 2582497  4310200  2767102  1429133  1038651 2173243  2303707
           65536     256  926566 1380367  2674304  2585241 2285795 1718891 2666134  4459711  2626594  1427056  1404639 2540348  2384523
           65536     512  974468 1588634  1962855  2385993 2578838 1508165 2404990  4769386  2634297  1408014  1548286 2628579  2531808
           65536    1024 1015194 1736921  2816954  2647899 2911539 1773831 2510671  4622686  2918681  1251044  1306616 2571841  2473618
           65536    2048  943181 1344601  2341323  2583298 2566702 1571262 2320196  4186522  2329596   988955   945970 2371071  2224114
           65536    4096  853854 1261736  1604509  1736888 1653651 1257816 1699674  1539407  1552212   943301   979423 1651694  1568482
           65536    8192  799980 1133055  1485675  1424852 1528468 1165849 1451486  1310010  1375305   995113   957609  872523  1163347
           65536   16384  676801  916651  1404783  1465508 1285823 1156694 1362665  1277255  1430293  1109892  1121365 1492402  1529037
          131072      64   82731   83380  2530104  2633916 2568438   87140 2519841  4169497  2445687    88091    88988 2655160  2629582
          131072     128   89246   92566  2753448  2663367 2735854   93703 2673301  4281460  2623433    93351    94819 2517660  2722549
          131072     256   89288   93333  2593483  2580361 2531957   94066 2053420  4093801  2139462    91474    91966 2715556  2509855
          131072     512   91409   92273  2653072  2530535 2675044   94517 2641141  4449633  2626856    94955    93340 2608608  2769134
          131072    1024   92800   92310  2409003  2884891 2592053   92623 2068035  4574634  1143964    92281    95229 2424290  2790301
          131072    2048   87883   91314  1864597  1959572 2374316   92856 2343247  3717610  2268898    86658    92066 2354315  2406672
          131072    4096   90352   92056  1548360  1658719 1634029   92378 1370730  1382922  1360442    98840    98857 1189433  1109058
          131072    8192   90999   92060  1251772  1319201 1334200   92427 1255348  1195706  1265307   105735   104861 1120053  1160986
          131072   16384   91585   38215  1144662  1042005 1072523   41089 1251881  1049080  1193463    65293    55211 1301582  1226611
          262144      64   14416   14217  2191214  2265526 2165711   14498 2083486  3443551  1946779    14082    14223 1875215  1958797
          262144     128   14507   14136  2088627  2096345 1957130   14524 2155293  3995422  2360638    14486    14228 2253569  2283163
          262144     256   14452   14122  2490892  2565411 2348285   14465 2079718  3540053  2263959    14066    14221 2282589  2264975
          262144     512   14451   14109  2354743  2345280 2133280   14436 2179737  3743747  2124168    14520    13744 2453430  2401992
          262144    1024   14397   14164  2110626  2280426 2223594   14426 2738688  4479395  2607697    14431    14321 2648290  2682384
          262144    2048   14426   14213  2159925  2335129 2258791   14494 2142362  3859658  2312819    14536    14384 1951201  1982874
          262144    4096   14487   14189  1649316  1640472 1613422   14517 1403482  1212703  1247289    14440    14552 1377478  1481356
          262144    8192   14559   14202  1500366  1486170 1491777   14528  995485  1339021  1526783    14854    14802 1328752  1410006
          262144   16384   14398   14225  1503118  1505759 1514468   14669 1144922  1050538  1160530    15927    15320 1317909  1189287
          524288      64   11289   11151   112584   104040  120510   14905  182915  4011660   225125    13302    11006  193295   192252
          524288     128   12436   11220    91263   103059  242570   14572  255589  4470706   322230    12579    11006  239503   240970
          524288     256   12036   11227   112926   109960  362788   13571  309998  4095802   343136    12164    11011  251704   238160
          524288     512   12182   11151   113215   112821  337361   13526  307279  4182156   360277    12139    11016  246242   255607
          524288    1024   11986   11187    76200    80357  289895   15392  360178  4199070   380757    12097    11023  288959   292322
          524288    2048   11920   11139   101277    95998  397660   13871  335670  3896719   448374    12004    11294  223009   201740
          524288    4096   12294   11217   106947   112430  340958   13808  282119  1541411   466648    12174    11337  198884   263794
          524288    8192   12220   11173   109150   115445  465905   13390  343719  1377794   348415    12354    11445  258364   267653
          524288   16384   11980   11259    90691   115543  389810   14038  330082  1285391   473098    12383    11591  119194   189878

iozone test complete.
Excel output is below:

"Writer report"
        "4"  "8"  "16"  "32"  "64"  "128"  "256"  "512"  "1024"  "2048"  "4096"  "8192"  "16384"
"64"   279676  710511  842003  760859  913649 
"128"   403721  660515  914904  889145  1123617  836500 
"256"   484801  809878  555248  1024752  1099237  1019886  1112909 
"512"   636894  738777  926116  1001715  981121  1182661  872320  1227971 
"1024"   696578  710052  1022902  840041  1104727  1141730  1283303  880512  1051449 
"2048"   531134  919220  920895  1287111  984203  716556  1266614  1197569  1089981  1216049 
"4096"   75227  823626  1010354  1116387  1258708  1066952  1129971  93942  821657  78949  937519 
"8192"   75332  723167  979668  120298  1132273  1154956  1062788  511231  58197  83285  100421  69471 
"16384"   61036  86628  162756  119820  261195  145745  265109  133060  1174555  1097969  907393  819857  911643 
"32768"   0  0  0  0  1097835  1080666  1012510  920939  1014865  826472  785860  881093  796947 
"65536"   0  0  0  0  1002370  1007222  926566  974468  1015194  943181  853854  799980  676801 
"131072"   0  0  0  0  82731  89246  89288  91409  92800  87883  90352  90999  91585 
"262144"   0  0  0  0  14416  14507  14452  14451  14397  14426  14487  14559  14398 
"524288"   0  0  0  0  11289  12436  12036  12182  11986  11920  12294  12220  11980 

"Re-writer report"
        "4"  "8"  "16"  "32"  "64"  "128"  "256"  "512"  "1024"  "2048"  "4096"  "8192"  "16384"
"64"   829001  1255511  1421755  1210227  1210227 
"128"   1165070  1603529  1254941  1802755  2511022  2727923 
"256"   868157  1178892  1274008  1842366  1729594  2034350  1413179 
"512"   1510391  1910902  2196227  1624659  1091308  2063289  2016784  1723770 
"1024"   1232130  1499217  1653942  1281771  1681132  1796451  2659742  1635675  1946237 
"2048"   1201254  1054651  1788896  1855355  1345582  1514764  1880950  2117935  1986201  1121576 
"4096"   953017  1408554  1322158  1741354  1478626  1762434  1949421  1582697  2095155  1925604  1254205 
"8192"   1175825  1392502  1656305  1547122  1908258  1861831  1791453  498720  1366909  278099  1233707  123462 
"16384"   83971  1408278  231736  347892  1805613  1609588  1953989  176079  1639738  1609438  1347921  1154526  1277603 
"32768"   0  0  0  0  1809983  1758030  1795887  1528223  1472000  1113237  1205332  1281054  1189753 
"65536"   0  0  0  0  1480570  1546501  1380367  1588634  1736921  1344601  1261736  1133055  916651 
"131072"   0  0  0  0  83380  92566  93333  92273  92310  91314  92056  92060  38215 
"262144"   0  0  0  0  14217  14136  14122  14109  14164  14213  14189  14202  14225 
"524288"   0  0  0  0  11151  11220  11227  11151  11187  11139  11217  11173  11259 

"Reader report"
        "4"  "8"  "16"  "32"  "64"  "128"  "256"  "512"  "1024"  "2048"  "4096"  "8192"  "16384"
"64"   2298136  3588436  3022727  3541098  5735102 
"128"   2098744  2276751  2621367  4717434  1622919  6406138 
"256"   1579483  2228578  2419396  2582316  5142301  5217259  7120034 
"512"   1938502  3481620  2572435  2681653  2347475  5067142  5439343  3842988 
"1024"   1689730  2485792  2231377  2767722  3541348  4321737  3436508  4339202  7113161 
"2048"   1531781  2321725  2473485  2734075  2109613  2763987  3118163  3038742  3991965  4441984 
"4096"   1524415  2022873  1920438  2685695  2538094  2842558  2816923  2974454  2352824  2700046  2192762 
"8192"   1501749  2047561  2307601  298902  2698096  2914360  2076016  125459  2469648  2489330  1678967  50664 
"16384"   1646653  2063969  2023970  141569  2480954  2855363  160361  2657077  1925465  2072872  1178018  1607668  1566655 
"32768"   0  0  0  0  2553402  1856008  1952818  2272702  2552833  2135975  1679037  1403529  1486761 
"65536"   0  0  0  0  2554821  2701746  2674304  1962855  2816954  2341323  1604509  1485675  1404783 
"131072"   0  0  0  0  2530104  2753448  2593483  2653072  2409003  1864597  1548360  1251772  1144662 
"262144"   0  0  0  0  2191214  2088627  2490892  2354743  2110626  2159925  1649316  1500366  1503118 
"524288"   0  0  0  0  112584  91263  112926  113215  76200  101277  106947  109150  90691 

"Re-Reader report"
        "4"  "8"  "16"  "32"  "64"  "128"  "256"  "512"  "1024"  "2048"  "4096"  "8192"  "16384"
"64"   2772930  4018152  4274062  4897948  5860307 
"128"   2843510  4267461  2673584  5545860  5847904  6812590 
"256"   1673001  2131261  3368013  4197489  3410808  6936061  7120034 
"512"   2975154  3580298  4871723  3877684  2471765  6395018  6843354  4522868 
"1024"   2723840  2179295  4854136  4512441  3748425  6519323  4211554  7160597  6963241 
"2048"   1725300  4086930  4453499  2913021  2275596  3379461  5765808  5868220  4945823  5489457 
"4096"   1110326  2136851  2795836  2316655  2650884  2758575  3679713  3297602  2547125  3105091  1673178 
"8192"   1486739  127847  2400964  2616328  2650231  2949889  107703  2048538  127301  2524631  1609747  78294 
"16384"   1680930  127706  1792192  208352  2737085  2347553  240902  392703  2377934  2892622  1346152  1431661  1437802 
"32768"   0  0  0  0  2511364  2137636  1760868  2439334  1958634  2082635  1660576  1513114  1364648 
"65536"   0  0  0  0  2794246  2751067  2585241  2385993  2647899  2583298  1736888  1424852  1465508 
"131072"   0  0  0  0  2633916  2663367  2580361  2530535  2884891  1959572  1658719  1319201  1042005 
"262144"   0  0  0  0  2265526  2096345  2565411  2345280  2280426  2335129  1640472  1486170  1505759 
"524288"   0  0  0  0  104040  103059  109960  112821  80357  95998  112430  115445  115543 

"Random read report"
        "4"  "8"  "16"  "32"  "64"  "128"  "256"  "512"  "1024"  "2048"  "4096"  "8192"  "16384"
"64"   2067979  3203069  4274062  5283570  5860307 
"128"   2098744  3277486  4135958  5325799  6114306  6406138 
"256"   2065659  3197509  4070199  5242734  6073004  6761355  6936061 
"512"   1723770  3304808  4262523  5127637  5822804  6736026  7022379  5886650 
"1024"   2115949  3029305  4249053  4634161  6208343  6787181  6599461  7269678  7113161 
"2048"   2013672  3357009  4267642  5319484  3991965  5197183  5836323  6967792  6041567  3374151 
"4096"   959886  2418063  3146031  3298235  4183268  3054304  2908979  4922872  2228603  3453374  1270436 
"8192"   1171136  1748515  2376552  130085  2455704  2349897  2070761  203371  2103210  2439489  72453  1070303 
"16384"   74232  139654  176035  2477198  160040  181345  157663  2889096  2364923  2506655  1419506  1589153  1059769 
"32768"   0  0  0  0  2449726  1804897  1976236  2505961  2223074  1887228  1643813  1356178  1495986 
"65536"   0  0  0  0  2621959  2280145  2285795  2578838  2911539  2566702  1653651  1528468  1285823 
"131072"   0  0  0  0  2568438  2735854  2531957  2675044  2592053  2374316  1634029  1334200  1072523 
"262144"   0  0  0  0  2165711  1957130  2348285  2133280  2223594  2258791  1613422  1491777  1514468 
"524288"   0  0  0  0  120510  242570  362788  337361  289895  397660  340958  465905  389810 

"Random write report"
        "4"  "8"  "16"  "32"  "64"  "128"  "256"  "512"  "1024"  "2048"  "4096"  "8192"  "16384"
"64"   1087638  1304314  1638743  1841049  3203069 
"128"   1123617  1778862  1406136  1939522  3468030  3657016 
"256"   1076103  1884399  2242541  1280084  2000242  2266207  2187712 
"512"   1101383  1910902  1902438  1968713  2483197  2307123  2360376  2152206 
"1024"   1361836  1480101  2151996  2625597  1984913  3189002  2619192  2701567  1906496 
"2048"   993652  1894641  2142232  1988500  2204352  3436240  2579710  3006831  2916978  1820362 
"4096"   778115  1457180  1974060  41673  2537719  1872096  2416362  2633815  47360  2566532  933444 
"8192"   46570  80312  72428  1865166  81282  1830195  1442970  1561607  1691864  80119  1412190  1123572 
"16384"   129439  150796  134911  154516  1860762  139896  1655300  140690  1544507  1817840  1347128  1325867  1280913 
"32768"   0  0  0  0  1759741  1688629  1131922  1900249  1640595  1142698  1278706  1213451  1235408 
"65536"   0  0  0  0  1628261  1819686  1718891  1508165  1773831  1571262  1257816  1165849  1156694 
"131072"   0  0  0  0  87140  93703  94066  94517  92623  92856  92378  92427  41089 
"262144"   0  0  0  0  14498  14524  14465  14436  14426  14494  14517  14528  14669 
"524288"   0  0  0  0  14905  14572  13571  13526  15392  13871  13808  13390  14038 

"Backward read report"
        "4"  "8"  "16"  "32"  "64"  "128"  "256"  "512"  "1024"  "2048"  "4096"  "8192"  "16384"
"64"   1638743  1363961  2772930  3022727  1648808 
"128"   1526043  2511022  2098744  2248149  2098744  4135958 
"256"   1230218  1231629  1732384  2665657  2563818  2975955  4907284 
"512"   1132755  2739816  3201349  3068685  1684557  2975154  2597325  3742527 
"1024"   1363565  1732676  1548960  2546213  2679655  4392454  3908759  2758833  1189146 
"2048"   1016343  1906837  2164908  2585923  1770096  2734075  3102397  2947000  2888532  2596083 
"4096"   1211829  1559706  2307631  1763158  2762123  2457143  2844440  2864359  2856738  2379876  1847535 
"8192"   1375665  1724297  2073385  2607394  2615731  209118  2051596  1708096  150593  2206393  1773149  273953 
"16384"   136175  139087  377093  141703  2665321  1896295  2874954  2770856  2534295  2473097  1618650  1570989  1486346 
"32768"   0  0  0  0  2505184  2200227  2295630  2532885  2219735  1966847  1702941  1327658  1389833 
"65536"   0  0  0  0  2365420  2582497  2666134  2404990  2510671  2320196  1699674  1451486  1362665 
"131072"   0  0  0  0  2519841  2673301  2053420  2641141  2068035  2343247  1370730  1255348  1251881 
"262144"   0  0  0  0  2083486  2155293  2079718  2179737  2738688  2142362  1403482  995485  1144922 
"524288"   0  0  0  0  182915  255589  309998  307279  360178  335670  282119  343719  330082 

"Record rewrite report"
        "4"  "8"  "16"  "32"  "64"  "128"  "256"  "512"  "1024"  "2048"  "4096"  "8192"  "16384"
"64"   1526887  2006158  2379626  2278628  1828508 
"128"   1561553  2166499  2608629  1622919  2608629  1997245 
"256"   1619994  2152625  2812272  3285566  3667079  3159869  2305128 
"512"   1479181  2460437  2942541  3388236  3409755  3710197  3182373  1992458 
"1024"   1444266  2270300  2295784  3643490  4079544  4415030  3880507  2468647  2791104 
"2048"   1692329  2164908  3021639  3638560  4120256  4444282  4120256  4063729  3174630  1897990 
"4096"   1476592  2454335  2758132  3559262  4234826  3919833  4307020  4235870  4223375  2921346  1591788 
"8192"   1538394  66116  2669172  3708630  4175036  3547798  3797996  3457825  127938  2266203  1429879  76717 
"16384"   1628315  142271  2936252  3625629  4166886  4002111  4498582  4083686  4210802  3309261  1581328  1204088  1352484 
"32768"   0  0  0  0  3999526  4120267  3744950  4636190  3475612  2601295  1601184  1353267  1152993 
"65536"   0  0  0  0  4089604  4310200  4459711  4769386  4622686  4186522  1539407  1310010  1277255 
"131072"   0  0  0  0  4169497  4281460  4093801  4449633  4574634  3717610  1382922  1195706  1049080 
"262144"   0  0  0  0  3443551  3995422  3540053  3743747  4479395  3859658  1212703  1339021  1050538 
"524288"   0  0  0  0  4011660  4470706  4095802  4182156  4199070  3896719  1541411  1377794  1285391 

"Stride read report"
        "4"  "8"  "16"  "32"  "64"  "128"  "256"  "512"  "1024"  "2048"  "4096"  "8192"  "16384"
"64"   1828508  2772930  2662899  1562436  2379626 
"128"   1471662  3106789  3277486  4717434  5122535  2843510 
"256"   1814348  2325094  4132864  4332998  1967260  5687020  5841722 
"512"   1834193  975328  2560168  4411377  4742616  6035551  5331314  3259661 
"1024"   1385560  2008114  3684119  4488860  5564829  6479979  6199382  4282950  3951918 
"2048"   1721151  1889639  4016229  2921939  4531020  5293261  6917293  3261415  1331606  2615051 
"4096"   36954  1767875  2523554  3065750  2594046  2686114  6737716  6114255  5980170  2336505  1477100 
"8192"   1176147  154597  2156811  159213  2103210  2623119  2457109  2837582  3198692  2001871  1275237  1360361 
"16384"   192791  288267  2007357  2482836  2494100  298374  2201291  2836037  6277009  5362924  1902858  1544924  1372308 
"32768"   0  0  0  0  2468779  1952207  2520252  2490927  2449027  3534061  1804209  1524105  1495156 
"65536"   0  0  0  0  2413055  2767102  2626594  2634297  2918681  2329596  1552212  1375305  1430293 
"131072"   0  0  0  0  2445687  2623433  2139462  2626856  1143964  2268898  1360442  1265307  1193463 
"262144"   0  0  0  0  1946779  2360638  2263959  2124168  2607697  2312819  1247289  1526783  1160530 
"524288"   0  0  0  0  225125  322230  343136  360277  380757  448374  466648  348415  473098 

"Fwrite report"
        "4"  "8"  "16"  "32"  "64"  "128"  "256"  "512"  "1024"  "2048"  "4096"  "8192"  "16384"
"64"   1163036  1279447  1392258  789967  1780008 
"128"   1278855  1363288  1637771  2132084  1266785  2673584 
"256"   1514860  1117543  1778290  1552085  996229  1405778  2305128 
"512"   1193838  1145443  1614885  1778004  1560891  2089386  1604029  3736016 
"1024"   615341  934337  1540074  2723840  1756054  2455943  2004366  1756772  3821805 
"2048"   1313685  1574457  2093673  2278614  2518447  2319218  1311279  2124745  1519319  1969352 
"4096"   887536  1709472  1923018  1355862  2321978  2329851  2003996  2017883  1102842  1362097  1402231 
"8192"   119182  1348244  1517602  1528675  153909  154671  1034096  1088787  191447  1299250  1017770  89740 
"16384"   89273  339009  153018  1677647  1800220  174661  202194  287412  1616251  1079683  1113645  1114403  1319072 
"32768"   0  0  0  0  1240929  1451449  1450423  1721175  1093468  807733  1133294  1116411  1110592 
"65536"   0  0  0  0  1473214  1429133  1427056  1408014  1251044  988955  943301  995113  1109892 
"131072"   0  0  0  0  88091  93351  91474  94955  92281  86658  98840  105735  65293 
"262144"   0  0  0  0  14082  14486  14066  14520  14431  14536  14440  14854  15927 
"524288"   0  0  0  0  13302  12579  12164  12139  12097  12004  12174  12354  12383 

"Re-Fwrite report"
        "4"  "8"  "16"  "32"  "64"  "128"  "256"  "512"  "1024"  "2048"  "4096"  "8192"  "16384"
"64"   1163036  1392258  1780008  3406295  1780008 
"128"   1093856  1406136  2326073  2905056  3867787  2027414 
"256"   944525  1137672  1312954  1790149  1340826  1312954  1260547 
"512"   917412  1821745  917804  1600443  1373241  2427068  2532990  2256220 
"1024"   1108148  1292572  1514549  1582636  1609925  2173780  1698417  1651398  2077065 
"2048"   1177702  1418228  1480817  1095123  1718397  1858164  1876840  2255282  1803166  2338157 
"4096"   1127450  1461767  1042733  1633718  1912102  1321243  1904260  794121  1282385  2536221  1622149 
"8192"   975469  1385428  1354248  1690449  1670802  1380252  1114859  1124638  1694701  1263978  126435  1251820 
"16384"   121154  148464  1357185  1563234  1763403  359605  201055  483674  1594204  1098495  1301855  1608345  1172631 
"32768"   0  0  0  0  1720464  1398189  1477491  1418346  1157343  503603  831653  892786  1507273 
"65536"   0  0  0  0  1455938  1038651  1404639  1548286  1306616  945970  979423  957609  1121365 
"131072"   0  0  0  0  88988  94819  91966  93340  95229  92066  98857  104861  55211 
"262144"   0  0  0  0  14223  14228  14221  13744  14321  14384  14552  14802  15320 
"524288"   0  0  0  0  11006  11006  11011  11016  11023  11294  11337  11445  11591 

"Fread report"
        "4"  "8"  "16"  "32"  "64"  "128"  "256"  "512"  "1024"  "2048"  "4096"  "8192"  "16384"
"64"   2358717  2298136  2444640  1087638  2467108 
"128"   2511022  2377579  2166499  3867787  479432  5325799 
"256"   1579483  1579483  3499745  3879045  3823789  1306564  1561112 
"512"   1620980  3008498  2860238  2368185  1565443  3264616  5384786  4784885 
"1024"   1653942  2387677  2503178  3379719  3751699  1947119  3229770  3158515  3121783 
"2048"   1776319  2281034  2476337  3108009  1635926  2559723  2066474  3043048  1735408  1685356 
"4096"   1667818  1950306  2144586  2060231  2716268  2733991  2754594  2756362  2938334  2280673  1685655 
"8192"   1724643  1834691  2196801  208638  2294656  2551249  791647  2736125  2081297  1601195  1508342  153293 
"16384"   150600  156134  2077887  299628  2511694  2683221  2682802  207599  2891040  2728825  1757360  1368292  1487151 
"32768"   0  0  0  0  2665570  2343263  2591388  2083803  1868930  1597592  1745127  1247213  1502347 
"65536"   0  0  0  0  2620810  2173243  2540348  2628579  2571841  2371071  1651694  872523  1492402 
"131072"   0  0  0  0  2655160  2517660  2715556  2608608  2424290  2354315  1189433  1120053  1301582 
"262144"   0  0  0  0  1875215  2253569  2282589  2453430  2648290  1951201  1377478  1328752  1317909 
"524288"   0  0  0  0  193295  239503  251704  246242  288959  223009  198884  258364  119194 

"Re-Fread report"
        "4"  "8"  "16"  "32"  "64"  "128"  "256"  "512"  "1024"  "2048"  "4096"  "8192"  "16384"
"64"   2689580  3363612  4274062  1638743  4897948 
"128"   2843510  3759450  3759450  5122535  3657016  6406138 
"256"   2187712  1600674  4734192  3994490  4404088  3245838  2350543 
"512"   1931527  2317080  4131319  2548017  5384786  3325278  2815243  7115451 
"1024"   2375790  2437821  4920874  5751117  2688041  2701567  6692005  2415881  3241960 
"2048"   1908532  4178378  4276140  1774851  1470172  4265523  1861789  2441150  2503036  1932143 
"4096"   1702358  1838440  2730514  2076165  2687795  3930595  2070660  2512850  2568066  155729  1507560 
"8192"   1749672  2274906  108168  2394606  2364938  2825913  1284437  2827774  2115642  106931  1744520  105883 
"16384"   197519  1903122  1893421  297539  2049259  2545655  143673  2787830  2792588  1990783  1785904  1356864  1458429 
"32768"   0  0  0  0  2677148  1973738  2422608  2608701  1724003  2164910  1702603  980398  1461280 
"65536"   0  0  0  0  2614428  2303707  2384523  2531808  2473618  2224114  1568482  1163347  1529037 
"131072"   0  0  0  0  2629582  2722549  2509855  2769134  2790301  2406672  1109058  1160986  1226611 
"262144"   0  0  0  0  1958797  2283163  2264975  2401992  2682384  1982874  1481356  1410006  1189287 
"524288"   0  0  0  0  192252  240970  238160  255607  292322  201740  263794  267653  189878 
