	Iozone: Performance Test of File I/O
	        Version $Revision: 3.414 $
		Compiled for 64 bit mode.
		Build: linux-AMD64 

	Contributors:William Norcott, Don Capps, Isom Crawford, Kirby Collins
	             Al Slater, Scott Rhine, Mike Wisner, Ken Goss
	             Steve Landherr, Brad Smith, Mark Kelly, Dr. Alain CYR,
	             Randy Dunlap, Mark Montague, Dan Million, Gavin Brebner,
	             Jean-Marc Zucconi, Jeff Blomberg, Benny Halevy, Dave Boone,
	             Erik Habbinga, Kris Strecker, Walter Wong, Joshua Root,
	             Fabrice Bacchella, Zhenghua Xue, Qin Li, Darren Sawyer,
	             Vangel Bojaxhi, Ben England.

	Run began: Sun Feb 24 21:04:02 2013

	Auto Mode
	Excel chart generation enabled
	Command line used: ./benchmarks/iozone3_414/src/current/iozone -a -R
	Output is in Kbytes/sec
	Time Resolution = 0.000001 seconds.
	Processor cache size set to 1024 Kbytes.
	Processor cache line size set to 32 bytes.
	File stride size set to 17 * record size.
                                                            random  random    bkwd   record   stride                                   
              KB  reclen   write rewrite    read    reread    read   write    read  rewrite     read   fwrite frewrite   fread  freread
              64       4  528618 1029254  2358717  2923952 2067979 1124074 1599680  1492919  2067979  1183548  1163036 2467108  2662899
              64       8  727850 1363961  4274062  3958892 3203069 1421755 2203800  2006158  2278628  1385075  1452528 2923952  3791156
              64      16  710511 1163036  4274062  4564786 4274062 1648808 2662899  2379626  3541098  1518251  1780008 3541098  4564786
              64      32  809014 2278628  5283570  4988978 4897948 2662899 1562436  2203800  2561267  1492919  2772930 2923952  1879725
              64      64  743988 1484662  5283570  4897948 5860307 1933893 3363612  1947927  4897948  2067979  1304314 1879725  5283570
             128       4  414314 1359835  2066432  1455701 2027414 1059322 1487977  1603529  2004703  1254941   976473 2286447  1997245
             128       8  707520 1878447  1684006  4012317 3277486 1406136 2211113  2211113  3199360  1391557  1332828 2248149  1967960
             128      16  876086 1598754  3359523  3199360 4012317 1598754 2132084  2558895  3867787  1663139  1705404 2098744  2140585
             128      32  814915 1278855  5122535  5603747 5122535 1939522 3867787  2920861  2420455  1727352  2558895 2409592  5122535
             128      64  785122 2202044  3759450  3867787 4444086 1911894 3359523  3560017  2905056  1603529   595328 2132084  5325799
             128     128 1024942 1359835  6406138  6114306 6406138 2140585 4135958  3759450  2035099  2066432  1778862 1727352  3785961
             256       4  641497 1128110  2533571  2413957 2118645  992545 1523457  1610276  1471270   970126  1157291 1729594  2812272
             256       8  593947 1293967  3756894  3052087 3285566 2097948 2639446  1570244  1996523  1354356  1455317 3557725  4197489
             256      16  825443 1471270  4332998  4734192 3667079  921029 3511189  2812272  3557725   605332  1506359 4132864  4734192
             256      32  921029 1581810  3935921  3705040 5217259 1884399 3454704  3236056  3421677  1894373  1729594 4477549  5569035
             256      64  970126 1137672  3421677  2305128 5117791 2097948 2118645  2509882  2783115  2114473  1842366 2754556  2371308
             256     128 1132871 1729594  6107548  3935921 6595234 2065659 4572895  2975955  3717869  1514860  1079348 1855098  5841722
             256     256 1075025 2081678  6936061  6891544 6595234 1619994 2247235  2582316  2607399  1911233   752549 2015259  1153561
             512       4  611852  973559  1815584  2625909 2097550 1316016 1795846  1610042  1657257  1122687  1168504 2196227  2474613
             512       8 1009722 1985091  2265742  4228947 3325278 1695195 2427068  2381315  3029721  1488408  1169140 2327124  4099771
             512      16  867738 1650887  2894940  3963567 4123387 2544997 2207515  2841317  4000485  1674052  1426135 2402629  3325278
             512      32 1026126 1711407  4571003  2995907 5331314 1874212 2926501  3304808  5115422  1747618  1827947 4411377  3628697
             512      64 1080328 1667552  3366987  4155301 6174377 1977778 3604335  4000485  4784885  1999881  1954379 4882800  6319739
             512     128 1199171 1897396  2265742  2246778 3970896 2135087 2337255  3884698  5177083  2402629  1711407 2416145  3941742
             512     256  941133 1815584  5951911  6821616 7115451 4000485 5115422  2845081  5566231  1580419  2416145 2753870  6736026
             512     512 1073309 1954379  7211022  6018636 4447925 1902438 2830083  3372274  4973263  2189509   958781 2609952  5566231
            1024       4  675967  879070  1592612  2958362 1946237 1201790 1590254  1670669  1341839  1151834  1265904 2245375  2960401
            1024       8  859886 1523683  2305644  4265934 3345496 1692394 2934110  2484355  2926114  1426517  1359680 2236023  2710090
            1024      16 1051449 1657133  2659742  4826859 4199201 1812371 2281152  2869422  3880507  2011877  1659694 2565989  4694950
            1024      32 1251882 1957770  2835325  2255990 5042191 2120127 2625597  3579719  4029784  1802483  1668074 2553783  2730767
            1024      64 1171629 1780809  2995501  5720477 6128613 2522288 4659297  3908759  5529011  1367037  1851434 4741598  5444898
            1024     128  989440 1706515  3301774  4249053 6364746 2612819 3345496  3818408  5660167  1980337  1656494 3179559  6529233
            1024     256 1126753 1969440  3447541  2540189 6402699 1750329 3055164  4064103  6402699  2090206  1422266 3529706  3012308
            1024     512 1273410 1590254  4146499  7160597 7257394 2782064 2561398  2875184  2397005  1635675  3366474 2275110  5277632
            1024    1024 1203137 2306882  6650556  5096034 6441107 1503942 2593883  2592318  1962242  1078919  1799462 2561398  6025439
            2048       4  652839 1244231  1597293  2615847 2096227 1229274 1393156  1659632  1640927  1267175  1040724 1901771  2745435
            2048       8  724472 1282308  1994039  2083516 2968386 2029850 1592555  2223755  1174964   892757  1181753 2612664  4120256
            2048      16  850841 1626633  2473485  2734946 1921339 1242072 1969352  2723672  2450202  1923059  1590196 2615051  4120256
            2048      32  868213 1900089  2785497  4923146 5319484 2509617 2592166  3710866  4957240  1643753  1810768 3683812  5475461
            2048      64 1129094 1662201  2631876  4741090 6189580 2582036 2972495  4170264  5611381  2794560  1601164 1791882  3251539
            2048     128 1297023 2062010  3513544  5900467 6167360 3146720 2148662  4248644  6670210  2160551  1919621 2880782  2727131
            2048     256 1280778 2066972  2000075  4172290 6670210 3683812 2872113  4396514  5738844  1495773  2199836 3334853  2528082
            2048     512 1103423 2449504  3507805  5735012 6984790 3281349 1645012  3991965  4864597  2367151  1784066 3136379  5626082
            2048    1024 1357275 2031771  4772701  6261772 6873016 3650932 2809182  4338776  3871422  1725300  2211731 1826943  2081497
            2048    2048 1155212 2109095  2173673  5735012 6167360 1495773 1625402  3549844  2049709  2775597  1972971 1788524  2540795
            4096       4  553585  977806  1420198  1757925 1246923  968763 1261481  1452989  1311559  1170306   911843 1715961  1607427
            4096       8  746762 1369917  1921297  1850719 1432634 1363935 1768603  2315406  2098482  1608179  1420198 1617719  2268027
            4096      16  954765 1691130  2034612  2648024 3335375 1886694 2126535  2940345  2077923  1731351  1626141 2119975  2027648
            4096      32 1198388 1844163  2262949  2701744 4597474 2480917 2485223  3703511  2284312  1307368  1690465 2684016  3561476
            4096      64 1200817 1760267  2762123  3828122 5184332 2994153 2872500  4214051  3242827  2260566  1786999 2721862  2654571
            4096     128  963115 1975877  2910951  2792200 4581535 2344796 2645985  4380601  4357270  1376723  1787743 2826656  3163410
            4096     256 1137453 1997007  2915397  4108241 4910209 2959594 2860543  4659824  5761565  1588257  1983634 2850576  3984379
            4096     512 1240530 2007743  3038638  3152960 5265366 2430721 1566390  2678576  3124859   518750  1178090 2302374  2323234
            4096    1024 1016391 1030474  2136585  2419425 1943027 1266129 1741531  2290708  2981164  1509149  1099032 1890222  1918508
            4096    2048  691431 1399946  1993069  2093113 1752724 1713906 2111377  3494822  2856738   894700  2260566 1958979  1816475
            4096    4096  696957 1027823  1524415  1629844 1407055 1455575 1395511  1316989  1646873  1349154  1309460 1330761  1515272
            8192       4  613043 1094335  1536674  1713121 1386154  978162 1131788  1484619  1309900  1061147   972459 1610048  1692864
            8192       8  643611 1387274  2029780  1956949 1839602 1345182 1795385  2480882  1933820  1273818  1367562 2174693  2267998
            8192      16  994527 1353182  2391772  2412258 2495295 1543300 1495930  2694711  2089778  1453223  1437958 2284434  2555994
            8192      32  940749 1617400  2480166  2188684 2568797 1737112 2432925  3642578  2375238  1452732  1670478 2391106  2619719
            8192      64 1108671 1984986  2455528  2398115 2729821 1607863 2661316  4158362  2154106  1647253  1807189 2593225  3124235
            8192     128 1112909 1407332  2917329  2764746 3107845 1998030 2727871  4479286  2811347  1752975  1829805 2620719  2500562
            8192     256 1162970 1922997  2284434  2438797 2574572 1922566 2838520  4586921  2901807  1760159  1743016 2898625  1982581
            8192     512 1205782 1981095  2140019  2049516 2702765 2145632 2874376  4678737  6464909  1573550  1643628 2486987  2755655
            8192    1024 1196794 1910912  2302344  2200318 2985517 2123881 2867420  4641448  6895660  1489445  1457415 2768534  2980079
            8192    2048  959694 1421715  3035364  2565536 2507496 1827372 2566495  4069224  4760413  1679705  1279177 2700004  1644966
            8192    4096  972322 1393915  1657264  1680034 1710562 1319558 1446554  1547749  1735971  1211650  1652561 1784383  1849604
            8192    8192  758027 1262260  1496256  1590742 1557995 1349833 1401076  1421715  1074655  1183113  1289886 1327255  1023104
           16384       4  643743 1150563  1782800  1891649 1395551 1023040 1375991  1650608  1393909  1110101  1055537 1693774  1571600
           16384       8  836473 1454140  1492026  1524497 1552813  853109 1847158  2196015  1931200  1155263  1340323 1912656  1794907
           16384      16  932487 1594389  2167478  2299478 2053116 1459328 1843788  2992512  2030009  1449019  1478448 2027254  2085833
           16384      32  978954 1682494  2413343  2636991 2459642 1697288 2480506  2898234  1973517  1204615  1568622 2414445  2424069
           16384      64 1041507 1836593  2591153  2726659 2605991 1834730 2483554  4097077  2712667  1460910  1771038 2632445  2702320
           16384     128 1011118 1935715  2423727  2589103 2570412 2140006 2336856  3900126  2767508  1864347  1810179 2528421  2822409
           16384     256 1199673 1959337  2877482  2752323 2499453 1961687 2361509  3832481  2899824  1799278  1845025 2805471  2731536
           16384     512 1188182 1935934  2272108  2884003 2936252 2072060 2746712  4755737  2133098  1741329  1488117 2682802  1836790
           16384    1024 1176425 1823677  2712132  2970907 2790207 2019509 2015245  3662732  5278072  1597205  1115543 1686996  2106162
           16384    2048 1047172 1558448  2354309  2727417 2718892 1811992 2727417  3230238  4967862  1382023  1088645 1960511  2282598
           16384    4096  928694 1303213  1565442  1702755 1733379 1434171 1787298  1413288  1855287  1114403  1014791 1754175  1760602
           16384    8192  919105 1329021  1568443  1596871 1294668 1358768 1552533  1290874  1586036  1032648  1491767 1432168  1570091
           16384   16384  854892 1164385  1593797  1302175 1556542 1298362 1281295  1382385  1559934  1381801  1316823 1313350  1365573
           32768      64 1058943 1677561  2235368  2332248 2400395 1671746 1510321  3247934  2210631  1509143  1164965 2108774  2099560
           32768     128  897432 1551303  2386100  2515409 2517713 1682387 1757018  4358049  2469533  1586966  1756255 2321337  2646221
           32768     256 1102450 1676968  2898772  2370217 2843713 2015151 2717269  4509180  2841949  1657872  1811391 2889327  2689670
           32768     512 1026753 1873312  2280962  2555824 2636424 1974703 2768947  4394839  2803800  1647873  1129541 2872359  2476609
           32768    1024 1149512 1426309  2968648  2719366 2982693 2023964 2473222  4440131  2647496  1658392  1301606 2320200  2626248
           32768    2048  965270 1580397  2472688  2579327 2237333 1638717 2512879  3491860  4032974  1185914  1138967 2416177  2350999
           32768    4096  945931 1331220  1563444  1646709 1573647 1355737 1701718  1573719  1730363  1050999   929880 1674312  1712191
           32768    8192  776514 1282153  1631384  1493109 1599693 1336866 1475635  1413882  1524595  1229990  1121961 1532791  1227037
           32768   16384  906022 1295496  1189609  1410356 1564779 1323477 1596330  1302222  1605242  1117864  1424314 1383899  1567688
           65536      64  965795 1678604  2699200  2467002 2573575 1670860 2521403  3713271  2202162  1052430  1375305 1868674  2204299
           65536     128  924357 1329223  2317321  2304441 2109175 1508860 2047114  3918441  2116451  1333958  1073306 2333234  1900036
           65536     256  817768 1438392  2562610  2680302 2657910 1819181 2822276  4661807  2376381  1647042  1452031 2845061  2627850
           65536     512 1102184 1620973  2598487  2867229 2885923 1587900 2860724  4373428  2833360  1484023  1411289 2629534  2504906
           65536    1024 1045048 1683694  2749444  2832280 2519554 1768706 2520224  4862100  2524692  1222365  1534115 2569749  2798770
           65536    2048  946941 1477839  2399092  2505865 2456837 1512938 1687466  2157278  2214278   915970   917615 2182561  2228658
           65536    4096  807669 1207459  1428517  1397143 1448152 1107365 1593155  1515841  1861083  1002600   915180 1679127  1597850
           65536    8192  833643 1128066  1485876  1459633 1525719 1189510 1319981  1215742  1246833   847614   815011 1450774  1489862
           65536   16384  810907 1211610  1407163  1519218 1338622 1201411 1480769  1239619  1456840  1193083  1240766 1452514  1544676
          131072      64   83574   83842  2707319  2613593 2468496   88273 2659798  4196038  2522894    89764    91533 2686560  2582700
          131072     128   89513   93602  2679150  2749400 2644864   95908 2600168  4411393  2661523    95240    95237 2714041  2838521
          131072     256   93322   94963  2221111  2082725 2395326   90784 2635027  4684481  2521875    96359    91984 2511197  2317397
          131072     512   95018   96376  1806316  1962742 1870135   94018 2264393  4302940  2346227    96190    95792 2469338  2358719
          131072    1024   95015   95953  2338273  2345426 2271410   92423 2334778  3892026  2118676    95205    94716 2843028  2710001
          131072    2048   91576   95556  2429228  2341032 2480256   89422 1868108  2878365  2058225    92236    97473 2537590  2550434
          131072    4096   93566   93669  1621776  1639198 1621876   93017 1670427  1529930  1544731    98099   101367 1691203  1675232
          131072    8192   93519   94032  1420958  1384354 1375418   82424 1229893  1148788  1419633   109578   110803 1587825  1517389
          131072   16384   42737   37720  1448983  1441336 1509245   40413 1460703  1312045  1423117    59748    55652 1160011  1245068
          262144      64   14333   13997  2100008  2145343 2128572   14407 2599675  3975860  2599811    14133    13994 2663579  2321193
          262144     128   14328   13837  2728819  2808216 2730581   14329 2627721  4331534  2550634    14124    13994 2769963  2660659
          262144     256   14314   14000  2335337  2365880 2116330   14400 2787873  4643996  2222125    14390    14139 2227089  2402832
          262144     512   14359   13872  2035926  1668485 1813996   14273 2343770  3915112  1771640    14274    14254 2275574  2167393
          262144    1024   14448   13906  1963063  2156286 2142943   14160 1877876  3573627  2007335    14342    14056 2036861  1964786
          262144    2048   14472   14187  2077290  2056354 1844008   14034 1852830  2839363  2009672    14656    14494 1855296  1784420
          262144    4096   14614   14321  1249001  1178148 1216157   14865 1548562  1440352  1471785    14984    14677 1652424  1594704
          262144    8192   14650   14328  1547960  1418536 1377675   14789 1561394  1353973  1553114    15203    15042 1514652  1559396
          262144   16384   14675   14328  1460648  1532683 1536519   14797 1478657  1338698  1517405    15894    15839 1520441  1510140
          524288      64   11353   11243   111945   111455  240968   13824  210269  4104333   299211    13156    11024  200760   209328
          524288     128   12481   11254   111521    80651  322672   14350  285903  4375888   368210    12217    11006  260292   255578
          524288     256   12132   11215   103218   106725  416505   13677  292441  4288051   356663    12585    11278  284335   283883
          524288     512   11864   11187   100683   103260  432949   13885  339417  4538224   440268    12057    11274  305179   308009
          524288    1024   11969   11256   112457   106090  432280   13549  366235  4677222   476288    12079    11294  309720   307490
          524288    2048   11858   11190   102783   103288  464627   13706  401224  2697262   312971    12754    11325  193194   186080
          524288    4096   12526   11252    53199    54613  336319   18794  201136  1597649   309788    13279    11373  171084   191786
          524288    8192   12669   11264    46898    49911  255077   21493  482150  1342084   426863    12290    11481  336006   338349
          524288   16384   11908   11268   111182   115463  400858   13539  459357  1322783  1381487    12113    11705  330034   285060

iozone test complete.
Excel output is below:

"Writer report"
        "4"  "8"  "16"  "32"  "64"  "128"  "256"  "512"  "1024"  "2048"  "4096"  "8192"  "16384"
"64"   528618  727850  710511  809014  743988 
"128"   414314  707520  876086  814915  785122  1024942 
"256"   641497  593947  825443  921029  970126  1132871  1075025 
"512"   611852  1009722  867738  1026126  1080328  1199171  941133  1073309 
"1024"   675967  859886  1051449  1251882  1171629  989440  1126753  1273410  1203137 
"2048"   652839  724472  850841  868213  1129094  1297023  1280778  1103423  1357275  1155212 
"4096"   553585  746762  954765  1198388  1200817  963115  1137453  1240530  1016391  691431  696957 
"8192"   613043  643611  994527  940749  1108671  1112909  1162970  1205782  1196794  959694  972322  758027 
"16384"   643743  836473  932487  978954  1041507  1011118  1199673  1188182  1176425  1047172  928694  919105  854892 
"32768"   0  0  0  0  1058943  897432  1102450  1026753  1149512  965270  945931  776514  906022 
"65536"   0  0  0  0  965795  924357  817768  1102184  1045048  946941  807669  833643  810907 
"131072"   0  0  0  0  83574  89513  93322  95018  95015  91576  93566  93519  42737 
"262144"   0  0  0  0  14333  14328  14314  14359  14448  14472  14614  14650  14675 
"524288"   0  0  0  0  11353  12481  12132  11864  11969  11858  12526  12669  11908 

"Re-writer report"
        "4"  "8"  "16"  "32"  "64"  "128"  "256"  "512"  "1024"  "2048"  "4096"  "8192"  "16384"
"64"   1029254  1363961  1163036  2278628  1484662 
"128"   1359835  1878447  1598754  1278855  2202044  1359835 
"256"   1128110  1293967  1471270  1581810  1137672  1729594  2081678 
"512"   973559  1985091  1650887  1711407  1667552  1897396  1815584  1954379 
"1024"   879070  1523683  1657133  1957770  1780809  1706515  1969440  1590254  2306882 
"2048"   1244231  1282308  1626633  1900089  1662201  2062010  2066972  2449504  2031771  2109095 
"4096"   977806  1369917  1691130  1844163  1760267  1975877  1997007  2007743  1030474  1399946  1027823 
"8192"   1094335  1387274  1353182  1617400  1984986  1407332  1922997  1981095  1910912  1421715  1393915  1262260 
"16384"   1150563  1454140  1594389  1682494  1836593  1935715  1959337  1935934  1823677  1558448  1303213  1329021  1164385 
"32768"   0  0  0  0  1677561  1551303  1676968  1873312  1426309  1580397  1331220  1282153  1295496 
"65536"   0  0  0  0  1678604  1329223  1438392  1620973  1683694  1477839  1207459  1128066  1211610 
"131072"   0  0  0  0  83842  93602  94963  96376  95953  95556  93669  94032  37720 
"262144"   0  0  0  0  13997  13837  14000  13872  13906  14187  14321  14328  14328 
"524288"   0  0  0  0  11243  11254  11215  11187  11256  11190  11252  11264  11268 

"Reader report"
        "4"  "8"  "16"  "32"  "64"  "128"  "256"  "512"  "1024"  "2048"  "4096"  "8192"  "16384"
"64"   2358717  4274062  4274062  5283570  5283570 
"128"   2066432  1684006  3359523  5122535  3759450  6406138 
"256"   2533571  3756894  4332998  3935921  3421677  6107548  6936061 
"512"   1815584  2265742  2894940  4571003  3366987  2265742  5951911  7211022 
"1024"   1592612  2305644  2659742  2835325  2995501  3301774  3447541  4146499  6650556 
"2048"   1597293  1994039  2473485  2785497  2631876  3513544  2000075  3507805  4772701  2173673 
"4096"   1420198  1921297  2034612  2262949  2762123  2910951  2915397  3038638  2136585  1993069  1524415 
"8192"   1536674  2029780  2391772  2480166  2455528  2917329  2284434  2140019  2302344  3035364  1657264  1496256 
"16384"   1782800  1492026  2167478  2413343  2591153  2423727  2877482  2272108  2712132  2354309  1565442  1568443  1593797 
"32768"   0  0  0  0  2235368  2386100  2898772  2280962  2968648  2472688  1563444  1631384  1189609 
"65536"   0  0  0  0  2699200  2317321  2562610  2598487  2749444  2399092  1428517  1485876  1407163 
"131072"   0  0  0  0  2707319  2679150  2221111  1806316  2338273  2429228  1621776  1420958  1448983 
"262144"   0  0  0  0  2100008  2728819  2335337  2035926  1963063  2077290  1249001  1547960  1460648 
"524288"   0  0  0  0  111945  111521  103218  100683  112457  102783  53199  46898  111182 

"Re-Reader report"
        "4"  "8"  "16"  "32"  "64"  "128"  "256"  "512"  "1024"  "2048"  "4096"  "8192"  "16384"
"64"   2923952  3958892  4564786  4988978  4897948 
"128"   1455701  4012317  3199360  5603747  3867787  6114306 
"256"   2413957  3052087  4734192  3705040  2305128  3935921  6891544 
"512"   2625909  4228947  3963567  2995907  4155301  2246778  6821616  6018636 
"1024"   2958362  4265934  4826859  2255990  5720477  4249053  2540189  7160597  5096034 
"2048"   2615847  2083516  2734946  4923146  4741090  5900467  4172290  5735012  6261772  5735012 
"4096"   1757925  1850719  2648024  2701744  3828122  2792200  4108241  3152960  2419425  2093113  1629844 
"8192"   1713121  1956949  2412258  2188684  2398115  2764746  2438797  2049516  2200318  2565536  1680034  1590742 
"16384"   1891649  1524497  2299478  2636991  2726659  2589103  2752323  2884003  2970907  2727417  1702755  1596871  1302175 
"32768"   0  0  0  0  2332248  2515409  2370217  2555824  2719366  2579327  1646709  1493109  1410356 
"65536"   0  0  0  0  2467002  2304441  2680302  2867229  2832280  2505865  1397143  1459633  1519218 
"131072"   0  0  0  0  2613593  2749400  2082725  1962742  2345426  2341032  1639198  1384354  1441336 
"262144"   0  0  0  0  2145343  2808216  2365880  1668485  2156286  2056354  1178148  1418536  1532683 
"524288"   0  0  0  0  111455  80651  106725  103260  106090  103288  54613  49911  115463 

"Random read report"
        "4"  "8"  "16"  "32"  "64"  "128"  "256"  "512"  "1024"  "2048"  "4096"  "8192"  "16384"
"64"   2067979  3203069  4274062  4897948  5860307 
"128"   2027414  3277486  4012317  5122535  4444086  6406138 
"256"   2118645  3285566  3667079  5217259  5117791  6595234  6595234 
"512"   2097550  3325278  4123387  5331314  6174377  3970896  7115451  4447925 
"1024"   1946237  3345496  4199201  5042191  6128613  6364746  6402699  7257394  6441107 
"2048"   2096227  2968386  1921339  5319484  6189580  6167360  6670210  6984790  6873016  6167360 
"4096"   1246923  1432634  3335375  4597474  5184332  4581535  4910209  5265366  1943027  1752724  1407055 
"8192"   1386154  1839602  2495295  2568797  2729821  3107845  2574572  2702765  2985517  2507496  1710562  1557995 
"16384"   1395551  1552813  2053116  2459642  2605991  2570412  2499453  2936252  2790207  2718892  1733379  1294668  1556542 
"32768"   0  0  0  0  2400395  2517713  2843713  2636424  2982693  2237333  1573647  1599693  1564779 
"65536"   0  0  0  0  2573575  2109175  2657910  2885923  2519554  2456837  1448152  1525719  1338622 
"131072"   0  0  0  0  2468496  2644864  2395326  1870135  2271410  2480256  1621876  1375418  1509245 
"262144"   0  0  0  0  2128572  2730581  2116330  1813996  2142943  1844008  1216157  1377675  1536519 
"524288"   0  0  0  0  240968  322672  416505  432949  432280  464627  336319  255077  400858 

"Random write report"
        "4"  "8"  "16"  "32"  "64"  "128"  "256"  "512"  "1024"  "2048"  "4096"  "8192"  "16384"
"64"   1124074  1421755  1648808  2662899  1933893 
"128"   1059322  1406136  1598754  1939522  1911894  2140585 
"256"   992545  2097948  921029  1884399  2097948  2065659  1619994 
"512"   1316016  1695195  2544997  1874212  1977778  2135087  4000485  1902438 
"1024"   1201790  1692394  1812371  2120127  2522288  2612819  1750329  2782064  1503942 
"2048"   1229274  2029850  1242072  2509617  2582036  3146720  3683812  3281349  3650932  1495773 
"4096"   968763  1363935  1886694  2480917  2994153  2344796  2959594  2430721  1266129  1713906  1455575 
"8192"   978162  1345182  1543300  1737112  1607863  1998030  1922566  2145632  2123881  1827372  1319558  1349833 
"16384"   1023040  853109  1459328  1697288  1834730  2140006  1961687  2072060  2019509  1811992  1434171  1358768  1298362 
"32768"   0  0  0  0  1671746  1682387  2015151  1974703  2023964  1638717  1355737  1336866  1323477 
"65536"   0  0  0  0  1670860  1508860  1819181  1587900  1768706  1512938  1107365  1189510  1201411 
"131072"   0  0  0  0  88273  95908  90784  94018  92423  89422  93017  82424  40413 
"262144"   0  0  0  0  14407  14329  14400  14273  14160  14034  14865  14789  14797 
"524288"   0  0  0  0  13824  14350  13677  13885  13549  13706  18794  21493  13539 

"Backward read report"
        "4"  "8"  "16"  "32"  "64"  "128"  "256"  "512"  "1024"  "2048"  "4096"  "8192"  "16384"
"64"   1599680  2203800  2662899  1562436  3363612 
"128"   1487977  2211113  2132084  3867787  3359523  4135958 
"256"   1523457  2639446  3511189  3454704  2118645  4572895  2247235 
"512"   1795846  2427068  2207515  2926501  3604335  2337255  5115422  2830083 
"1024"   1590254  2934110  2281152  2625597  4659297  3345496  3055164  2561398  2593883 
"2048"   1393156  1592555  1969352  2592166  2972495  2148662  2872113  1645012  2809182  1625402 
"4096"   1261481  1768603  2126535  2485223  2872500  2645985  2860543  1566390  1741531  2111377  1395511 
"8192"   1131788  1795385  1495930  2432925  2661316  2727871  2838520  2874376  2867420  2566495  1446554  1401076 
"16384"   1375991  1847158  1843788  2480506  2483554  2336856  2361509  2746712  2015245  2727417  1787298  1552533  1281295 
"32768"   0  0  0  0  1510321  1757018  2717269  2768947  2473222  2512879  1701718  1475635  1596330 
"65536"   0  0  0  0  2521403  2047114  2822276  2860724  2520224  1687466  1593155  1319981  1480769 
"131072"   0  0  0  0  2659798  2600168  2635027  2264393  2334778  1868108  1670427  1229893  1460703 
"262144"   0  0  0  0  2599675  2627721  2787873  2343770  1877876  1852830  1548562  1561394  1478657 
"524288"   0  0  0  0  210269  285903  292441  339417  366235  401224  201136  482150  459357 

"Record rewrite report"
        "4"  "8"  "16"  "32"  "64"  "128"  "256"  "512"  "1024"  "2048"  "4096"  "8192"  "16384"
"64"   1492919  2006158  2379626  2203800  1947927 
"128"   1603529  2211113  2558895  2920861  3560017  3759450 
"256"   1610276  1570244  2812272  3236056  2509882  2975955  2582316 
"512"   1610042  2381315  2841317  3304808  4000485  3884698  2845081  3372274 
"1024"   1670669  2484355  2869422  3579719  3908759  3818408  4064103  2875184  2592318 
"2048"   1659632  2223755  2723672  3710866  4170264  4248644  4396514  3991965  4338776  3549844 
"4096"   1452989  2315406  2940345  3703511  4214051  4380601  4659824  2678576  2290708  3494822  1316989 
"8192"   1484619  2480882  2694711  3642578  4158362  4479286  4586921  4678737  4641448  4069224  1547749  1421715 
"16384"   1650608  2196015  2992512  2898234  4097077  3900126  3832481  4755737  3662732  3230238  1413288  1290874  1382385 
"32768"   0  0  0  0  3247934  4358049  4509180  4394839  4440131  3491860  1573719  1413882  1302222 
"65536"   0  0  0  0  3713271  3918441  4661807  4373428  4862100  2157278  1515841  1215742  1239619 
"131072"   0  0  0  0  4196038  4411393  4684481  4302940  3892026  2878365  1529930  1148788  1312045 
"262144"   0  0  0  0  3975860  4331534  4643996  3915112  3573627  2839363  1440352  1353973  1338698 
"524288"   0  0  0  0  4104333  4375888  4288051  4538224  4677222  2697262  1597649  1342084  1322783 

"Stride read report"
        "4"  "8"  "16"  "32"  "64"  "128"  "256"  "512"  "1024"  "2048"  "4096"  "8192"  "16384"
"64"   2067979  2278628  3541098  2561267  4897948 
"128"   2004703  3199360  3867787  2420455  2905056  2035099 
"256"   1471270  1996523  3557725  3421677  2783115  3717869  2607399 
"512"   1657257  3029721  4000485  5115422  4784885  5177083  5566231  4973263 
"1024"   1341839  2926114  3880507  4029784  5529011  5660167  6402699  2397005  1962242 
"2048"   1640927  1174964  2450202  4957240  5611381  6670210  5738844  4864597  3871422  2049709 
"4096"   1311559  2098482  2077923  2284312  3242827  4357270  5761565  3124859  2981164  2856738  1646873 
"8192"   1309900  1933820  2089778  2375238  2154106  2811347  2901807  6464909  6895660  4760413  1735971  1074655 
"16384"   1393909  1931200  2030009  1973517  2712667  2767508  2899824  2133098  5278072  4967862  1855287  1586036  1559934 
"32768"   0  0  0  0  2210631  2469533  2841949  2803800  2647496  4032974  1730363  1524595  1605242 
"65536"   0  0  0  0  2202162  2116451  2376381  2833360  2524692  2214278  1861083  1246833  1456840 
"131072"   0  0  0  0  2522894  2661523  2521875  2346227  2118676  2058225  1544731  1419633  1423117 
"262144"   0  0  0  0  2599811  2550634  2222125  1771640  2007335  2009672  1471785  1553114  1517405 
"524288"   0  0  0  0  299211  368210  356663  440268  476288  312971  309788  426863  1381487 

"Fwrite report"
        "4"  "8"  "16"  "32"  "64"  "128"  "256"  "512"  "1024"  "2048"  "4096"  "8192"  "16384"
"64"   1183548  1385075  1518251  1492919  2067979 
"128"   1254941  1391557  1663139  1727352  1603529  2066432 
"256"   970126  1354356  605332  1894373  2114473  1514860  1911233 
"512"   1122687  1488408  1674052  1747618  1999881  2402629  1580419  2189509 
"1024"   1151834  1426517  2011877  1802483  1367037  1980337  2090206  1635675  1078919 
"2048"   1267175  892757  1923059  1643753  2794560  2160551  1495773  2367151  1725300  2775597 
"4096"   1170306  1608179  1731351  1307368  2260566  1376723  1588257  518750  1509149  894700  1349154 
"8192"   1061147  1273818  1453223  1452732  1647253  1752975  1760159  1573550  1489445  1679705  1211650  1183113 
"16384"   1110101  1155263  1449019  1204615  1460910  1864347  1799278  1741329  1597205  1382023  1114403  1032648  1381801 
"32768"   0  0  0  0  1509143  1586966  1657872  1647873  1658392  1185914  1050999  1229990  1117864 
"65536"   0  0  0  0  1052430  1333958  1647042  1484023  1222365  915970  1002600  847614  1193083 
"131072"   0  0  0  0  89764  95240  96359  96190  95205  92236  98099  109578  59748 
"262144"   0  0  0  0  14133  14124  14390  14274  14342  14656  14984  15203  15894 
"524288"   0  0  0  0  13156  12217  12585  12057  12079  12754  13279  12290  12113 

"Re-Fwrite report"
        "4"  "8"  "16"  "32"  "64"  "128"  "256"  "512"  "1024"  "2048"  "4096"  "8192"  "16384"
"64"   1163036  1452528  1780008  2772930  1304314 
"128"   976473  1332828  1705404  2558895  595328  1778862 
"256"   1157291  1455317  1506359  1729594  1842366  1079348  752549 
"512"   1168504  1169140  1426135  1827947  1954379  1711407  2416145  958781 
"1024"   1265904  1359680  1659694  1668074  1851434  1656494  1422266  3366474  1799462 
"2048"   1040724  1181753  1590196  1810768  1601164  1919621  2199836  1784066  2211731  1972971 
"4096"   911843  1420198  1626141  1690465  1786999  1787743  1983634  1178090  1099032  2260566  1309460 
"8192"   972459  1367562  1437958  1670478  1807189  1829805  1743016  1643628  1457415  1279177  1652561  1289886 
"16384"   1055537  1340323  1478448  1568622  1771038  1810179  1845025  1488117  1115543  1088645  1014791  1491767  1316823 
"32768"   0  0  0  0  1164965  1756255  1811391  1129541  1301606  1138967  929880  1121961  1424314 
"65536"   0  0  0  0  1375305  1073306  1452031  1411289  1534115  917615  915180  815011  1240766 
"131072"   0  0  0  0  91533  95237  91984  95792  94716  97473  101367  110803  55652 
"262144"   0  0  0  0  13994  13994  14139  14254  14056  14494  14677  15042  15839 
"524288"   0  0  0  0  11024  11006  11278  11274  11294  11325  11373  11481  11705 

"Fread report"
        "4"  "8"  "16"  "32"  "64"  "128"  "256"  "512"  "1024"  "2048"  "4096"  "8192"  "16384"
"64"   2467108  2923952  3541098  2923952  1879725 
"128"   2286447  2248149  2098744  2409592  2132084  1727352 
"256"   1729594  3557725  4132864  4477549  2754556  1855098  2015259 
"512"   2196227  2327124  2402629  4411377  4882800  2416145  2753870  2609952 
"1024"   2245375  2236023  2565989  2553783  4741598  3179559  3529706  2275110  2561398 
"2048"   1901771  2612664  2615051  3683812  1791882  2880782  3334853  3136379  1826943  1788524 
"4096"   1715961  1617719  2119975  2684016  2721862  2826656  2850576  2302374  1890222  1958979  1330761 
"8192"   1610048  2174693  2284434  2391106  2593225  2620719  2898625  2486987  2768534  2700004  1784383  1327255 
"16384"   1693774  1912656  2027254  2414445  2632445  2528421  2805471  2682802  1686996  1960511  1754175  1432168  1313350 
"32768"   0  0  0  0  2108774  2321337  2889327  2872359  2320200  2416177  1674312  1532791  1383899 
"65536"   0  0  0  0  1868674  2333234  2845061  2629534  2569749  2182561  1679127  1450774  1452514 
"131072"   0  0  0  0  2686560  2714041  2511197  2469338  2843028  2537590  1691203  1587825  1160011 
"262144"   0  0  0  0  2663579  2769963  2227089  2275574  2036861  1855296  1652424  1514652  1520441 
"524288"   0  0  0  0  200760  260292  284335  305179  309720  193194  171084  336006  330034 

"Re-Fread report"
        "4"  "8"  "16"  "32"  "64"  "128"  "256"  "512"  "1024"  "2048"  "4096"  "8192"  "16384"
"64"   2662899  3791156  4564786  1879725  5283570 
"128"   1997245  1967960  2140585  5122535  5325799  3785961 
"256"   2812272  4197489  4734192  5569035  2371308  5841722  1153561 
"512"   2474613  4099771  3325278  3628697  6319739  3941742  6736026  5566231 
"1024"   2960401  2710090  4694950  2730767  5444898  6529233  3012308  5277632  6025439 
"2048"   2745435  4120256  4120256  5475461  3251539  2727131  2528082  5626082  2081497  2540795 
"4096"   1607427  2268027  2027648  3561476  2654571  3163410  3984379  2323234  1918508  1816475  1515272 
"8192"   1692864  2267998  2555994  2619719  3124235  2500562  1982581  2755655  2980079  1644966  1849604  1023104 
"16384"   1571600  1794907  2085833  2424069  2702320  2822409  2731536  1836790  2106162  2282598  1760602  1570091  1365573 
"32768"   0  0  0  0  2099560  2646221  2689670  2476609  2626248  2350999  1712191  1227037  1567688 
"65536"   0  0  0  0  2204299  1900036  2627850  2504906  2798770  2228658  1597850  1489862  1544676 
"131072"   0  0  0  0  2582700  2838521  2317397  2358719  2710001  2550434  1675232  1517389  1245068 
"262144"   0  0  0  0  2321193  2660659  2402832  2167393  1964786  1784420  1594704  1559396  1510140 
"524288"   0  0  0  0  209328  255578  283883  308009  307490  186080  191786  338349  285060 
