	Iozone: Performance Test of File I/O
	        Version $Revision: 3.414 $
		Compiled for 64 bit mode.
		Build: linux-AMD64 

	Contributors:William Norcott, Don Capps, Isom Crawford, Kirby Collins
	             Al Slater, Scott Rhine, Mike Wisner, Ken Goss
	             Steve Landherr, Brad Smith, Mark Kelly, Dr. Alain CYR,
	             Randy Dunlap, Mark Montague, Dan Million, Gavin Brebner,
	             Jean-Marc Zucconi, Jeff Blomberg, Benny Halevy, Dave Boone,
	             Erik Habbinga, Kris Strecker, Walter Wong, Joshua Root,
	             Fabrice Bacchella, Zhenghua Xue, Qin Li, Darren Sawyer,
	             Vangel Bojaxhi, Ben England.

	Run began: Mon Feb 25 09:03:51 2013

	Auto Mode
	Excel chart generation enabled
	Command line used: ./benchmarks/iozone3_414/src/current/iozone -a -R
	Output is in Kbytes/sec
	Time Resolution = 0.000001 seconds.
	Processor cache size set to 1024 Kbytes.
	Processor cache line size set to 32 bytes.
	File stride size set to 17 * record size.
                                                            random  random    bkwd   record   stride                                   
              KB  reclen   write rewrite    read    reread    read   write    read  rewrite     read   fwrite frewrite   fread  freread
              64       4  353760  877797  1879725  1638743 1363961  780776 1255511   591520  2006158  1143223   913649 2052169  1163036
              64       8  529661 1210227  3791156  4018152 3203069 1421755 2298136  2006158  2772930  1484662  1452528 3022727  3203069
              64      16  710511 1492919  4564786  3057153 3958892 1553394  969761  2379626  2067979  1279447  1183548 1828508  3588436
              64      32  727850 1124074  5389653  5283570 4897948 1780008 3022727  1947927  1892980  1562436   926260 1947927  4564786
              64      64  831569 1105556  3363612  4564786 5389653 1722886 1648808  1879725  4564786  1518251  1232453 4274062  3738358
             128       4  441576 1206978  2286447  2920861 2132084 1123617 1772988  1603529  1504659  1152564   753179 1455701  2066432
             128       8  752124 1440082  3560017  2985839 3199360 1278855 1858934  2166499  2248149  1336145  1755594 1975201  3359523
             128      16  692017 1332828  4407601  4596273 4104338 1772988 2727923  2511022  3380677  1526043  1584598 2660335  3895854
             128      32  962469  766076  2969325  1852520 5325799 1833539 2248149  2377579  2784517  1778862  1278855 3199360  3759450
             128      64  947186 1878447  6045455  4267461 5847904 1802755 1487977  2660335  3053774  1332828  2166499 2608629  5122535
             128     128  663782 1684006  3867787  6406138 6406138 2202044 2558895  2286447  5122535  1911894  1185654 1521718  1424795
             256       4  633548 1103757  2371308  1422540 1662639  966633 1004618  1629830  2030503  1300235  1019886 1514860  2665657
             256       8  861885 1123389  2486631  3043436 2557711  955451 1985448  1230218  1591186  1439707  1298662 1938842  2533571
             256      16  897923 1579483  3123106  2975955 3935921 1752173 2205688  2665657  3511189  1534342  1298662 2135500  4819184
             256      32  737558 1532153  3810220  5841722 5217259 2034350 3123106  2975955  5022044  1938842  1407621 2015259  5569035
             256      64 1094754 1226004  1652404  2325094 4404088 2613746 2392442  3207059  4070199  1855098  1354356 2639446  4264168
             256     128 1237306 1673001  6249745  6761355 6554972 1447470 3017775  2903529  2692393  1437779  1195962 3511189  3087188
             256     256 1093639 1952947  3605511  6761355 6719046 1652404 2486631  2812272  2486631  1506359  1970871 4332998  4734192
             512       4  634448 1130370  1917728  2830083 2116152 1198502 1402845  1657257  1672748  1017858  1140576 1723770  2695115
             512       8  851903 1347393  2275345  3736016 3220553 1729323 1917728  2424328  1854787  1484293  1182661 2099600  3163620
             512      16  831132 1842059  3388236  3481620 4237291 1829505 2105777  2572435  3104171  1684557  1594501 3795443  2039772
             512      32 1089647 2811557  4532414  5509113 5278892 3259661 2486072  3533174  3795443  1296159  1550747 4131319  2638816
             512      64 1053821 1861217  4411377  4195896 6174377 2160868 2575520  3259661  1450212  1795846  2132967 3304808  2572435
             512     128 1023680 2285029  5822804  4411377 6395018 2107844 2449212  2304647  4610256  2089386  3201349 3849877  6571132
             512     256 1112797 1619757  5164632  6104175 7022379 2497638 3279573  3177664  6174377  1537424  1201856 2768068  2196227
             512     512 1174254 1322500  7211022  7309196 7211022 2708713 4068701  2216629  3239989  1846812  1079785 1446306  1707325
            1024       4  534944  898189  1199106  1729884 1950656 1383774 1628234  1633188  1815435   817807  1077025 1720874  2918161
            1024       8  805688 1250061  2056183  1946237 2069060 1132697 1602715  2444759  2077065  1444752  1238168 2024203  3040026
            1024      16 1049138 1947119  3579719  3003881 4099011 2586074 2281152  3037876  4064103  1903117  1544504 3066069  4433259
            1024      32 1057924 1780809  3518141  5751117 5251818 2155236 2877110  3606774  4228138  1988589  1701108 2892612  5536137
            1024      64  857654 2391665  4249053  2716948 6059442 1976691 3160839  3984917  5390231  1780809  1592612 3140041  5120336
            1024     128 1372717  959596  3103735  5690162 6776473 2688041 2960401  4130547  5356618  1900591  2027069 2632033  4126579
            1024     256 1336827 2052253  3735385  3696803 6441107 2197132 3112733  4095102  5720477  2220992  2183727 4162573  2478620
            1024     512 1211622 1404591  4265934  6609617 7066349 2760606 2918161  3643490  3436508  1790460  2250080 3472628  2028027
            1024    1024 1092921 1783768  6479979  3521025 5885083 3335105 3369115  2150918  1896395  1440391  2003431 2910252  4195100
            2048       4  697076 1248935  1756343  2896324 2137966 1317918 1251847  1416124  1370047  1139731  1244953 1750616  2905140
            2048       8  710393 1807720  2153510  2676988 2039974 1475476 1905146  2494314  2605532  1943069  1455475 2332443  2144371
            2048      16  937683 2131071  2298737  4686767 4204968 2255282 2151353  3007884  3489282  1638423  1538641 2174223  2497941
            2048      32 1064981 1826943  2582813  3368858 5083385 2955111 2278010  2875960  2021729  1624172  1530417 2704804  2452301
            2048      64 1038082 2443928  2361944  4751580 6225466 3160613 2712491  4186524  2708215  1901351  1634370 2373037  3286370
            2048     128 1106407 1948800  3034448  5596757 6780783 2572756 2875960  3764533  5319484  1631886  1477760 2559723  3199462
            2048     256 1261962 2049709  3079044  6080053 7013303 2914009 2951050  4120256  4623699  2058058  2054120 2916978  5403134
            2048     512 1432179 1935626  3567536  6132138 6670210 2972495 3302797  3764533  4365235  2306143  2250555 3266376  2415069
            2048    1024  793468 1954565  1616227  2629459 4550221 1502575 2270183  3600433  5172149  1693663  2467091 2745435  4462754
            2048    2048  772281 1947033  4730646  1900089 4081105 1958129 2104960  1777789  2027455  2779189  2160008 2702252  1784066
            4096       4  673567 1173985  1241606  1389866   80813 1049164 1438632  1650354  1087897    79640   886940 1664908  2204580
            4096       8  829832  860292  2037991  2257893 2337777 1515272 1957863  2431065  2173070  1854114  1369480 2092858  2878275
            4096      16  974755 1606825  2555081  3404782  109633 1525498 2255521  3031667  2014807   105801  1635896 2396475  2738348
            4096      32 1124057 1872096  2754594  2525038 4205798 2514321 2388147  3663236  2311668  1849922  1740649 2700046  3795980
            4096      64 1091422 1953410  2908979  4031124 5426697  158519 2454335  4027344  3096138    55046  1718192 1513670  2630589
            4096     128   46495 1828656  1764063  2041866 2696655   81405 2463132   163181  2844440  1760808  1901520 2644356  2533229
            4096     256 1147634 2050151  3175103  2910951 3824713  106336 2293460  3500519  6575257  1985468  1494836 2555461  3093907
            4096     512 1225574 2108009  2932315  3293177 2732686 1680050 3165742  4649735  7158858  1506899  1162309 2888438  3882626
            4096    1024   77646 2024780  2822940  3255732 4428023 1980661 1783289  3878244  5151685  2283098  2155619 2723588  2431065
            4096    2048  101130 1798975  2597576    81753 3424463 2536221 1873730  3204717  3552638  1716646  2448388 2666933  3167493
            4096    4096   63645 1437669  1699663  1658319 1744360 1403721 1880704  1608179  1612557  1449924  1519830 1844163  2038716
            8192       4   96802 1132123   201604   201030 1406813   70574 1418018  1688040  1215034   190396  1139369  284374  1561536
            8192       8   99881  196895  1889267  1696458 1839208   47060 1818379  2436548  1602165  1491579  1150432  103106    66737
            8192      16  176077 1385428  1628361  1614208 1504511 1274622   76033  2800805  1445824  1070136   689860  204105  2088127
            8192      32  119587  153551   202741  2185066 1914425 1506688 1990276  3319202  2153566  1527248  1577161 2347970  1495995
            8192      64  100404 1773606  2543130  2056138 1956949   92388 2153566  3602478  2279887  1546774  1233884 2573607   161323
            8192     128  145563 1652323  2841572  2434304 2998544 2081297 2772331  4049561  2589902  1976764  1842166 2424342  2462215
            8192     256 1099026 1891451  2094619  2765637 2632364   92750 2785592  4643957  2248114  1506424  1877190 2717085   158079
            8192     512 1189626 1955612   204784   204381 1399365   80412 2826843  4478702  6399884  1842562  1601195 2932017   129675
            8192    1024  121508 1854696  2965931  2540873 2916338 1963098 3011685  3708630  6001904  1988893  1712352 2649414  2528346
            8192    2048  118684 1765495  2813188  2663172 2795109   91998 1892388  4183678  5211701  1357405  1210753  204768  2513733
            8192    4096  975358  105200  1805574  1469193   72095 1454577 1808330  1572326  1822526   978274  1621522 1838814  1968271
            8192    8192   69904   79613    54440    72139 1292311 1231893  198012    71797  1599704   152081  1336392 1604410  1530923
           16384       4  609681 1164563  1490926  1246503 1004291  808057 1328996  1627004  1347789  1141826  1100183 1735787  1650450
           16384       8  823482 1433543  2208365  1777405 1813188 1333871 1529213  2478985  1893421  1420269  1177352 1835563  1812996
           16384      16  876850 1052143  2309835  1950052 2161206 1613860 1965446  2815125  2136679  1563056  1499285 2353986  2345550
           16384      32 1104711 1774467  2568011  2422275 2436618 1757000 2510593  3351220  2007591  1398078  1686458 2522944  2643381
           16384      64 1012608 1542600  2690259  2689417 2623100 1487183 2721153  3655523  2512061  1707027  1207176 2721584  2749900
           16384     128 1106187 1908407  2026716  2805585 2788848 2018263 2366633  4409106  2604312  1835759  1484997 2811784  2129990
           16384     256 1182783 1856139  2591153  2643890 2511694 1874364 2869911  4622965  2893719  1864751  1744246 2827751  2894694
           16384     512 1048227 1963087  2926249  2974121 2959010 2069751 2745725  4518400  2336220  1748951  1750065 2908538  2721584
           16384    1024 1166381 1582238  2803983  2982770 2824845 1998541 2904359  4739337  6255296  1626196  1743759 2669670  2874954
           16384    2048 1010301 1687825  2651131  2878446 2428695 1782846 2672681  3384394  4260931  1100324   971137 2552842  2451220
           16384    4096  953552 1237836  1758124  1322245 1504241 1419389 1676460  1504933  1413637  1194170  1202423 1730106  1628624
           16384    8192  857131 1193817  1562452  1587575 1566048 1337141 1591583  1278197  1397822  1042771  1346917 1244606  1174314
           16384   16384  670788 1152106  1508103  1549452 1381801 1365573 1513818  1322448  1592837  1363622  1280102 1570881  1562026
           32768      64 1112516 1708530  1927755  1707914 2280319 1579253 1920858  3733353  2149841  1236953  1331272 2354866  2018080
           32768     128  981224 1406114  1111832  1416081 1416621 1247541 2154931  4124966  2231666  1205987  1344385 2220058  2280470
           32768     256  961926 1468164  2244238  2529575 1991614 1771992 2607266  4223847  2304367  1467380  1327068 1987410  2003284
           32768     512  928454 1651041  2283008  2144374 2140000 1670060 1968029  4088765  2160486  1248970  1590051 2736366  2911422
           32768    1024 1140668 1855056  2829254  2807121 2885747 1999030 2589093  3817769  2153648  1293752   880884 2371362  2760327
           32768    2048 1024640 1399798  1774417  2746263 2525856 1715867 2614309  4412051  5235409  1048313  1011608 2413462  2529762
           32768    4096  941718 1302901  1557791  1598038 1526000 1184759 1638151  1502347  1840080  1096399  1052480 1617294  1708445
           32768    8192  899947 1281054  1363011  1523378 1574693 1351311 1494343  1356620  1483520  1124808  1099451 1522754  1480771
           32768   16384  869218  695887  1566634  1494213 1561862 1305959  643784   865758  1542320  1100887  1577277 1506100  1484850
           65536      64 1030698 1665676  2654163  2661461 2536808 1671581 2577411  4211603  2370622  1455421  1483758 2602793  2501577
           65536     128  978485 1640574  2440174  2726671 2290748 1781557 2383655  4456385  2775652  1417818  1422963 2427975  2318709
           65536     256  951948 1404331  2798770  2622810 2845061 1835691 2657036  4599943  2708535  1570176  1513563 2852501  2814762
           65536     512 1064692 1752815  2463862  2748069 2807059 1798270 2661899  4791000  2535918  1446491  1413633 2774840  2495559
           65536    1024 1033170 1739229  2768970  2825438 2687456 1598287 2343678  4559352  2771874  1336839  1156694 2802594  2744831
           65536    2048  784129 1518647  2600208  2607237 2582108 1466165 2070911  4050434  2535030   978677   950707 2265169  2483541
           65536    4096  846880 1212284  1597311  1702274 1678819 1263412 1704755  1558045  1710313   899761   955918 1705602  1581805
           65536    8192  833314 1203995  1527542  1579142 1488168 1247925 1459695  1294202  1614025   939208   927902 1178343  1207814
           65536   16384  734667  840592  1384839  1475404 1392542 1256275 1563994  1374349  1479565  1132607  1192535 1177879  1401152
          131072      64   82738   85777  2517372  2540346 2517994   89043 2522847  4143383  2404946    89046    91248 2554855  2749331
          131072     128   90233   92274  1824983  1601839 1279898   92025 2567718  4305906  2701000    93885    93200 2822520  2725100
          131072     256   93355   94862  2710282  2720690 2811981   94908 1929490  3676415  1765303    91385    92535 2439858  2253099
          131072     512   94542   95017  2437954  2421833 2342827   94295 2071362  4049444  2188650    96031    96883 2518525  2366385
          131072    1024   93606   96108  2246957  2321086 2349094   95710 2282367  3130891  2014851    96663    97145 2321870  2318873
          131072    2048   91008   95530  1948474  1965809 2030051   95798 1556602  1659726  1480772    83629    93859 1550543  1860049
          131072    4096   91128   94044  1535665  1354259 1481878   94937 1279299  1341205  1409873   101367   102167 1390136  1483253
          131072    8192   92119   94645  1371948  1291465 1310681   94035 1259784  1228222  1130124   110547   110750 1354119  1294743
          131072   16384   92176   38875  1283672  1270507 1276993   42313 1006040  1084969  1062739    66255    58046 1055076  1039875
          262144      64   14337   13764  2236853  2343501 2141682   14091 2330521  3744104  2245905    14161    13878 2279272  2229076
          262144     128   14162   13720  2271020  2263628 2303347   14204 2356838  3874209  2217576    14169    13888 2430704  2509488
          262144     256   14157   13881  2235175  2197463 2218417   14592 1959104  3625128  2102956    14615    14350 2216449  2374079
          262144     512   14546   14200  2233201  2307078 2182714   14637 2149533  4073595  2239496    14513    14382 2416048  2258402
          262144    1024   14542   14252  1846578  2017220 2040649   14197 2456560  4178526  2343126    14550    14396 2824708  2858957
          262144    2048   14527   14216  2541807  2453452 2499794   14577 1630046  3075541  1951246    14624    14489 2016184  2021466
          262144    4096   14587   14319  1700025  1614038 1684350   14697 1658141  1501191  1497205    14843    14656 1668911  1656842
          262144    8192   14613   14311  1505710  1534396 1543295   14746 1529028  1571117  1538394    14741    15018 1420449  1479668
          262144   16384   14662   14316  1542204  1374828 1456436   14787 1252767  1239628  1404708    15885    15819 1297709  1209168
          524288      64   11372   11176    77452   105837  222097   14793  209415  3873348   310178    13240    11267  188702   224667
          524288     128   12403   11171   113920   112711  342160   13534  285929  4443226   359169    12586    11273  241990   245563
          524288     256   11900   11134   112837   104637  440462   13445  347217  4251753   419283    12049    11200  244216   284435
          524288     512   12096   11260   113665   112966  458427   13284  398478  4069516   434453    12026    11281  313442   302660
          524288    1024   11937   11263   110937   110850  476805   13526  352276  4599785   494873    12024    11300  312339   288663
          524288    2048   11964   11250   101929    93438  307412   14204  397663  3844460   555524    11920    11318  239549   170440
          524288    4096   12542   11261    64244    77612  468312   15731  300768  1280440   461089    12573    11378  156684   180041
          524288    8192   12545   11199    67944    61995  412702   16550  351847  1369081   291662    12755    11380  332457   325122
          524288   16384   11800   11170   118085   117921  387038   13479  489934  1341596   607080    12124    11633  295161   294512

iozone test complete.
Excel output is below:

"Writer report"
        "4"  "8"  "16"  "32"  "64"  "128"  "256"  "512"  "1024"  "2048"  "4096"  "8192"  "16384"
"64"   353760  529661  710511  727850  831569 
"128"   441576  752124  692017  962469  947186  663782 
"256"   633548  861885  897923  737558  1094754  1237306  1093639 
"512"   634448  851903  831132  1089647  1053821  1023680  1112797  1174254 
"1024"   534944  805688  1049138  1057924  857654  1372717  1336827  1211622  1092921 
"2048"   697076  710393  937683  1064981  1038082  1106407  1261962  1432179  793468  772281 
"4096"   673567  829832  974755  1124057  1091422  46495  1147634  1225574  77646  101130  63645 
"8192"   96802  99881  176077  119587  100404  145563  1099026  1189626  121508  118684  975358  69904 
"16384"   609681  823482  876850  1104711  1012608  1106187  1182783  1048227  1166381  1010301  953552  857131  670788 
"32768"   0  0  0  0  1112516  981224  961926  928454  1140668  1024640  941718  899947  869218 
"65536"   0  0  0  0  1030698  978485  951948  1064692  1033170  784129  846880  833314  734667 
"131072"   0  0  0  0  82738  90233  93355  94542  93606  91008  91128  92119  92176 
"262144"   0  0  0  0  14337  14162  14157  14546  14542  14527  14587  14613  14662 
"524288"   0  0  0  0  11372  12403  11900  12096  11937  11964  12542  12545  11800 

"Re-writer report"
        "4"  "8"  "16"  "32"  "64"  "128"  "256"  "512"  "1024"  "2048"  "4096"  "8192"  "16384"
"64"   877797  1210227  1492919  1124074  1105556 
"128"   1206978  1440082  1332828  766076  1878447  1684006 
"256"   1103757  1123389  1579483  1532153  1226004  1673001  1952947 
"512"   1130370  1347393  1842059  2811557  1861217  2285029  1619757  1322500 
"1024"   898189  1250061  1947119  1780809  2391665  959596  2052253  1404591  1783768 
"2048"   1248935  1807720  2131071  1826943  2443928  1948800  2049709  1935626  1954565  1947033 
"4096"   1173985  860292  1606825  1872096  1953410  1828656  2050151  2108009  2024780  1798975  1437669 
"8192"   1132123  196895  1385428  153551  1773606  1652323  1891451  1955612  1854696  1765495  105200  79613 
"16384"   1164563  1433543  1052143  1774467  1542600  1908407  1856139  1963087  1582238  1687825  1237836  1193817  1152106 
"32768"   0  0  0  0  1708530  1406114  1468164  1651041  1855056  1399798  1302901  1281054  695887 
"65536"   0  0  0  0  1665676  1640574  1404331  1752815  1739229  1518647  1212284  1203995  840592 
"131072"   0  0  0  0  85777  92274  94862  95017  96108  95530  94044  94645  38875 
"262144"   0  0  0  0  13764  13720  13881  14200  14252  14216  14319  14311  14316 
"524288"   0  0  0  0  11176  11171  11134  11260  11263  11250  11261  11199  11170 

"Reader report"
        "4"  "8"  "16"  "32"  "64"  "128"  "256"  "512"  "1024"  "2048"  "4096"  "8192"  "16384"
"64"   1879725  3791156  4564786  5389653  3363612 
"128"   2286447  3560017  4407601  2969325  6045455  3867787 
"256"   2371308  2486631  3123106  3810220  1652404  6249745  3605511 
"512"   1917728  2275345  3388236  4532414  4411377  5822804  5164632  7211022 
"1024"   1199106  2056183  3579719  3518141  4249053  3103735  3735385  4265934  6479979 
"2048"   1756343  2153510  2298737  2582813  2361944  3034448  3079044  3567536  1616227  4730646 
"4096"   1241606  2037991  2555081  2754594  2908979  1764063  3175103  2932315  2822940  2597576  1699663 
"8192"   201604  1889267  1628361  202741  2543130  2841572  2094619  204784  2965931  2813188  1805574  54440 
"16384"   1490926  2208365  2309835  2568011  2690259  2026716  2591153  2926249  2803983  2651131  1758124  1562452  1508103 
"32768"   0  0  0  0  1927755  1111832  2244238  2283008  2829254  1774417  1557791  1363011  1566634 
"65536"   0  0  0  0  2654163  2440174  2798770  2463862  2768970  2600208  1597311  1527542  1384839 
"131072"   0  0  0  0  2517372  1824983  2710282  2437954  2246957  1948474  1535665  1371948  1283672 
"262144"   0  0  0  0  2236853  2271020  2235175  2233201  1846578  2541807  1700025  1505710  1542204 
"524288"   0  0  0  0  77452  113920  112837  113665  110937  101929  64244  67944  118085 

"Re-Reader report"
        "4"  "8"  "16"  "32"  "64"  "128"  "256"  "512"  "1024"  "2048"  "4096"  "8192"  "16384"
"64"   1638743  4018152  3057153  5283570  4564786 
"128"   2920861  2985839  4596273  1852520  4267461  6406138 
"256"   1422540  3043436  2975955  5841722  2325094  6761355  6761355 
"512"   2830083  3736016  3481620  5509113  4195896  4411377  6104175  7309196 
"1024"   1729884  1946237  3003881  5751117  2716948  5690162  3696803  6609617  3521025 
"2048"   2896324  2676988  4686767  3368858  4751580  5596757  6080053  6132138  2629459  1900089 
"4096"   1389866  2257893  3404782  2525038  4031124  2041866  2910951  3293177  3255732  81753  1658319 
"8192"   201030  1696458  1614208  2185066  2056138  2434304  2765637  204381  2540873  2663172  1469193  72139 
"16384"   1246503  1777405  1950052  2422275  2689417  2805585  2643890  2974121  2982770  2878446  1322245  1587575  1549452 
"32768"   0  0  0  0  1707914  1416081  2529575  2144374  2807121  2746263  1598038  1523378  1494213 
"65536"   0  0  0  0  2661461  2726671  2622810  2748069  2825438  2607237  1702274  1579142  1475404 
"131072"   0  0  0  0  2540346  1601839  2720690  2421833  2321086  1965809  1354259  1291465  1270507 
"262144"   0  0  0  0  2343501  2263628  2197463  2307078  2017220  2453452  1614038  1534396  1374828 
"524288"   0  0  0  0  105837  112711  104637  112966  110850  93438  77612  61995  117921 

"Random read report"
        "4"  "8"  "16"  "32"  "64"  "128"  "256"  "512"  "1024"  "2048"  "4096"  "8192"  "16384"
"64"   1363961  3203069  3958892  4897948  5389653 
"128"   2132084  3199360  4104338  5325799  5847904  6406138 
"256"   1662639  2557711  3935921  5217259  4404088  6554972  6719046 
"512"   2116152  3220553  4237291  5278892  6174377  6395018  7022379  7211022 
"1024"   1950656  2069060  4099011  5251818  6059442  6776473  6441107  7066349  5885083 
"2048"   2137966  2039974  4204968  5083385  6225466  6780783  7013303  6670210  4550221  4081105 
"4096"   80813  2337777  109633  4205798  5426697  2696655  3824713  2732686  4428023  3424463  1744360 
"8192"   1406813  1839208  1504511  1914425  1956949  2998544  2632364  1399365  2916338  2795109  72095  1292311 
"16384"   1004291  1813188  2161206  2436618  2623100  2788848  2511694  2959010  2824845  2428695  1504241  1566048  1381801 
"32768"   0  0  0  0  2280319  1416621  1991614  2140000  2885747  2525856  1526000  1574693  1561862 
"65536"   0  0  0  0  2536808  2290748  2845061  2807059  2687456  2582108  1678819  1488168  1392542 
"131072"   0  0  0  0  2517994  1279898  2811981  2342827  2349094  2030051  1481878  1310681  1276993 
"262144"   0  0  0  0  2141682  2303347  2218417  2182714  2040649  2499794  1684350  1543295  1456436 
"524288"   0  0  0  0  222097  342160  440462  458427  476805  307412  468312  412702  387038 

"Random write report"
        "4"  "8"  "16"  "32"  "64"  "128"  "256"  "512"  "1024"  "2048"  "4096"  "8192"  "16384"
"64"   780776  1421755  1553394  1780008  1722886 
"128"   1123617  1278855  1772988  1833539  1802755  2202044 
"256"   966633  955451  1752173  2034350  2613746  1447470  1652404 
"512"   1198502  1729323  1829505  3259661  2160868  2107844  2497638  2708713 
"1024"   1383774  1132697  2586074  2155236  1976691  2688041  2197132  2760606  3335105 
"2048"   1317918  1475476  2255282  2955111  3160613  2572756  2914009  2972495  1502575  1958129 
"4096"   1049164  1515272  1525498  2514321  158519  81405  106336  1680050  1980661  2536221  1403721 
"8192"   70574  47060  1274622  1506688  92388  2081297  92750  80412  1963098  91998  1454577  1231893 
"16384"   808057  1333871  1613860  1757000  1487183  2018263  1874364  2069751  1998541  1782846  1419389  1337141  1365573 
"32768"   0  0  0  0  1579253  1247541  1771992  1670060  1999030  1715867  1184759  1351311  1305959 
"65536"   0  0  0  0  1671581  1781557  1835691  1798270  1598287  1466165  1263412  1247925  1256275 
"131072"   0  0  0  0  89043  92025  94908  94295  95710  95798  94937  94035  42313 
"262144"   0  0  0  0  14091  14204  14592  14637  14197  14577  14697  14746  14787 
"524288"   0  0  0  0  14793  13534  13445  13284  13526  14204  15731  16550  13479 

"Backward read report"
        "4"  "8"  "16"  "32"  "64"  "128"  "256"  "512"  "1024"  "2048"  "4096"  "8192"  "16384"
"64"   1255511  2298136  969761  3022727  1648808 
"128"   1772988  1858934  2727923  2248149  1487977  2558895 
"256"   1004618  1985448  2205688  3123106  2392442  3017775  2486631 
"512"   1402845  1917728  2105777  2486072  2575520  2449212  3279573  4068701 
"1024"   1628234  1602715  2281152  2877110  3160839  2960401  3112733  2918161  3369115 
"2048"   1251847  1905146  2151353  2278010  2712491  2875960  2951050  3302797  2270183  2104960 
"4096"   1438632  1957863  2255521  2388147  2454335  2463132  2293460  3165742  1783289  1873730  1880704 
"8192"   1418018  1818379  76033  1990276  2153566  2772331  2785592  2826843  3011685  1892388  1808330  198012 
"16384"   1328996  1529213  1965446  2510593  2721153  2366633  2869911  2745725  2904359  2672681  1676460  1591583  1513818 
"32768"   0  0  0  0  1920858  2154931  2607266  1968029  2589093  2614309  1638151  1494343  643784 
"65536"   0  0  0  0  2577411  2383655  2657036  2661899  2343678  2070911  1704755  1459695  1563994 
"131072"   0  0  0  0  2522847  2567718  1929490  2071362  2282367  1556602  1279299  1259784  1006040 
"262144"   0  0  0  0  2330521  2356838  1959104  2149533  2456560  1630046  1658141  1529028  1252767 
"524288"   0  0  0  0  209415  285929  347217  398478  352276  397663  300768  351847  489934 

"Record rewrite report"
        "4"  "8"  "16"  "32"  "64"  "128"  "256"  "512"  "1024"  "2048"  "4096"  "8192"  "16384"
"64"   591520  2006158  2379626  1947927  1879725 
"128"   1603529  2166499  2511022  2377579  2660335  2286447 
"256"   1629830  1230218  2665657  2975955  3207059  2903529  2812272 
"512"   1657257  2424328  2572435  3533174  3259661  2304647  3177664  2216629 
"1024"   1633188  2444759  3037876  3606774  3984917  4130547  4095102  3643490  2150918 
"2048"   1416124  2494314  3007884  2875960  4186524  3764533  4120256  3764533  3600433  1777789 
"4096"   1650354  2431065  3031667  3663236  4027344  163181  3500519  4649735  3878244  3204717  1608179 
"8192"   1688040  2436548  2800805  3319202  3602478  4049561  4643957  4478702  3708630  4183678  1572326  71797 
"16384"   1627004  2478985  2815125  3351220  3655523  4409106  4622965  4518400  4739337  3384394  1504933  1278197  1322448 
"32768"   0  0  0  0  3733353  4124966  4223847  4088765  3817769  4412051  1502347  1356620  865758 
"65536"   0  0  0  0  4211603  4456385  4599943  4791000  4559352  4050434  1558045  1294202  1374349 
"131072"   0  0  0  0  4143383  4305906  3676415  4049444  3130891  1659726  1341205  1228222  1084969 
"262144"   0  0  0  0  3744104  3874209  3625128  4073595  4178526  3075541  1501191  1571117  1239628 
"524288"   0  0  0  0  3873348  4443226  4251753  4069516  4599785  3844460  1280440  1369081  1341596 

"Stride read report"
        "4"  "8"  "16"  "32"  "64"  "128"  "256"  "512"  "1024"  "2048"  "4096"  "8192"  "16384"
"64"   2006158  2772930  2067979  1892980  4564786 
"128"   1504659  2248149  3380677  2784517  3053774  5122535 
"256"   2030503  1591186  3511189  5022044  4070199  2692393  2486631 
"512"   1672748  1854787  3104171  3795443  1450212  4610256  6174377  3239989 
"1024"   1815435  2077065  4064103  4228138  5390231  5356618  5720477  3436508  1896395 
"2048"   1370047  2605532  3489282  2021729  2708215  5319484  4623699  4365235  5172149  2027455 
"4096"   1087897  2173070  2014807  2311668  3096138  2844440  6575257  7158858  5151685  3552638  1612557 
"8192"   1215034  1602165  1445824  2153566  2279887  2589902  2248114  6399884  6001904  5211701  1822526  1599704 
"16384"   1347789  1893421  2136679  2007591  2512061  2604312  2893719  2336220  6255296  4260931  1413637  1397822  1592837 
"32768"   0  0  0  0  2149841  2231666  2304367  2160486  2153648  5235409  1840080  1483520  1542320 
"65536"   0  0  0  0  2370622  2775652  2708535  2535918  2771874  2535030  1710313  1614025  1479565 
"131072"   0  0  0  0  2404946  2701000  1765303  2188650  2014851  1480772  1409873  1130124  1062739 
"262144"   0  0  0  0  2245905  2217576  2102956  2239496  2343126  1951246  1497205  1538394  1404708 
"524288"   0  0  0  0  310178  359169  419283  434453  494873  555524  461089  291662  607080 

"Fwrite report"
        "4"  "8"  "16"  "32"  "64"  "128"  "256"  "512"  "1024"  "2048"  "4096"  "8192"  "16384"
"64"   1143223  1484662  1279447  1562436  1518251 
"128"   1152564  1336145  1526043  1778862  1332828  1911894 
"256"   1300235  1439707  1534342  1938842  1855098  1437779  1506359 
"512"   1017858  1484293  1684557  1296159  1795846  2089386  1537424  1846812 
"1024"   817807  1444752  1903117  1988589  1780809  1900591  2220992  1790460  1440391 
"2048"   1139731  1943069  1638423  1624172  1901351  1631886  2058058  2306143  1693663  2779189 
"4096"   79640  1854114  105801  1849922  55046  1760808  1985468  1506899  2283098  1716646  1449924 
"8192"   190396  1491579  1070136  1527248  1546774  1976764  1506424  1842562  1988893  1357405  978274  152081 
"16384"   1141826  1420269  1563056  1398078  1707027  1835759  1864751  1748951  1626196  1100324  1194170  1042771  1363622 
"32768"   0  0  0  0  1236953  1205987  1467380  1248970  1293752  1048313  1096399  1124808  1100887 
"65536"   0  0  0  0  1455421  1417818  1570176  1446491  1336839  978677  899761  939208  1132607 
"131072"   0  0  0  0  89046  93885  91385  96031  96663  83629  101367  110547  66255 
"262144"   0  0  0  0  14161  14169  14615  14513  14550  14624  14843  14741  15885 
"524288"   0  0  0  0  13240  12586  12049  12026  12024  11920  12573  12755  12124 

"Re-Fwrite report"
        "4"  "8"  "16"  "32"  "64"  "128"  "256"  "512"  "1024"  "2048"  "4096"  "8192"  "16384"
"64"   913649  1452528  1183548  926260  1232453 
"128"   753179  1755594  1584598  1278855  2166499  1185654 
"256"   1019886  1298662  1298662  1407621  1354356  1195962  1970871 
"512"   1140576  1182661  1594501  1550747  2132967  3201349  1201856  1079785 
"1024"   1077025  1238168  1544504  1701108  1592612  2027069  2183727  2250080  2003431 
"2048"   1244953  1455475  1538641  1530417  1634370  1477760  2054120  2250555  2467091  2160008 
"4096"   886940  1369480  1635896  1740649  1718192  1901520  1494836  1162309  2155619  2448388  1519830 
"8192"   1139369  1150432  689860  1577161  1233884  1842166  1877190  1601195  1712352  1210753  1621522  1336392 
"16384"   1100183  1177352  1499285  1686458  1207176  1484997  1744246  1750065  1743759  971137  1202423  1346917  1280102 
"32768"   0  0  0  0  1331272  1344385  1327068  1590051  880884  1011608  1052480  1099451  1577277 
"65536"   0  0  0  0  1483758  1422963  1513563  1413633  1156694  950707  955918  927902  1192535 
"131072"   0  0  0  0  91248  93200  92535  96883  97145  93859  102167  110750  58046 
"262144"   0  0  0  0  13878  13888  14350  14382  14396  14489  14656  15018  15819 
"524288"   0  0  0  0  11267  11273  11200  11281  11300  11318  11378  11380  11633 

"Fread report"
        "4"  "8"  "16"  "32"  "64"  "128"  "256"  "512"  "1024"  "2048"  "4096"  "8192"  "16384"
"64"   2052169  3022727  1828508  1947927  4274062 
"128"   1455701  1975201  2660335  3199360  2608629  1521718 
"256"   1514860  1938842  2135500  2015259  2639446  3511189  4332998 
"512"   1723770  2099600  3795443  4131319  3304808  3849877  2768068  1446306 
"1024"   1720874  2024203  3066069  2892612  3140041  2632033  4162573  3472628  2910252 
"2048"   1750616  2332443  2174223  2704804  2373037  2559723  2916978  3266376  2745435  2702252 
"4096"   1664908  2092858  2396475  2700046  1513670  2644356  2555461  2888438  2723588  2666933  1844163 
"8192"   284374  103106  204105  2347970  2573607  2424342  2717085  2932017  2649414  204768  1838814  1604410 
"16384"   1735787  1835563  2353986  2522944  2721584  2811784  2827751  2908538  2669670  2552842  1730106  1244606  1570881 
"32768"   0  0  0  0  2354866  2220058  1987410  2736366  2371362  2413462  1617294  1522754  1506100 
"65536"   0  0  0  0  2602793  2427975  2852501  2774840  2802594  2265169  1705602  1178343  1177879 
"131072"   0  0  0  0  2554855  2822520  2439858  2518525  2321870  1550543  1390136  1354119  1055076 
"262144"   0  0  0  0  2279272  2430704  2216449  2416048  2824708  2016184  1668911  1420449  1297709 
"524288"   0  0  0  0  188702  241990  244216  313442  312339  239549  156684  332457  295161 

"Re-Fread report"
        "4"  "8"  "16"  "32"  "64"  "128"  "256"  "512"  "1024"  "2048"  "4096"  "8192"  "16384"
"64"   1163036  3203069  3588436  4564786  3738358 
"128"   2066432  3359523  3895854  3759450  5122535  1424795 
"256"   2665657  2533571  4819184  5569035  4264168  3087188  4734192 
"512"   2695115  3163620  2039772  2638816  2572435  6571132  2196227  1707325 
"1024"   2918161  3040026  4433259  5536137  5120336  4126579  2478620  2028027  4195100 
"2048"   2905140  2144371  2497941  2452301  3286370  3199462  5403134  2415069  4462754  1784066 
"4096"   2204580  2878275  2738348  3795980  2630589  2533229  3093907  3882626  2431065  3167493  2038716 
"8192"   1561536  66737  2088127  1495995  161323  2462215  158079  129675  2528346  2513733  1968271  1530923 
"16384"   1650450  1812996  2345550  2643381  2749900  2129990  2894694  2721584  2874954  2451220  1628624  1174314  1562026 
"32768"   0  0  0  0  2018080  2280470  2003284  2911422  2760327  2529762  1708445  1480771  1484850 
"65536"   0  0  0  0  2501577  2318709  2814762  2495559  2744831  2483541  1581805  1207814  1401152 
"131072"   0  0  0  0  2749331  2725100  2253099  2366385  2318873  1860049  1483253  1294743  1039875 
"262144"   0  0  0  0  2229076  2509488  2374079  2258402  2858957  2021466  1656842  1479668  1209168 
"524288"   0  0  0  0  224667  245563  284435  302660  288663  170440  180041  325122  294512 
