	Iozone: Performance Test of File I/O
	        Version $Revision: 3.414 $
		Compiled for 64 bit mode.
		Build: linux-AMD64 

	Contributors:William Norcott, Don Capps, Isom Crawford, Kirby Collins
	             Al Slater, Scott Rhine, Mike Wisner, Ken Goss
	             Steve Landherr, Brad Smith, Mark Kelly, Dr. Alain CYR,
	             Randy Dunlap, Mark Montague, Dan Million, Gavin Brebner,
	             Jean-Marc Zucconi, Jeff Blomberg, Benny Halevy, Dave Boone,
	             Erik Habbinga, Kris Strecker, Walter Wong, Joshua Root,
	             Fabrice Bacchella, Zhenghua Xue, Qin Li, Darren Sawyer,
	             Vangel Bojaxhi, Ben England.

	Run began: Wed Feb 20 15:03:31 2013

	Auto Mode
	Excel chart generation enabled
	Command line used: ./benchmarks/iozone3_414/src/current/iozone -a -R
	Output is in Kbytes/sec
	Time Resolution = 0.000001 seconds.
	Processor cache size set to 1024 Kbytes.
	Processor cache line size set to 32 bytes.
	File stride size set to 17 * record size.
                                                            random  random    bkwd   record   stride                                   
              KB  reclen   write rewrite    read    reread    read   write    read  rewrite     read   fwrite frewrite   fread  freread
              64       4  470274  969761  2379626  2561267  799377  727850  969761   969761  1828508   735831  1204796 2006158   874936
              64       8  645579 1518251  2801873  1780008 2067979  610350 1255511   752329  1385075  1690338  1183548 2358717  1879725
              64      16  760859  983980  3022727  4274062 3958892 1638743 1562436  2379626  2467108  1163036  1828508 2772930  3203069
              64      32  615952 1336792  2662899  2052169 1033216  460591 2006158  2278628  1947927  1083249   581273 2278628  4564786
              64      64  874936 1484662  2561267  4897948 5735102 1690338  743988  1363961  2662899  1879725  1421755 2561267  5389653
             128       4  473930 1152564  2166499  2905056 2098744 1142750 1306873  1561553  1911894  1123617  1152564 1658003  1487977
             128       8  711270  908709  2027414  2004703 3199360 1175271 1684006  2202044  2843510  1243315  1000121 2175277  2367096
             128      16  805138 1294270  2969325  3199360 3560017 1852520 1684006  2409592  3277486  1543594  1102844 2367096  1557024
             128      32  590094  864797  3468030  1254941 4717434 1266785  556454  3124872  4267461  2004703  1266785 2211113  2066432
             128      64 1040839 1377278  1526043  4012317 6114306 1911894 4407601  3036502  2238774  1278855  1196221 2784517  1487977
             128     128  969421 3124872  6727225  6406138 6406138 3657016 4407601  3759450  4267461  3445772  3277486 5545860  6045455
             256       4  699139 1579483  1826695  2880164 2097948  965763  785010  1588832  1924938  1195962  1248819 2639446  1696795
             256       8  850956  984356  2665657  4197489 3326279 1598292 2135500  2350543  3087188  1453348  1504249 2975955  4132864
             256      16  984356 2261434  3052087  4350555 4070199 2613746 3123106  2872459  4197489  2350543  2081678 3499745  4652146
             256      32 1260547 1985448  5217259  5687020 5242734 3087188 3994490  3123106  5117791  2842047  1036624 2588541  5569035
             256      64 1201314 3087188  5938650  6073004 6073004 3511189 2285501  3326279  3605511  1842366  2392442 2984226  6249745
             256     128 1031644 2747508  4819184  4132864 6761355 2049885 4840911  2539563  6249745  1610276  3368013 2699161  2486631
             256     256 1173737 1985448  7314033  5810112 7120034 2242541 5810112  2305128  3114048  1718521  2148318 5022044  6719046
             512       4  616950  944860  1975959  2753870 2114069 1152822 1938502  1662389  1674052  1130370  1139970 2107844  2826358
             512       8  833713 1347393  1387437  3913012 2782414 1599251 2225819  2471765  3140488  1533034  1500891 2665014  4195896
             512      16  997991 1650887  2962840  4571003 4228947 1890713 1999881  2830083  2768068  1594501  2216629 2625909  4871723
             512      32  578554 1614885  3762197  5384786 5278892 2032051 1652157  3259661  4961773  1594501  1446306 3762197  5509113
             512      64 1213400 2049505  1560891  5566231 5951911 3046915 3279573  3963567  3459188  2370799  1041049 3346002  5624545
             512     128  879825 1910902  5079126  4620174 5019764 3788747 4532414  4195896  3877684  1589779  2845081 3046915  4163357
             512     256 1413929  842214  4871723  1875849 4030519 1895721 1514652  3788747  3934520  1036527  1961520 2572435  2497638
             512     512  981121 1766304  7022379  5566231 5822804 3051245 2339802  3459188  2753870  1764853  1718254 2207515  1882427
            1024       4  597452 1046071  1483680  1838751 1452078 1279861 1169078  1560781  1267398  1302766  1051449 1297649  2480051
            1024       8  842017 1372717  1943594  1969440 1878973 1259592 1132697  2386350   950885  1289855  1233545 1535119  2619192
            1024      16  588206 1094034  1625154  2835325 4130547 2220992 2592318  2918161  3369115  2150918  1442326 2245375  2027069
            1024      32  823136 1450607  2297012  2708381 4079544 2877110 1738989  3133170  3291652  1326505  1314729 1969440  2586074
            1024      64  920125 1769073  2255990  2138070 5593820 1828574 2182617  3951918  3631168  1610528  1646334 2516377   671528
            1024     128 1273410  861957  2715230  3877004 5660167 2751762 2739476  2822283  4339202  1812371  1718120 1917562  2674649
            1024     256  924084 1834824  1783768  3335105 6874084 1774922 2510493  3722435  4920874  1852232  1928757 2455943  2822283
            1024     512  885048 1438461  3425544  2976816 6569179 3591693 2679655  3200886  3951918  1587315  2414523 2437821  2924122
            1024    1024  911726 1787480  6402699  6733974 7160597 3179559 2592318  3556008  2604895  1510288  1802483 2666347  5071963
            2048       4  598484 1078486  1599971  1598780 1932143   53763 1275264  1662201  1273751   767931  1113146 1615315  1482094
            2048       8  802812 1397918  2011785  1882599 3108009 1402711 1791882  2255282  2250555  1838281  1360931 2109095  3637020
            2048      16  813995 1245133  2238241  2155672 1821906 1531781 1971160  2798201  1944829  1540849  1533970 2009902  2062505
            2048      32  940352 1593737  2415069  2434922 5056455 1587845 2258247  3644736  2280429  1603854  1559876 1706788  2566606
            2048      64  989874 1220541  2518447  3757946 5655716 3297725 2694623  4170264  1943069  1838281  1826943 2582036  2321725
            2048     128 1183870 1952344  2860636  5006356 6759439 3477979 2756890  3402216  3843705  1358993  1853353 2786401  3093459
            2048     256 1277540 2048243  3154809  5723548 6939647 3777778 2128958  3999400  6440169  1988040  2183619 3736694  6058611
            2048     512  936048 1924783  2670330  1963500 3644736 1283266 3250308  4519101  3374151  1756343  2280429 3215029  5306340
            2048    1024 1208181 1961707  4229816  6041567 6266340 3363581 2884652  4310472  3864455  1801275  2235910 3094573  5119743
            2048    2048  904222 1955900  5420181  5277002 5900467 2235910 2547576  2180847  2540795  2392202  1959916 2472773  2151353
            4096       4  654201 1254938  1466509  1683507 1555048  986736 1424201  1618329  1448335   105406  1107035 1704554  1986386
            4096       8   40242 1472795  1726133  2370354 1879881   79945 2060231  2042837  2086757  1813981  1387061 2127852  2668176
            4096      16  848899 1688471  2410937  3483484 4027344 2427973 1870262  2647616  2312601  1415401  1471281 2100535  2346077
            4096      32  837805 1690465  2561939  2505155 4541567 1999099 2084478  3720353  3546038  1449312  1725439 2547125  4023571
            4096      64  921725 1768603  2555081  1909552 3349029 1809968 2200909  4240052  1671875  1747376  1944786 2807257  3886139
            4096     128 1151866 1412840  2896717  2087518 2389808 1029609 2628979  4376138  2659914  1606224  1971116 2750624  2391139
            4096     256 1159016 1878031  2232077  2864359 4876757 2381526 2581185  4226492  6850558  1890015  1976786 3023131  2946397
            4096     512 1065563 1414935  3020473  3399392 3169831 1839227 2890868  4653513  5910222  2306392  1320430 2811391  2534724
            4096    1024 1147328 1993069  3494822  3309035 4302706   81895 2592090  3237937  4746074  2377242  2113715 2143516  2703870
            4096    2048 1015130 1885037  3552638  3867766 3614679 2522072 2670249  3761077  1789419  1233760  2503695 2727047  1817243
            4096    4096  932785 1566962  1432156  1355862   41357 1169350 1862759  1510343  1958979  1635896  1596225 1360802  1492758
            8192       4   82503  985428  1320827   165823 1076203   77810  150015  1627281  1396237  1155578   189187 1584507    80854
            8192       8  841762 1194672  2028223  2148449 2155322   89005 1871567  2425883  1858910  1346922   266944 2073885  1986938
            8192      16  115657 1393689  2105917   157063 2364938 1478168 2040872  3014063  2161016   153506  1475249 2402307  2460804
            8192      32 1066946 1663683  2606405  2591661 2714295 1848808 2079282   110035  2511345  1849206  1638768 2083316   209476
            8192      64  255027 1811572  2749041  2836411 3166561   81725 2604627  4029614  2628940   126415  1620222 2738088  2610564
            8192     128  148234 1800088  2833604   130008 2939542 2029780  304149  4413692  2629946  1598439  1552364 2855505  2505850
            8192     256  148929 1672185  2815032   152616 1667074   92521 2548789  4143818  2554284  1983039  1481099 2837582  2195537
            8192     512  259658 2019639   304818  2808359 3311524  107697 2568797  4602281  5936574   279152  1881920  153745  2095641
            8192    1024 1106600 1876780  2801490  3032953 2730472   65825 2799892  4536055  6117309   822420  1433638 2598128  2784463
            8192    2048 1136843 1735971   209551   205777 2736997 1951392  294052   108139  2594792   276542  1275237 2386290  2300494
            8192    4096  976883 1435435  1756740  1587875   72773 1309900 1780868   105321   285354   148739  1829416 1174458  1732295
            8192    8192  929023 1305470  1564237    72407 1501749 1440490 1522106  1390586  1662395  1335925  1377044 1524943  1574776
           16384       4   96102  167086  1746507   235611   41597  130604 1149831   138456   271424    89607   121432 1714138  1628122
           16384       8  127019 1398306  1997612  2097292  139773  135548  285803   117232  1509627   169826   168391 2118695  2065582
           16384      16  101618 1581473  2159780   157314  157496 1533786  205365  2635373  2230948  1514919   275319 2317078  2272408
           16384      32  130790  194959   386397   245980 2403803  155509 2428695  3645633  2294947   234616   104684 2153553  2196576
           16384      64  132425 1847506  2480506   386616 2517491  140145 2686368  4086843   301875   287035  1781275 2792134   109130
           16384     128 1173131  106038  2626509  2765726  245508  140240 2819051  3995131  2518229   169130   459168   87379   133090
           16384     256  121092  128770    91452   292426  141738 1574336  468490  4111293  2098893   163925   212285 2301789  2469364
           16384     512  252528  230215   129053   240640 2486520  156185  290412  4274448   390420   233786   139947 2803068   158802
           16384    1024  102965 1866524  2332889   206569 1914255  154039 2529165  4758701  7023080   135471   148720  113754  2643381
           16384    2048  120845  333483   385850   300519  157143 1876104 2674866  4032642  5048891   151104  1395806 2438088  1949776
           16384    4096  158518  169166   233639   139779  169590  137087 1591288   153697   493969   149365   192909  200850  1700480
           16384    8192  117403  165518   137410   138207  138455  136327  199083   136880   232084   133581  1559049  173005   104339
           16384   16384   73550  193964   138176  1564693  153967  135744  465945   151636   346781   170560   150898  135258   153704
           32768      64  132717  186427   301842   271715  297874  256732  451442  4137383   540430   285298   111009  180463   685092
           32768     128  106310  416816   911944  2817306  143316  287279  194254   314360   386666   217666   187498  303644   341667
           32768     256  116833  212164   210603   889326  143416  289938 2512512  4239613   544582   259552    93319  439430   180742
           32768     512  140747  620677   385025   694150  272376  146575  273479  4332087   387970   196081   216897  435969   272866
           32768    1024  125172  260435   440660   271858  270915  152429  285330   279369   426850   142740    70519  659117   300891
           32768    2048  115480  166371   202896   166912  297704  139304  336980   277763   601568   107163   133206  134498   301503
           32768    4096  118383  266666   216763   164412  139100  143865  279459   137298   360904   145748   156224  257512   279387
           32768    8192   89385 1079096  1513948  1198531 1561206 1319538 1595478  1362551  1625403  1212327  1106729 1529856  1447414
           32768   16384  907302 1266744  1524578  1496263 1486070 1298041 1316089  1269681  1355162  1079384  1576228 1492234  1417059
           65536      64 1011060 1688119  2665797  2412864 2666004 1725906 2510282  4153061  2587699  1477434  1646056 2468864  2470173
           65536     128 1007300 1618139  2769081  2646751 2730435 1723050 2581599  4453713  2417597  1673372  1242415 2193009  2566702
           65536     256 1050777 1768092  2578040  2794133 2566198 1817617 2727942  4689804  2517616  1436025  1451387 2297737  2428061
           65536     512  841012 1425812  2502899  2671549 2300795 1678512 2721245  4679186  2850756  1351842  1227655 2754431  2657473
           65536    1024 1059407 1669835  2595469  2865705 2326126 1824397 2809670  4172921  2730679  1250543  1399326 2464326  2530456
           65536    2048  937459 1336676  2459519  2235201 2417235 1451647 2551833  3095862  2177288   957356  1023152 2658990  2723051
           65536    4096  770206 1232062  1736054  1658760 1642800 1342703 1560486  1515808   757755   998326   927038 1714977  1435058
           65536    8192  806834 1057561  1618606  1564920 1143572 1119584 1505505  1354439  1454481  1014033   806418 1438678  1544893
           65536   16384  794057 1143438  1553651  1449366 1560309 1159803 1408865  1313321  1523841  1135118  1140748 1194997  1234991
          131072      64   79311   87855  2292341  2274248 2607618   86931 2644763  4153495  2531083    87367    91279 2681502  2772542
          131072     128   88552   92924  2690255  2516162 2706146   90807 2428295  3936815  2297054    93971    91521 2573729  2598104
          131072     256   94145   95632  2044775  1974216 2306953   85196 1985733  3783622  2548152    90820    80687 2279755  1790841
          131072     512   80033   87639  1817592  2143065 1935468   92978 2305608  3856181  2220017    95120    90904 2336485  2468484
          131072    1024   94387   94024  2465009  2236226 1958958   93925 2512161  3984580  2380237    96211    95259 2115936  2473850
          131072    2048   94134   96467  1890911  1975728 1815449   93946 2021534  2950270  2066045    98345    98042 1850544  1504445
          131072    4096   70785   89996  1222984  1072665 1257044   91536 1323265  1176366  1217756    98738   102525 1447255  1425856
          131072    8192   92696   89706   971494  1191304 1210135   82088 1305328  1201326  1290788   110585    88913 1409070  1338521
          131072   16384   93363   92804  1144724  1040899 1203765   95975 1496118  1352483  1409891   135479    83510 1494089  1511070
          262144      64   14431   14349  2658343  2526934 2556131   14588 2443707  4112248  2498368    14539    14349 2655967  2734363
          262144     128   14278   14312  2670903  2574807 2673631   14553 2084596  2435172  1668878    14344    14327 2712808  2670961
          262144     256   14529   14169  2761185  2754164 2638801   14546 2708831  4347342  2728819    14463    14333 2679253  2693740
          262144     512   14524   13902  2061934  2045299 1497562   14517 1821937  2302517  1797046    13733    14042  721623  1001168
          262144    1024   15089   14207  1165379  1552553 1326552   14589 2067381  3000147  2015157    14515    14295 2038284  1859400
          262144    2048   14513   14199  1964157  1978685 1781111   14449 2202023  2901210  2159679    14547    14126 2019257  1969346
          262144    4096   14443   14192  1686789  1721020 1723394   14497 1717198  1518618  1711201    14581    14526 1503377  1670556
          262144    8192   14494   14304  1549415  1535699 1525307   14628 1431018  1161784  1470134    14824    15014 1259859  1289279
          262144   16384   14719   14309  1211564  1205525 1073120   14909 1523589  1246732  1401178    15896    15813 1505640  1498916
          524288      64   11352   11251    97508   110666  200366   14223  160124  4082222   299893    13354    11281  226319   226062
          524288     128   12324   11262   102438   110504  332602   13860  262716  3957940   364057    12602    11003  231417   228881
          524288     256   12242   10997   113932   102202  387160   13755  356186  4527414   406855    12105    11274  272028   278246
          524288     512   12088   11265   104848   112385  450331   13683  400612  4025430   454788    11937    10973  304592   300073
          524288    1024   12019   11195   112837   110349  472422   13575  442576  4646005   475324    11927    11292  296588   280919
          524288    2048   11889   11251   113732   110527  457415   13512  369033  3860652   529253    11984    11322  281033   266075
          524288    4096   12082   11260    93983    87349  411962   14422  360299  1457797   477667    12294    11375  287643   287715
          524288    8192   12010   11262   103214   103215  480579   13824  506013  1375751   405112    12256    11478  289738   215428
          524288   16384   12239   11257   112266   112037  289490   13710  481075  1292524   445768    12271    11707  197010   214114

iozone test complete.
Excel output is below:

"Writer report"
        "4"  "8"  "16"  "32"  "64"  "128"  "256"  "512"  "1024"  "2048"  "4096"  "8192"  "16384"
"64"   470274  645579  760859  615952  874936 
"128"   473930  711270  805138  590094  1040839  969421 
"256"   699139  850956  984356  1260547  1201314  1031644  1173737 
"512"   616950  833713  997991  578554  1213400  879825  1413929  981121 
"1024"   597452  842017  588206  823136  920125  1273410  924084  885048  911726 
"2048"   598484  802812  813995  940352  989874  1183870  1277540  936048  1208181  904222 
"4096"   654201  40242  848899  837805  921725  1151866  1159016  1065563  1147328  1015130  932785 
"8192"   82503  841762  115657  1066946  255027  148234  148929  259658  1106600  1136843  976883  929023 
"16384"   96102  127019  101618  130790  132425  1173131  121092  252528  102965  120845  158518  117403  73550 
"32768"   0  0  0  0  132717  106310  116833  140747  125172  115480  118383  89385  907302 
"65536"   0  0  0  0  1011060  1007300  1050777  841012  1059407  937459  770206  806834  794057 
"131072"   0  0  0  0  79311  88552  94145  80033  94387  94134  70785  92696  93363 
"262144"   0  0  0  0  14431  14278  14529  14524  15089  14513  14443  14494  14719 
"524288"   0  0  0  0  11352  12324  12242  12088  12019  11889  12082  12010  12239 

"Re-writer report"
        "4"  "8"  "16"  "32"  "64"  "128"  "256"  "512"  "1024"  "2048"  "4096"  "8192"  "16384"
"64"   969761  1518251  983980  1336792  1484662 
"128"   1152564  908709  1294270  864797  1377278  3124872 
"256"   1579483  984356  2261434  1985448  3087188  2747508  1985448 
"512"   944860  1347393  1650887  1614885  2049505  1910902  842214  1766304 
"1024"   1046071  1372717  1094034  1450607  1769073  861957  1834824  1438461  1787480 
"2048"   1078486  1397918  1245133  1593737  1220541  1952344  2048243  1924783  1961707  1955900 
"4096"   1254938  1472795  1688471  1690465  1768603  1412840  1878031  1414935  1993069  1885037  1566962 
"8192"   985428  1194672  1393689  1663683  1811572  1800088  1672185  2019639  1876780  1735971  1435435  1305470 
"16384"   167086  1398306  1581473  194959  1847506  106038  128770  230215  1866524  333483  169166  165518  193964 
"32768"   0  0  0  0  186427  416816  212164  620677  260435  166371  266666  1079096  1266744 
"65536"   0  0  0  0  1688119  1618139  1768092  1425812  1669835  1336676  1232062  1057561  1143438 
"131072"   0  0  0  0  87855  92924  95632  87639  94024  96467  89996  89706  92804 
"262144"   0  0  0  0  14349  14312  14169  13902  14207  14199  14192  14304  14309 
"524288"   0  0  0  0  11251  11262  10997  11265  11195  11251  11260  11262  11257 

"Reader report"
        "4"  "8"  "16"  "32"  "64"  "128"  "256"  "512"  "1024"  "2048"  "4096"  "8192"  "16384"
"64"   2379626  2801873  3022727  2662899  2561267 
"128"   2166499  2027414  2969325  3468030  1526043  6727225 
"256"   1826695  2665657  3052087  5217259  5938650  4819184  7314033 
"512"   1975959  1387437  2962840  3762197  1560891  5079126  4871723  7022379 
"1024"   1483680  1943594  1625154  2297012  2255990  2715230  1783768  3425544  6402699 
"2048"   1599971  2011785  2238241  2415069  2518447  2860636  3154809  2670330  4229816  5420181 
"4096"   1466509  1726133  2410937  2561939  2555081  2896717  2232077  3020473  3494822  3552638  1432156 
"8192"   1320827  2028223  2105917  2606405  2749041  2833604  2815032  304818  2801490  209551  1756740  1564237 
"16384"   1746507  1997612  2159780  386397  2480506  2626509  91452  129053  2332889  385850  233639  137410  138176 
"32768"   0  0  0  0  301842  911944  210603  385025  440660  202896  216763  1513948  1524578 
"65536"   0  0  0  0  2665797  2769081  2578040  2502899  2595469  2459519  1736054  1618606  1553651 
"131072"   0  0  0  0  2292341  2690255  2044775  1817592  2465009  1890911  1222984  971494  1144724 
"262144"   0  0  0  0  2658343  2670903  2761185  2061934  1165379  1964157  1686789  1549415  1211564 
"524288"   0  0  0  0  97508  102438  113932  104848  112837  113732  93983  103214  112266 

"Re-Reader report"
        "4"  "8"  "16"  "32"  "64"  "128"  "256"  "512"  "1024"  "2048"  "4096"  "8192"  "16384"
"64"   2561267  1780008  4274062  2052169  4897948 
"128"   2905056  2004703  3199360  1254941  4012317  6406138 
"256"   2880164  4197489  4350555  5687020  6073004  4132864  5810112 
"512"   2753870  3913012  4571003  5384786  5566231  4620174  1875849  5566231 
"1024"   1838751  1969440  2835325  2708381  2138070  3877004  3335105  2976816  6733974 
"2048"   1598780  1882599  2155672  2434922  3757946  5006356  5723548  1963500  6041567  5277002 
"4096"   1683507  2370354  3483484  2505155  1909552  2087518  2864359  3399392  3309035  3867766  1355862 
"8192"   165823  2148449  157063  2591661  2836411  130008  152616  2808359  3032953  205777  1587875  72407 
"16384"   235611  2097292  157314  245980  386616  2765726  292426  240640  206569  300519  139779  138207  1564693 
"32768"   0  0  0  0  271715  2817306  889326  694150  271858  166912  164412  1198531  1496263 
"65536"   0  0  0  0  2412864  2646751  2794133  2671549  2865705  2235201  1658760  1564920  1449366 
"131072"   0  0  0  0  2274248  2516162  1974216  2143065  2236226  1975728  1072665  1191304  1040899 
"262144"   0  0  0  0  2526934  2574807  2754164  2045299  1552553  1978685  1721020  1535699  1205525 
"524288"   0  0  0  0  110666  110504  102202  112385  110349  110527  87349  103215  112037 

"Random read report"
        "4"  "8"  "16"  "32"  "64"  "128"  "256"  "512"  "1024"  "2048"  "4096"  "8192"  "16384"
"64"   799377  2067979  3958892  1033216  5735102 
"128"   2098744  3199360  3560017  4717434  6114306  6406138 
"256"   2097948  3326279  4070199  5242734  6073004  6761355  7120034 
"512"   2114069  2782414  4228947  5278892  5951911  5019764  4030519  5822804 
"1024"   1452078  1878973  4130547  4079544  5593820  5660167  6874084  6569179  7160597 
"2048"   1932143  3108009  1821906  5056455  5655716  6759439  6939647  3644736  6266340  5900467 
"4096"   1555048  1879881  4027344  4541567  3349029  2389808  4876757  3169831  4302706  3614679  41357 
"8192"   1076203  2155322  2364938  2714295  3166561  2939542  1667074  3311524  2730472  2736997  72773  1501749 
"16384"   41597  139773  157496  2403803  2517491  245508  141738  2486520  1914255  157143  169590  138455  153967 
"32768"   0  0  0  0  297874  143316  143416  272376  270915  297704  139100  1561206  1486070 
"65536"   0  0  0  0  2666004  2730435  2566198  2300795  2326126  2417235  1642800  1143572  1560309 
"131072"   0  0  0  0  2607618  2706146  2306953  1935468  1958958  1815449  1257044  1210135  1203765 
"262144"   0  0  0  0  2556131  2673631  2638801  1497562  1326552  1781111  1723394  1525307  1073120 
"524288"   0  0  0  0  200366  332602  387160  450331  472422  457415  411962  480579  289490 

"Random write report"
        "4"  "8"  "16"  "32"  "64"  "128"  "256"  "512"  "1024"  "2048"  "4096"  "8192"  "16384"
"64"   727850  610350  1638743  460591  1690338 
"128"   1142750  1175271  1852520  1266785  1911894  3657016 
"256"   965763  1598292  2613746  3087188  3511189  2049885  2242541 
"512"   1152822  1599251  1890713  2032051  3046915  3788747  1895721  3051245 
"1024"   1279861  1259592  2220992  2877110  1828574  2751762  1774922  3591693  3179559 
"2048"   53763  1402711  1531781  1587845  3297725  3477979  3777778  1283266  3363581  2235910 
"4096"   986736  79945  2427973  1999099  1809968  1029609  2381526  1839227  81895  2522072  1169350 
"8192"   77810  89005  1478168  1848808  81725  2029780  92521  107697  65825  1951392  1309900  1440490 
"16384"   130604  135548  1533786  155509  140145  140240  1574336  156185  154039  1876104  137087  136327  135744 
"32768"   0  0  0  0  256732  287279  289938  146575  152429  139304  143865  1319538  1298041 
"65536"   0  0  0  0  1725906  1723050  1817617  1678512  1824397  1451647  1342703  1119584  1159803 
"131072"   0  0  0  0  86931  90807  85196  92978  93925  93946  91536  82088  95975 
"262144"   0  0  0  0  14588  14553  14546  14517  14589  14449  14497  14628  14909 
"524288"   0  0  0  0  14223  13860  13755  13683  13575  13512  14422  13824  13710 

"Backward read report"
        "4"  "8"  "16"  "32"  "64"  "128"  "256"  "512"  "1024"  "2048"  "4096"  "8192"  "16384"
"64"   969761  1255511  1562436  2006158  743988 
"128"   1306873  1684006  1684006  556454  4407601  4407601 
"256"   785010  2135500  3123106  3994490  2285501  4840911  5810112 
"512"   1938502  2225819  1999881  1652157  3279573  4532414  1514652  2339802 
"1024"   1169078  1132697  2592318  1738989  2182617  2739476  2510493  2679655  2592318 
"2048"   1275264  1791882  1971160  2258247  2694623  2756890  2128958  3250308  2884652  2547576 
"4096"   1424201  2060231  1870262  2084478  2200909  2628979  2581185  2890868  2592090  2670249  1862759 
"8192"   150015  1871567  2040872  2079282  2604627  304149  2548789  2568797  2799892  294052  1780868  1522106 
"16384"   1149831  285803  205365  2428695  2686368  2819051  468490  290412  2529165  2674866  1591288  199083  465945 
"32768"   0  0  0  0  451442  194254  2512512  273479  285330  336980  279459  1595478  1316089 
"65536"   0  0  0  0  2510282  2581599  2727942  2721245  2809670  2551833  1560486  1505505  1408865 
"131072"   0  0  0  0  2644763  2428295  1985733  2305608  2512161  2021534  1323265  1305328  1496118 
"262144"   0  0  0  0  2443707  2084596  2708831  1821937  2067381  2202023  1717198  1431018  1523589 
"524288"   0  0  0  0  160124  262716  356186  400612  442576  369033  360299  506013  481075 

"Record rewrite report"
        "4"  "8"  "16"  "32"  "64"  "128"  "256"  "512"  "1024"  "2048"  "4096"  "8192"  "16384"
"64"   969761  752329  2379626  2278628  1363961 
"128"   1561553  2202044  2409592  3124872  3036502  3759450 
"256"   1588832  2350543  2872459  3123106  3326279  2539563  2305128 
"512"   1662389  2471765  2830083  3259661  3963567  4195896  3788747  3459188 
"1024"   1560781  2386350  2918161  3133170  3951918  2822283  3722435  3200886  3556008 
"2048"   1662201  2255282  2798201  3644736  4170264  3402216  3999400  4519101  4310472  2180847 
"4096"   1618329  2042837  2647616  3720353  4240052  4376138  4226492  4653513  3237937  3761077  1510343 
"8192"   1627281  2425883  3014063  110035  4029614  4413692  4143818  4602281  4536055  108139  105321  1390586 
"16384"   138456  117232  2635373  3645633  4086843  3995131  4111293  4274448  4758701  4032642  153697  136880  151636 
"32768"   0  0  0  0  4137383  314360  4239613  4332087  279369  277763  137298  1362551  1269681 
"65536"   0  0  0  0  4153061  4453713  4689804  4679186  4172921  3095862  1515808  1354439  1313321 
"131072"   0  0  0  0  4153495  3936815  3783622  3856181  3984580  2950270  1176366  1201326  1352483 
"262144"   0  0  0  0  4112248  2435172  4347342  2302517  3000147  2901210  1518618  1161784  1246732 
"524288"   0  0  0  0  4082222  3957940  4527414  4025430  4646005  3860652  1457797  1375751  1292524 

"Stride read report"
        "4"  "8"  "16"  "32"  "64"  "128"  "256"  "512"  "1024"  "2048"  "4096"  "8192"  "16384"
"64"   1828508  1385075  2467108  1947927  2662899 
"128"   1911894  2843510  3277486  4267461  2238774  4267461 
"256"   1924938  3087188  4197489  5117791  3605511  6249745  3114048 
"512"   1674052  3140488  2768068  4961773  3459188  3877684  3934520  2753870 
"1024"   1267398  950885  3369115  3291652  3631168  4339202  4920874  3951918  2604895 
"2048"   1273751  2250555  1944829  2280429  1943069  3843705  6440169  3374151  3864455  2540795 
"4096"   1448335  2086757  2312601  3546038  1671875  2659914  6850558  5910222  4746074  1789419  1958979 
"8192"   1396237  1858910  2161016  2511345  2628940  2629946  2554284  5936574  6117309  2594792  285354  1662395 
"16384"   271424  1509627  2230948  2294947  301875  2518229  2098893  390420  7023080  5048891  493969  232084  346781 
"32768"   0  0  0  0  540430  386666  544582  387970  426850  601568  360904  1625403  1355162 
"65536"   0  0  0  0  2587699  2417597  2517616  2850756  2730679  2177288  757755  1454481  1523841 
"131072"   0  0  0  0  2531083  2297054  2548152  2220017  2380237  2066045  1217756  1290788  1409891 
"262144"   0  0  0  0  2498368  1668878  2728819  1797046  2015157  2159679  1711201  1470134  1401178 
"524288"   0  0  0  0  299893  364057  406855  454788  475324  529253  477667  405112  445768 

"Fwrite report"
        "4"  "8"  "16"  "32"  "64"  "128"  "256"  "512"  "1024"  "2048"  "4096"  "8192"  "16384"
"64"   735831  1690338  1163036  1083249  1879725 
"128"   1123617  1243315  1543594  2004703  1278855  3445772 
"256"   1195962  1453348  2350543  2842047  1842366  1610276  1718521 
"512"   1130370  1533034  1594501  1594501  2370799  1589779  1036527  1764853 
"1024"   1302766  1289855  2150918  1326505  1610528  1812371  1852232  1587315  1510288 
"2048"   767931  1838281  1540849  1603854  1838281  1358993  1988040  1756343  1801275  2392202 
"4096"   105406  1813981  1415401  1449312  1747376  1606224  1890015  2306392  2377242  1233760  1635896 
"8192"   1155578  1346922  153506  1849206  126415  1598439  1983039  279152  822420  276542  148739  1335925 
"16384"   89607  169826  1514919  234616  287035  169130  163925  233786  135471  151104  149365  133581  170560 
"32768"   0  0  0  0  285298  217666  259552  196081  142740  107163  145748  1212327  1079384 
"65536"   0  0  0  0  1477434  1673372  1436025  1351842  1250543  957356  998326  1014033  1135118 
"131072"   0  0  0  0  87367  93971  90820  95120  96211  98345  98738  110585  135479 
"262144"   0  0  0  0  14539  14344  14463  13733  14515  14547  14581  14824  15896 
"524288"   0  0  0  0  13354  12602  12105  11937  11927  11984  12294  12256  12271 

"Re-Fwrite report"
        "4"  "8"  "16"  "32"  "64"  "128"  "256"  "512"  "1024"  "2048"  "4096"  "8192"  "16384"
"64"   1204796  1183548  1828508  581273  1421755 
"128"   1152564  1000121  1102844  1266785  1196221  3277486 
"256"   1248819  1504249  2081678  1036624  2392442  3368013  2148318 
"512"   1139970  1500891  2216629  1446306  1041049  2845081  1961520  1718254 
"1024"   1051449  1233545  1442326  1314729  1646334  1718120  1928757  2414523  1802483 
"2048"   1113146  1360931  1533970  1559876  1826943  1853353  2183619  2280429  2235910  1959916 
"4096"   1107035  1387061  1471281  1725439  1944786  1971116  1976786  1320430  2113715  2503695  1596225 
"8192"   189187  266944  1475249  1638768  1620222  1552364  1481099  1881920  1433638  1275237  1829416  1377044 
"16384"   121432  168391  275319  104684  1781275  459168  212285  139947  148720  1395806  192909  1559049  150898 
"32768"   0  0  0  0  111009  187498  93319  216897  70519  133206  156224  1106729  1576228 
"65536"   0  0  0  0  1646056  1242415  1451387  1227655  1399326  1023152  927038  806418  1140748 
"131072"   0  0  0  0  91279  91521  80687  90904  95259  98042  102525  88913  83510 
"262144"   0  0  0  0  14349  14327  14333  14042  14295  14126  14526  15014  15813 
"524288"   0  0  0  0  11281  11003  11274  10973  11292  11322  11375  11478  11707 

"Fread report"
        "4"  "8"  "16"  "32"  "64"  "128"  "256"  "512"  "1024"  "2048"  "4096"  "8192"  "16384"
"64"   2006158  2358717  2772930  2278628  2561267 
"128"   1658003  2175277  2367096  2211113  2784517  5545860 
"256"   2639446  2975955  3499745  2588541  2984226  2699161  5022044 
"512"   2107844  2665014  2625909  3762197  3346002  3046915  2572435  2207515 
"1024"   1297649  1535119  2245375  1969440  2516377  1917562  2455943  2437821  2666347 
"2048"   1615315  2109095  2009902  1706788  2582036  2786401  3736694  3215029  3094573  2472773 
"4096"   1704554  2127852  2100535  2547125  2807257  2750624  3023131  2811391  2143516  2727047  1360802 
"8192"   1584507  2073885  2402307  2083316  2738088  2855505  2837582  153745  2598128  2386290  1174458  1524943 
"16384"   1714138  2118695  2317078  2153553  2792134  87379  2301789  2803068  113754  2438088  200850  173005  135258 
"32768"   0  0  0  0  180463  303644  439430  435969  659117  134498  257512  1529856  1492234 
"65536"   0  0  0  0  2468864  2193009  2297737  2754431  2464326  2658990  1714977  1438678  1194997 
"131072"   0  0  0  0  2681502  2573729  2279755  2336485  2115936  1850544  1447255  1409070  1494089 
"262144"   0  0  0  0  2655967  2712808  2679253  721623  2038284  2019257  1503377  1259859  1505640 
"524288"   0  0  0  0  226319  231417  272028  304592  296588  281033  287643  289738  197010 

"Re-Fread report"
        "4"  "8"  "16"  "32"  "64"  "128"  "256"  "512"  "1024"  "2048"  "4096"  "8192"  "16384"
"64"   874936  1879725  3203069  4564786  5389653 
"128"   1487977  2367096  1557024  2066432  1487977  6045455 
"256"   1696795  4132864  4652146  5569035  6249745  2486631  6719046 
"512"   2826358  4195896  4871723  5509113  5624545  4163357  2497638  1882427 
"1024"   2480051  2619192  2027069  2586074  671528  2674649  2822283  2924122  5071963 
"2048"   1482094  3637020  2062505  2566606  2321725  3093459  6058611  5306340  5119743  2151353 
"4096"   1986386  2668176  2346077  4023571  3886139  2391139  2946397  2534724  2703870  1817243  1492758 
"8192"   80854  1986938  2460804  209476  2610564  2505850  2195537  2095641  2784463  2300494  1732295  1574776 
"16384"   1628122  2065582  2272408  2196576  109130  133090  2469364  158802  2643381  1949776  1700480  104339  153704 
"32768"   0  0  0  0  685092  341667  180742  272866  300891  301503  279387  1447414  1417059 
"65536"   0  0  0  0  2470173  2566702  2428061  2657473  2530456  2723051  1435058  1544893  1234991 
"131072"   0  0  0  0  2772542  2598104  1790841  2468484  2473850  1504445  1425856  1338521  1511070 
"262144"   0  0  0  0  2734363  2670961  2693740  1001168  1859400  1969346  1670556  1289279  1498916 
"524288"   0  0  0  0  226062  228881  278246  300073  280919  266075  287715  215428  214114 
