	Iozone: Performance Test of File I/O
	        Version $Revision: 3.414 $
		Compiled for 64 bit mode.
		Build: linux-AMD64 

	Contributors:William Norcott, Don Capps, Isom Crawford, Kirby Collins
	             Al Slater, Scott Rhine, Mike Wisner, Ken Goss
	             Steve Landherr, Brad Smith, Mark Kelly, Dr. Alain CYR,
	             Randy Dunlap, Mark Montague, Dan Million, Gavin Brebner,
	             Jean-Marc Zucconi, Jeff Blomberg, Benny Halevy, Dave Boone,
	             Erik Habbinga, Kris Strecker, Walter Wong, Joshua Root,
	             Fabrice Bacchella, Zhenghua Xue, Qin Li, Darren Sawyer,
	             Vangel Bojaxhi, Ben England.

	Run began: Thu Feb 21 00:03:31 2013

	Auto Mode
	Excel chart generation enabled
	Command line used: ./benchmarks/iozone3_414/src/current/iozone -a -R
	Output is in Kbytes/sec
	Time Resolution = 0.000001 seconds.
	Processor cache size set to 1024 Kbytes.
	Processor cache line size set to 32 bytes.
	File stride size set to 17 * record size.
                                                            random  random    bkwd   record   stride                                   
              KB  reclen   write rewrite    read    reread    read   write    read  rewrite     read   fwrite frewrite   fread  freread
              64       4  566551  889431  2203800  2561267 2067979  219165 1279447  1526887  2067979  1183548  1168097 2203800  1279447
              64       8  603489 1204796  1879725  1690338 3057153 1232453 1991276  2203800  3057153  1892980   955947 1310683  3022727
              64      16  413101 1013707  4018152  2006158 4018152 2379626 1460430  2561267  2278628  1484662  1780008 2358717  1933893
              64      32  866463 1690338  5389653  4988978 4897948 1768283 3541098  2052169  4274062  1363961  1049372 3541098  4897948
              64      64  913649  955947  5735102  4988978 5860307 1892980 3057153  1933893  4564786  1991276  1679761 2133730  4988978
             128       4  631014 1231904  2843510  2905056 2098744 1133103 1852520  1579934   992724  1102844  1319723 1684006  2858650
             128       8  809997 1487977  4012317  4233807 2727923 1504659 2784517  2286447  3468030  1487977  1294270 3124872  3867787
             128      16  819893 1967960  4596273  2727923 4267461 1598754 2558895  2608629  4012317  1504659  1243315 3106789  4557257
             128      32  983630 2248149  5325799  5325799 4717434 2905056 3759450  2660335  3380677  1689305  2098744 4444086  1085013
             128      64  942199 1878447  6114306  5784891 4407601 2132084 4407601  2420455  2843510  1521718  2714132 4934216  5847904
             128     128 1057236 1939522  5074121  6114306 6045455 1997245 3359523  3560017  4934216  2004703  1710838 2969325  4407601
             256       4  627256 1195962  2015259  2692393 2097948 1219045 1407621  1632308  2015259  1304976  1224606 2290377  2582316
             256       8  876662 1543163  3557725  2419396 3326279 1391207 1696795  1970871  2170027  1375171  1108314 2081678  4197489
             256      16  913973 1471270  2665657  4572895 4132864 1686137 2242541  2849590  4132864  1842366  1683493 3499745  4819184
             256      32  958864 1842366  4496299  5717301 5217259 2045979 4117018  3285566  4755158  1814348  1256123 3316006  5569035
             256      64 1008392 2943325  4572895  3114048 6073004 2049885 2509882  3705040  5687020  2486631  2392442 5455847  2486631
             256     128 1178892 1044693  4350555  5971678 6719046 2413957 2480886  3285566  4907284  1325925  1117543 2533571  2563818
             256     256 1089202 2726577  6595234  6719046 6761355 3511189 2061693  2152625  3078337  2665657  2170027 5117791  6554972
             512       4  557092 1130370  2509312  2811557 2116152 1174254 1438555  1635797  1130370  1130370   876593 1889050  2860238
             512       8  608730 1541840  2463259  4091959 3284589 1528669 2651850  2394591  2424328   879465  1488408 2265742  4038098
             512      16  598884 1961520  3259661  4784885 4163357 2638816 1970519  2942541  1783912  1289156  1303238 2460437  4061007
             512      32  811349 1565443  2509312  5384786 5278892 2381315 2416145  3481620  4610256  1624659  1350783 2122426  2089386
             512      64  819398 1174897  2438090  2370799 5384786 2722449 2572435  3941742  3678421  1766304  1589779 2613128  2560168
             512     128 1082507 1207940  2845081  3201349 6551087 3388236 2081286  3768799  5684095  1897396  1783912 1467055  1537424
             512     256 1001715 1672748  3393590  3504346 4030519 2979282 2275345  3762197  3259661  1442420  1625889 2178404  4411377
             512     512  671969 1398278  6821616  7115451 7115451 1875849 2141475  3279573  2016784  1467055  1723770 2449212  4375425
            1024       4  578539 1043783  1519371  1568189 1430318 1033237 1446211  1678504  1207534  1133893   750238 1354535  1854631
            1024       8  582541 1333093  2015654  1943594 2942149 1256644 1638171  2461573  1790460  1264041  1288307 2056183  1446211
            1024      16  765344 1532928  2354947  2183727 4215688 1698417 1750329  2842832  2132761  1349004  1391395 2230218  1988589
            1024      32  825827 1620249  2094282  1914144 2444759 1352828 2225595  3544270  3130886  1848247  1151834 2432298  4014717
            1024      64 1065535 1675884  2491561  4282950 5950309 3210456 1510288  3735385  5564829  1835608  1681132 2132761  3358576
            1024     128  892775 1732676  1098792  2478620 5417427 2632033 1741104  3835457  4995276  1903117  1812371 2578312  2900425
            1024     256 1127641 1679160  2805690  3112733 3063882 3631168 2426801  3469823  4995276  2081090  1430318 2448941  1895558
            1024     512  952573 1724328  3937426  4783849 6317933 3481072 1872419  3518141  2869422  1701108  2275110 2311849  2077065
            1024    1024 1122924 1635675  5593820  6874084 7257394 3369115 2600164  1825466  2151996  1720874  1649496 2782064  1684429
            2048       4  613356 1162403  1553950  1660915 1348327  807567 1350023  1561009  1460673  1159109   845981 1574169  1343687
            2048       8  757168 1280778  2058551  2021729 2041913 1294677 1744572  2544558  2438378  1741389  1226992 1621719  1624172
            2048      16  880855 1397008  1914061  2390205 1988500 1444219 2011785  2748949  1582579  1635615  1214845 2263006  2370418
            2048      32  928861 1488257  2060032  2072957 1971160 1408461 2153510  3302797  1668983  2078978  1625402 2345819  2278010
            2048      64  993767 2015562  2107025  1620190 2443928 1706449 2113766  4046500  3799501  1974785  1799766 2282853  2403581
            2048     128 1045410 1765367  2632683  2612664 6024617 2335614 2667014  4385291  6690992  2771120  2064488 2151353  2605532
            2048     256 1310279 1986660  3215029  5884299 6990474 2798201 2933915  4540600  5332694  1957683  1952344 2921939  4945823
            2048     512 1459680 2389540  3470953  2158380 5596757 1894223 2848305  3579429  5754221  2446713  2104960 2929912  5280246
            2048    1024 1394061 1974785  4293237  6280083 4338776 3136379 2913021  3093459  3690142  1729468  2599225 1248028  2869235
            2048    2048  947718 1591375  1475476  1892553 4762117 1635615 2270783  3324528  2771120  2659582  2050198 2142232  3848872
            4096       4  643614 1191077  1607427  1851716 1672526 1062203 1378270  1647031  1570543  1179384  1086727 1682024  1629998
            4096       8  877831 1493797  1982718  2661562 2876348 1885865 1865186  2461720  2012918  1577175  1376834 2210537  2678994
            4096      16 1032766 1442255  2213956  2132342 2288267 1563397 1605024  2635836  1677917  1238206  1519292 2223411  2276744
            4096      32 1140624 1620925  2389476  4019805 3415612 1575873 2210537  3736536  3139133  1477100  1698823 2592481  2635836
            4096      64 1108249 1876390  2821086  4452120 5236478 2927818 2289487  4249491  2876348  2670249  1799729 2544108  3683658
            4096     128 1142217 1938642  2710696  2620558 4623457 1827877 2977031  4043458  3602551  1756488  1834122 2840208  3660895
            4096     256 1212171 1639643  2908979  2905044 5238075 2644356 3162828  4623457  4581535  1912315  1843372 2886496  3143729
            4096     512  986736 1987535  3271230  2729213 4824714 2364807 2687375  4428023  6451792  2245791  1159720 2612190  2259080
            4096    1024  725997 1962560  3102848  2961635 4055868 1770790 2874423  2807257  4116116  1190334  1916795 1673830  1660242
            4096    2048  995657 1605624  2719708  2137648 2923334 2545616 2670249  4063542  3248345  1477735  2378558 2277951  1921297
            4096    4096  987473 1637768  2171696  1622149 1295439 1585179 1582114  1750403  1882352  1473932  1575440 2091839  1780886
            8192       4  620841 1179903  1779393  1745584 1531810  983651 1333591  1704199  1287276  1196794  1006265 1733781  1777000
            8192       8  755245 1482761  2066651  1941688 1859715 1381917 1609143  2519817  1906458  1512525  1387778 2156946  2470358
            8192      16  853407 1635492  2342687  2173593 1945315 1460264 2084960  2979046  2351344  1515861  1549214 2087113  2441743
            8192      32 1056611 1625049  2658845  2738961 2904996 1798486 2356666  3715045  2726139  1872077  1699226 2597342  2404493
            8192      64 1119289 1622134  2641673  2831502 2759196 1952390 2253717  4128880  2322576  1687294  1762507 2752785  2550303
            8192     128 1084594 1887088  2916338  2625525 3100554 2014311 2746404  4304757  3369657  1580862  1410220 2490773  2824752
            8192     256 1191730 1880993  2934020  2708945 2661522 1684234 2629745  4528283  2935022  1970642   787240 2820115  2756319
            8192     512  992000 1709116  1874630  2114600 2057246 1767403 2528532  4385525  6628284  1460016  1601867 2499834  2548789
            8192    1024 1128220 1048646  2196801  2814110 2668343 1763592 2568989  4447398  5810089  2016321  1960746 2379350  2970290
            8192    2048 1097376 1660628  1166128  2737215 2059836 1395783 2084960  3851208  4426201  1681020  1086893 2632364  2310083
            8192    4096  970400 1113955  1482185  1866078 1826498 1478422 1802354  1292506  1917630  1190038  1508408 1441457  1514525
            8192    8192  958462 1266914  1599108  1572326 1545660 1354035 1348032  1447834  1192971  1288048  1119435 1600971  1503984
           16384       4  649486 1077127  1547707  1739654 1359548  992012 1349138  1537114  1368510  1073158   921434 1688696  1726628
           16384       8  747448 1366904  2095629  1798665 1579474 1003133 1616099  2399858  1821647  1272846  1148294 2146758  2160867
           16384      16  957912 1648431  2359482  2443202 2167204 1478289 2042620  2957863  2239746  1563056   738015 2365248  2395341
           16384      32 1088490 1756461  2154093  2571662 2188322 1640012 2477555  3615139  2558355  1513651  1645825 2631638  2604706
           16384      64 1062719 1836152  2777913  2607672 2273386 1722819 2648985  4126848  1860158  1769123  1730454 1924117  1971875
           16384     128 1091325 1787065  2524520  2660575 2692473 1823484 2102940  4207450  2187765  1554746  1436419 2750340  2493738
           16384     256 1165708 1959337  2687209  2514451 2881464 2004663 2898356  4443604  2794064  1838854  1543466 2217987  2515556
           16384     512  904646 1921696  2830197  2867755 2818589 1702924 2902886  4743590  2823917  1528362  1499285 2892744  2813166
           16384    1024 1009737 1699933  2348596  2256811 2282598 1806989 2768512  3625629  5669546  1513951  1795892 2903377  2954303
           16384    2048 1123494 1709703  1778739  2559117 2577256 1839888 2228488  4365689  5557667  1287030  1078683 2527212  2333523
           16384    4096  954678 1339096  1523652  1528056 1514785 1234478  836728   655333    66740   242302   425150  809924   849092
           16384    8192  776378 1016503  1173131  1164050 1104409 1109276 1249835  1153866   882798   886190  1354403 1357078  1160746
           16384   16384  773451 1216321  1339748  1488633 1485543 1240741 1587135  1292112  1401299  1356864  1296818 1514919  1559332
           32768      64 1059016 1647380  2643015  2626901 2151254 1571075 2587923  4104271  2385728  1713984  1704715 2540564  2772298
           32768     128 1124421 1246308  1487421  2612867 2728435 1741302 2449027  3930892  2652247  1571237  1379357 2672983  2293714
           32768     256 1151737 1770577  2886535  2809302 2771739 1963671 2334427  4574618  2461175  1452615  1314930 2827507  2782570
           32768     512 1152549 1732741  2796384  2978879 2789913 1836883 2845656  4501206  2496810  1682655  1682655 2809072  2651787
           32768    1024 1170033 1284214  2870379  2884778 2863084 1733396 2402367  4037950  2516560  1299858  1407741 2421541  2507881
           32768    2048  946915 1189661  2258139  2246659 2211663 1417235 2640426  3462740  4457122  1090267  1008313 2052099  2337086
           32768    4096  860818 1181429  1708891  1721002 1365679 1355897 1625711  1176040  1570393  1080768   983612 1595718  1726711
           32768    8192  914766 1291042  1166993  1552038 1549169 1365502 1574098  1390297  1626692  1034863  1055843 1277505  1233313
           32768   16384  746886 1130284  1422221  1403629 1587975 1252065 1550043  1272490  1409315  1010232  1433241 1513531  1480771
           65536      64 1004381 1693089  2044799  2551028 2494698 1512247 1888535  3856160  2020599  1385335  1322330 2370806  2199255
           65536     128  896966 1664486  1371278  1364565 1225433 1330922 2634423  4518431  2686668  1591375  1560672 2508449  2682159
           65536     256  800469 1727359  2836810  2827647 2457760 1856959 2209508  4665130  2892148  1508860  1424667 2501760  2830209
           65536     512 1004693 1706936  2799369  2325378 2832630 1874114 2834616  4499276  2836196  1283991  1301765 2844708  2653394
           65536    1024 1086758 1625921  2662234  2462383 2738651 1820036 2679205  4192653  2596205  1182210  1275986 2472483  2899317
           65536    2048  954152 1393849  2130773  2674408 2396811 1591421 2161536  3586293  1927806   968835   899452 2598782  2372074
           65536    4096  825016 1209015  1755535  1680924 1729871 1174376 1322438  1220113  1382937   806228   823533  947009  1383898
           65536    8192  728584 1138056  1207236   982019 1164175  856176 1289091  1124986  1273757   836802   890688 1362097  1407466
           65536   16384  721182 1021749  1185120  1262275 1137580  903259 1216377   980943  1020111   933762   854390 1081988  1063481
          131072      64   73796   89531  2442232  2410693 2280815   90777 2415184  3700843  2428112    89042    89746 2631483  2669160
          131072     128   88450   90776  2151612  2074058 1853027   91662 2487506  4281293  2283240    89759    90274 2857643  2704402
          131072     256   93572   95537  2551771  2641941 2740027   96204 2517913  4520356  2850132    96366    95993 2736140  2709387
          131072     512   93096   91805  2524017  2529662 2705693   94814 2786807  4804516  1115144    93587    94428 2524064  2442547
          131072    1024   95229   91775  2239132  2382000 2515874   95561 2414293  4154813  2298139    96963    84606 2068097  2004098
          131072    2048   89605   90733  2007633  2055516 2141629   95868 1752484  2302537  2098963    97777    97469 1588266  1991942
          131072    4096   92834   91769  1445706  1392323 1478832   94675 1319321  1068090  1238306    93003    98598 1643516  1657959
          131072    8192   92113   95713  1488559  1458947 1521845   93255 1503326  1362934  1389504   110344    69439 1250696  1244250
          131072   16384   43462   37780  1422454  1410926 1410133   39883 1304408  1250830  1268185    59547    55448 1391555  1469861
          262144      64   14169   13882  2371099  2010613 1918962   14234 2285137  3787112  2132399    14066    13850 2362037  2421992
          262144     128   14243   13771  2730269  2736282 2638884   14305 1975045  4072705  2193579    14075    14000 2484728  2411295
          262144     256   14031   13878  2763516  2719336 2704434   14098 2500107  3947285  2314835    14421    14021 1989858  2141419
          262144     512   14406   13850  2249084  2152036 2263273   14200 2290111  3441213  2152462    14301    14321 2400387  2295298
          262144    1024   14512   14198  2086966  1978041 2042051   14412 2143486  3432864  2105203    14567    14358 2095845  1883000
          262144    2048   14564   14206  1805088  1936957 2061269   14575 1888699  2976167  1995676    14617    14455 2357535  2557349
          262144    4096   14512   14200  1643606  1618540 1623785   14669 1690399  1541716  1690695    14832    14623 1647472  1513620
          262144    8192   14601   14202   786083  1070341 1047695   14692 1552029  1392146  1547760    14815    14987 1290046  1289933
          262144   16384   14653   14269  1197283  1147846 1115146   14894 1506903  1326968  1375044    15872    15764 1522551  1542068
          524288      64   11340   11216    88975    69388  199798   15544  185778  4110678   314367    13328    11268  218333   223533
          524288     128   12355   11183   111718   112622  331325   13674  273253  3904641   358483    12564    11272  192518   206196
          524288     256   12326   11167    96619    92645  389382   14284  239777  4063237   286573    12958    11274  288154   285788
          524288     512   12017   11249   103344   113216  472118   13601  399760  4334248   437435    12023    11291  311842   311453
          524288    1024   11934   11254    74644    75122  433539   15453  426676  4807209   459474    12047    11305  288021   277871
          524288    2048   12026   11174   109185   110627  475336   13544  338813  3357160   517383    12049    11324  211528   213814
          524288    4096   12406   11257    94054    85334  316775   14381  347902  1418454   473283    12159    11339  217799   265662
          524288    8192   12175   11235   115671   114538  543055   13326  526104  1371559   423876    11980    11480  305911   222839
          524288   16384   12147   11264   115911   116228  285979   13698  378710  1203146  1284771    11704    11708  230370   273435

iozone test complete.
Excel output is below:

"Writer report"
        "4"  "8"  "16"  "32"  "64"  "128"  "256"  "512"  "1024"  "2048"  "4096"  "8192"  "16384"
"64"   566551  603489  413101  866463  913649 
"128"   631014  809997  819893  983630  942199  1057236 
"256"   627256  876662  913973  958864  1008392  1178892  1089202 
"512"   557092  608730  598884  811349  819398  1082507  1001715  671969 
"1024"   578539  582541  765344  825827  1065535  892775  1127641  952573  1122924 
"2048"   613356  757168  880855  928861  993767  1045410  1310279  1459680  1394061  947718 
"4096"   643614  877831  1032766  1140624  1108249  1142217  1212171  986736  725997  995657  987473 
"8192"   620841  755245  853407  1056611  1119289  1084594  1191730  992000  1128220  1097376  970400  958462 
"16384"   649486  747448  957912  1088490  1062719  1091325  1165708  904646  1009737  1123494  954678  776378  773451 
"32768"   0  0  0  0  1059016  1124421  1151737  1152549  1170033  946915  860818  914766  746886 
"65536"   0  0  0  0  1004381  896966  800469  1004693  1086758  954152  825016  728584  721182 
"131072"   0  0  0  0  73796  88450  93572  93096  95229  89605  92834  92113  43462 
"262144"   0  0  0  0  14169  14243  14031  14406  14512  14564  14512  14601  14653 
"524288"   0  0  0  0  11340  12355  12326  12017  11934  12026  12406  12175  12147 

"Re-writer report"
        "4"  "8"  "16"  "32"  "64"  "128"  "256"  "512"  "1024"  "2048"  "4096"  "8192"  "16384"
"64"   889431  1204796  1013707  1690338  955947 
"128"   1231904  1487977  1967960  2248149  1878447  1939522 
"256"   1195962  1543163  1471270  1842366  2943325  1044693  2726577 
"512"   1130370  1541840  1961520  1565443  1174897  1207940  1672748  1398278 
"1024"   1043783  1333093  1532928  1620249  1675884  1732676  1679160  1724328  1635675 
"2048"   1162403  1280778  1397008  1488257  2015562  1765367  1986660  2389540  1974785  1591375 
"4096"   1191077  1493797  1442255  1620925  1876390  1938642  1639643  1987535  1962560  1605624  1637768 
"8192"   1179903  1482761  1635492  1625049  1622134  1887088  1880993  1709116  1048646  1660628  1113955  1266914 
"16384"   1077127  1366904  1648431  1756461  1836152  1787065  1959337  1921696  1699933  1709703  1339096  1016503  1216321 
"32768"   0  0  0  0  1647380  1246308  1770577  1732741  1284214  1189661  1181429  1291042  1130284 
"65536"   0  0  0  0  1693089  1664486  1727359  1706936  1625921  1393849  1209015  1138056  1021749 
"131072"   0  0  0  0  89531  90776  95537  91805  91775  90733  91769  95713  37780 
"262144"   0  0  0  0  13882  13771  13878  13850  14198  14206  14200  14202  14269 
"524288"   0  0  0  0  11216  11183  11167  11249  11254  11174  11257  11235  11264 

"Reader report"
        "4"  "8"  "16"  "32"  "64"  "128"  "256"  "512"  "1024"  "2048"  "4096"  "8192"  "16384"
"64"   2203800  1879725  4018152  5389653  5735102 
"128"   2843510  4012317  4596273  5325799  6114306  5074121 
"256"   2015259  3557725  2665657  4496299  4572895  4350555  6595234 
"512"   2509312  2463259  3259661  2509312  2438090  2845081  3393590  6821616 
"1024"   1519371  2015654  2354947  2094282  2491561  1098792  2805690  3937426  5593820 
"2048"   1553950  2058551  1914061  2060032  2107025  2632683  3215029  3470953  4293237  1475476 
"4096"   1607427  1982718  2213956  2389476  2821086  2710696  2908979  3271230  3102848  2719708  2171696 
"8192"   1779393  2066651  2342687  2658845  2641673  2916338  2934020  1874630  2196801  1166128  1482185  1599108 
"16384"   1547707  2095629  2359482  2154093  2777913  2524520  2687209  2830197  2348596  1778739  1523652  1173131  1339748 
"32768"   0  0  0  0  2643015  1487421  2886535  2796384  2870379  2258139  1708891  1166993  1422221 
"65536"   0  0  0  0  2044799  1371278  2836810  2799369  2662234  2130773  1755535  1207236  1185120 
"131072"   0  0  0  0  2442232  2151612  2551771  2524017  2239132  2007633  1445706  1488559  1422454 
"262144"   0  0  0  0  2371099  2730269  2763516  2249084  2086966  1805088  1643606  786083  1197283 
"524288"   0  0  0  0  88975  111718  96619  103344  74644  109185  94054  115671  115911 

"Re-Reader report"
        "4"  "8"  "16"  "32"  "64"  "128"  "256"  "512"  "1024"  "2048"  "4096"  "8192"  "16384"
"64"   2561267  1690338  2006158  4988978  4988978 
"128"   2905056  4233807  2727923  5325799  5784891  6114306 
"256"   2692393  2419396  4572895  5717301  3114048  5971678  6719046 
"512"   2811557  4091959  4784885  5384786  2370799  3201349  3504346  7115451 
"1024"   1568189  1943594  2183727  1914144  4282950  2478620  3112733  4783849  6874084 
"2048"   1660915  2021729  2390205  2072957  1620190  2612664  5884299  2158380  6280083  1892553 
"4096"   1851716  2661562  2132342  4019805  4452120  2620558  2905044  2729213  2961635  2137648  1622149 
"8192"   1745584  1941688  2173593  2738961  2831502  2625525  2708945  2114600  2814110  2737215  1866078  1572326 
"16384"   1739654  1798665  2443202  2571662  2607672  2660575  2514451  2867755  2256811  2559117  1528056  1164050  1488633 
"32768"   0  0  0  0  2626901  2612867  2809302  2978879  2884778  2246659  1721002  1552038  1403629 
"65536"   0  0  0  0  2551028  1364565  2827647  2325378  2462383  2674408  1680924  982019  1262275 
"131072"   0  0  0  0  2410693  2074058  2641941  2529662  2382000  2055516  1392323  1458947  1410926 
"262144"   0  0  0  0  2010613  2736282  2719336  2152036  1978041  1936957  1618540  1070341  1147846 
"524288"   0  0  0  0  69388  112622  92645  113216  75122  110627  85334  114538  116228 

"Random read report"
        "4"  "8"  "16"  "32"  "64"  "128"  "256"  "512"  "1024"  "2048"  "4096"  "8192"  "16384"
"64"   2067979  3057153  4018152  4897948  5860307 
"128"   2098744  2727923  4267461  4717434  4407601  6045455 
"256"   2097948  3326279  4132864  5217259  6073004  6719046  6761355 
"512"   2116152  3284589  4163357  5278892  5384786  6551087  4030519  7115451 
"1024"   1430318  2942149  4215688  2444759  5950309  5417427  3063882  6317933  7257394 
"2048"   1348327  2041913  1988500  1971160  2443928  6024617  6990474  5596757  4338776  4762117 
"4096"   1672526  2876348  2288267  3415612  5236478  4623457  5238075  4824714  4055868  2923334  1295439 
"8192"   1531810  1859715  1945315  2904996  2759196  3100554  2661522  2057246  2668343  2059836  1826498  1545660 
"16384"   1359548  1579474  2167204  2188322  2273386  2692473  2881464  2818589  2282598  2577256  1514785  1104409  1485543 
"32768"   0  0  0  0  2151254  2728435  2771739  2789913  2863084  2211663  1365679  1549169  1587975 
"65536"   0  0  0  0  2494698  1225433  2457760  2832630  2738651  2396811  1729871  1164175  1137580 
"131072"   0  0  0  0  2280815  1853027  2740027  2705693  2515874  2141629  1478832  1521845  1410133 
"262144"   0  0  0  0  1918962  2638884  2704434  2263273  2042051  2061269  1623785  1047695  1115146 
"524288"   0  0  0  0  199798  331325  389382  472118  433539  475336  316775  543055  285979 

"Random write report"
        "4"  "8"  "16"  "32"  "64"  "128"  "256"  "512"  "1024"  "2048"  "4096"  "8192"  "16384"
"64"   219165  1232453  2379626  1768283  1892980 
"128"   1133103  1504659  1598754  2905056  2132084  1997245 
"256"   1219045  1391207  1686137  2045979  2049885  2413957  3511189 
"512"   1174254  1528669  2638816  2381315  2722449  3388236  2979282  1875849 
"1024"   1033237  1256644  1698417  1352828  3210456  2632033  3631168  3481072  3369115 
"2048"   807567  1294677  1444219  1408461  1706449  2335614  2798201  1894223  3136379  1635615 
"4096"   1062203  1885865  1563397  1575873  2927818  1827877  2644356  2364807  1770790  2545616  1585179 
"8192"   983651  1381917  1460264  1798486  1952390  2014311  1684234  1767403  1763592  1395783  1478422  1354035 
"16384"   992012  1003133  1478289  1640012  1722819  1823484  2004663  1702924  1806989  1839888  1234478  1109276  1240741 
"32768"   0  0  0  0  1571075  1741302  1963671  1836883  1733396  1417235  1355897  1365502  1252065 
"65536"   0  0  0  0  1512247  1330922  1856959  1874114  1820036  1591421  1174376  856176  903259 
"131072"   0  0  0  0  90777  91662  96204  94814  95561  95868  94675  93255  39883 
"262144"   0  0  0  0  14234  14305  14098  14200  14412  14575  14669  14692  14894 
"524288"   0  0  0  0  15544  13674  14284  13601  15453  13544  14381  13326  13698 

"Backward read report"
        "4"  "8"  "16"  "32"  "64"  "128"  "256"  "512"  "1024"  "2048"  "4096"  "8192"  "16384"
"64"   1279447  1991276  1460430  3541098  3057153 
"128"   1852520  2784517  2558895  3759450  4407601  3359523 
"256"   1407621  1696795  2242541  4117018  2509882  2480886  2061693 
"512"   1438555  2651850  1970519  2416145  2572435  2081286  2275345  2141475 
"1024"   1446211  1638171  1750329  2225595  1510288  1741104  2426801  1872419  2600164 
"2048"   1350023  1744572  2011785  2153510  2113766  2667014  2933915  2848305  2913021  2270783 
"4096"   1378270  1865186  1605024  2210537  2289487  2977031  3162828  2687375  2874423  2670249  1582114 
"8192"   1333591  1609143  2084960  2356666  2253717  2746404  2629745  2528532  2568989  2084960  1802354  1348032 
"16384"   1349138  1616099  2042620  2477555  2648985  2102940  2898356  2902886  2768512  2228488  836728  1249835  1587135 
"32768"   0  0  0  0  2587923  2449027  2334427  2845656  2402367  2640426  1625711  1574098  1550043 
"65536"   0  0  0  0  1888535  2634423  2209508  2834616  2679205  2161536  1322438  1289091  1216377 
"131072"   0  0  0  0  2415184  2487506  2517913  2786807  2414293  1752484  1319321  1503326  1304408 
"262144"   0  0  0  0  2285137  1975045  2500107  2290111  2143486  1888699  1690399  1552029  1506903 
"524288"   0  0  0  0  185778  273253  239777  399760  426676  338813  347902  526104  378710 

"Record rewrite report"
        "4"  "8"  "16"  "32"  "64"  "128"  "256"  "512"  "1024"  "2048"  "4096"  "8192"  "16384"
"64"   1526887  2203800  2561267  2052169  1933893 
"128"   1579934  2286447  2608629  2660335  2420455  3560017 
"256"   1632308  1970871  2849590  3285566  3705040  3285566  2152625 
"512"   1635797  2394591  2942541  3481620  3941742  3768799  3762197  3279573 
"1024"   1678504  2461573  2842832  3544270  3735385  3835457  3469823  3518141  1825466 
"2048"   1561009  2544558  2748949  3302797  4046500  4385291  4540600  3579429  3093459  3324528 
"4096"   1647031  2461720  2635836  3736536  4249491  4043458  4623457  4428023  2807257  4063542  1750403 
"8192"   1704199  2519817  2979046  3715045  4128880  4304757  4528283  4385525  4447398  3851208  1292506  1447834 
"16384"   1537114  2399858  2957863  3615139  4126848  4207450  4443604  4743590  3625629  4365689  655333  1153866  1292112 
"32768"   0  0  0  0  4104271  3930892  4574618  4501206  4037950  3462740  1176040  1390297  1272490 
"65536"   0  0  0  0  3856160  4518431  4665130  4499276  4192653  3586293  1220113  1124986  980943 
"131072"   0  0  0  0  3700843  4281293  4520356  4804516  4154813  2302537  1068090  1362934  1250830 
"262144"   0  0  0  0  3787112  4072705  3947285  3441213  3432864  2976167  1541716  1392146  1326968 
"524288"   0  0  0  0  4110678  3904641  4063237  4334248  4807209  3357160  1418454  1371559  1203146 

"Stride read report"
        "4"  "8"  "16"  "32"  "64"  "128"  "256"  "512"  "1024"  "2048"  "4096"  "8192"  "16384"
"64"   2067979  3057153  2278628  4274062  4564786 
"128"   992724  3468030  4012317  3380677  2843510  4934216 
"256"   2015259  2170027  4132864  4755158  5687020  4907284  3078337 
"512"   1130370  2424328  1783912  4610256  3678421  5684095  3259661  2016784 
"1024"   1207534  1790460  2132761  3130886  5564829  4995276  4995276  2869422  2151996 
"2048"   1460673  2438378  1582579  1668983  3799501  6690992  5332694  5754221  3690142  2771120 
"4096"   1570543  2012918  1677917  3139133  2876348  3602551  4581535  6451792  4116116  3248345  1882352 
"8192"   1287276  1906458  2351344  2726139  2322576  3369657  2935022  6628284  5810089  4426201  1917630  1192971 
"16384"   1368510  1821647  2239746  2558355  1860158  2187765  2794064  2823917  5669546  5557667  66740  882798  1401299 
"32768"   0  0  0  0  2385728  2652247  2461175  2496810  2516560  4457122  1570393  1626692  1409315 
"65536"   0  0  0  0  2020599  2686668  2892148  2836196  2596205  1927806  1382937  1273757  1020111 
"131072"   0  0  0  0  2428112  2283240  2850132  1115144  2298139  2098963  1238306  1389504  1268185 
"262144"   0  0  0  0  2132399  2193579  2314835  2152462  2105203  1995676  1690695  1547760  1375044 
"524288"   0  0  0  0  314367  358483  286573  437435  459474  517383  473283  423876  1284771 

"Fwrite report"
        "4"  "8"  "16"  "32"  "64"  "128"  "256"  "512"  "1024"  "2048"  "4096"  "8192"  "16384"
"64"   1183548  1892980  1484662  1363961  1991276 
"128"   1102844  1487977  1504659  1689305  1521718  2004703 
"256"   1304976  1375171  1842366  1814348  2486631  1325925  2665657 
"512"   1130370  879465  1289156  1624659  1766304  1897396  1442420  1467055 
"1024"   1133893  1264041  1349004  1848247  1835608  1903117  2081090  1701108  1720874 
"2048"   1159109  1741389  1635615  2078978  1974785  2771120  1957683  2446713  1729468  2659582 
"4096"   1179384  1577175  1238206  1477100  2670249  1756488  1912315  2245791  1190334  1477735  1473932 
"8192"   1196794  1512525  1515861  1872077  1687294  1580862  1970642  1460016  2016321  1681020  1190038  1288048 
"16384"   1073158  1272846  1563056  1513651  1769123  1554746  1838854  1528362  1513951  1287030  242302  886190  1356864 
"32768"   0  0  0  0  1713984  1571237  1452615  1682655  1299858  1090267  1080768  1034863  1010232 
"65536"   0  0  0  0  1385335  1591375  1508860  1283991  1182210  968835  806228  836802  933762 
"131072"   0  0  0  0  89042  89759  96366  93587  96963  97777  93003  110344  59547 
"262144"   0  0  0  0  14066  14075  14421  14301  14567  14617  14832  14815  15872 
"524288"   0  0  0  0  13328  12564  12958  12023  12047  12049  12159  11980  11704 

"Re-Fwrite report"
        "4"  "8"  "16"  "32"  "64"  "128"  "256"  "512"  "1024"  "2048"  "4096"  "8192"  "16384"
"64"   1168097  955947  1780008  1049372  1679761 
"128"   1319723  1294270  1243315  2098744  2714132  1710838 
"256"   1224606  1108314  1683493  1256123  2392442  1117543  2170027 
"512"   876593  1488408  1303238  1350783  1589779  1783912  1625889  1723770 
"1024"   750238  1288307  1391395  1151834  1681132  1812371  1430318  2275110  1649496 
"2048"   845981  1226992  1214845  1625402  1799766  2064488  1952344  2104960  2599225  2050198 
"4096"   1086727  1376834  1519292  1698823  1799729  1834122  1843372  1159720  1916795  2378558  1575440 
"8192"   1006265  1387778  1549214  1699226  1762507  1410220  787240  1601867  1960746  1086893  1508408  1119435 
"16384"   921434  1148294  738015  1645825  1730454  1436419  1543466  1499285  1795892  1078683  425150  1354403  1296818 
"32768"   0  0  0  0  1704715  1379357  1314930  1682655  1407741  1008313  983612  1055843  1433241 
"65536"   0  0  0  0  1322330  1560672  1424667  1301765  1275986  899452  823533  890688  854390 
"131072"   0  0  0  0  89746  90274  95993  94428  84606  97469  98598  69439  55448 
"262144"   0  0  0  0  13850  14000  14021  14321  14358  14455  14623  14987  15764 
"524288"   0  0  0  0  11268  11272  11274  11291  11305  11324  11339  11480  11708 

"Fread report"
        "4"  "8"  "16"  "32"  "64"  "128"  "256"  "512"  "1024"  "2048"  "4096"  "8192"  "16384"
"64"   2203800  1310683  2358717  3541098  2133730 
"128"   1684006  3124872  3106789  4444086  4934216  2969325 
"256"   2290377  2081678  3499745  3316006  5455847  2533571  5117791 
"512"   1889050  2265742  2460437  2122426  2613128  1467055  2178404  2449212 
"1024"   1354535  2056183  2230218  2432298  2132761  2578312  2448941  2311849  2782064 
"2048"   1574169  1621719  2263006  2345819  2282853  2151353  2921939  2929912  1248028  2142232 
"4096"   1682024  2210537  2223411  2592481  2544108  2840208  2886496  2612190  1673830  2277951  2091839 
"8192"   1733781  2156946  2087113  2597342  2752785  2490773  2820115  2499834  2379350  2632364  1441457  1600971 
"16384"   1688696  2146758  2365248  2631638  1924117  2750340  2217987  2892744  2903377  2527212  809924  1357078  1514919 
"32768"   0  0  0  0  2540564  2672983  2827507  2809072  2421541  2052099  1595718  1277505  1513531 
"65536"   0  0  0  0  2370806  2508449  2501760  2844708  2472483  2598782  947009  1362097  1081988 
"131072"   0  0  0  0  2631483  2857643  2736140  2524064  2068097  1588266  1643516  1250696  1391555 
"262144"   0  0  0  0  2362037  2484728  1989858  2400387  2095845  2357535  1647472  1290046  1522551 
"524288"   0  0  0  0  218333  192518  288154  311842  288021  211528  217799  305911  230370 

"Re-Fread report"
        "4"  "8"  "16"  "32"  "64"  "128"  "256"  "512"  "1024"  "2048"  "4096"  "8192"  "16384"
"64"   1279447  3022727  1933893  4897948  4988978 
"128"   2858650  3867787  4557257  1085013  5847904  4407601 
"256"   2582316  4197489  4819184  5569035  2486631  2563818  6554972 
"512"   2860238  4038098  4061007  2089386  2560168  1537424  4411377  4375425 
"1024"   1854631  1446211  1988589  4014717  3358576  2900425  1895558  2077065  1684429 
"2048"   1343687  1624172  2370418  2278010  2403581  2605532  4945823  5280246  2869235  3848872 
"4096"   1629998  2678994  2276744  2635836  3683658  3660895  3143729  2259080  1660242  1921297  1780886 
"8192"   1777000  2470358  2441743  2404493  2550303  2824752  2756319  2548789  2970290  2310083  1514525  1503984 
"16384"   1726628  2160867  2395341  2604706  1971875  2493738  2515556  2813166  2954303  2333523  849092  1160746  1559332 
"32768"   0  0  0  0  2772298  2293714  2782570  2651787  2507881  2337086  1726711  1233313  1480771 
"65536"   0  0  0  0  2199255  2682159  2830209  2653394  2899317  2372074  1383898  1407466  1063481 
"131072"   0  0  0  0  2669160  2704402  2709387  2442547  2004098  1991942  1657959  1244250  1469861 
"262144"   0  0  0  0  2421992  2411295  2141419  2295298  1883000  2557349  1513620  1289933  1542068 
"524288"   0  0  0  0  223533  206196  285788  311453  277871  213814  265662  222839  273435 
