	Iozone: Performance Test of File I/O
	        Version $Revision: 3.414 $
		Compiled for 64 bit mode.
		Build: linux-AMD64 

	Contributors:William Norcott, Don Capps, Isom Crawford, Kirby Collins
	             Al Slater, Scott Rhine, Mike Wisner, Ken Goss
	             Steve Landherr, Brad Smith, Mark Kelly, Dr. Alain CYR,
	             Randy Dunlap, Mark Montague, Dan Million, Gavin Brebner,
	             Jean-Marc Zucconi, Jeff Blomberg, Benny Halevy, Dave Boone,
	             Erik Habbinga, Kris Strecker, Walter Wong, Joshua Root,
	             Fabrice Bacchella, Zhenghua Xue, Qin Li, Darren Sawyer,
	             Vangel Bojaxhi, Ben England.

	Run began: Mon Feb 25 18:04:11 2013

	Auto Mode
	Excel chart generation enabled
	Command line used: ./benchmarks/iozone3_414/src/current/iozone -a -R
	Output is in Kbytes/sec
	Time Resolution = 0.000001 seconds.
	Processor cache size set to 1024 Kbytes.
	Processor cache line size set to 32 bytes.
	File stride size set to 17 * record size.
                                                            random  random    bkwd   record   stride                                   
              KB  reclen   write rewrite    read    reread    read   write    read  rewrite     read   fwrite frewrite   fread  freread
              64       4  450541 1049372  2662899  1526887 1933893 1330167 1143223  1492919  2006158  1087638  1049372 2067979  2467108
              64       8  576282 1304314  3363612  3738358 3165299 1452528 2133730  2133730  2892445  1255511   901377 1933893  1734015
              64      16  591520 1828508  3541098  2561267 4274062 1526887 2662899  2379626  3203069  1033216  1163036 3057153  1232453
              64      32  743988 1105556  4988978  2067979 4897948 1828508 2133730  2278628  3541098  1734015  1066042 3057153  4897948
              64      64  695778 1452528  5735102  4274062 5860307 1722886 3203069  1879725  1892980  1933893  1392258 1392258  2067979
             128       4  524387  901083  2367096  1436229 2098744  508012 1440082  1603529  1878447  1142750   870405 2058509  2714132
             128       8  558771 1911894  2286447  3982553 3199360 1749872 2166499  2132084  3359523  1406136  1997245 2248149  4012317
             128      16 1040839 1543594  4135958  2621367 4135958 1598754 2558895  2511022  3468030  1526043  1172704 2660335  4717434
             128      32  895074 2558895  5325799  5545860 5122535 3053774 1504659  2985839  4557257  1710838  2608629 2464907  5122535
             128      64  955616 1598754  6114306  2920861 5847904 1885042 3560017  2727923  4557257  1291158  2784517 3895854  2132084
             128     128  985435 3053774  6406138  5545860 6727225 2058509 4407601  2920861  5545860  3657016  1939522 3982553  1802755
             256       4  635047 1479379  2081678  1561112 2131261  980760 1570244  1579483  1368162  1407621   587127 2045979  2588541
             256       8  289589 1292410  3236056  4181144 3326279 1561112 2812272  2371308  3123106   591330  1376935 3326279  2880164
             256      16  930608 1415041  2665657  4929815 3770085 2266207 3410808  2783115  4132864  1673001  1662639 3557725  4840911
             256      32 1122215 1274008  3326279  5569035 5242734 1911233 4404088  3052087  3667079  1696795  1855098 2812272  5455847
             256      64 1048775 2015259  3557725  6398720 6107548 2509882 4929815  3326279  5347168  1894373  2975955 2692393  6107548
             256     128  940389 1851899  3935921  5142301 6554972 3275543 2305128  2754556  5687020   729540  3285566 3009318  4404088
             256     256 1066483 2065659  5687020  6761355 6936061 1274008 2754556  2350543  6107548  3865082   800221 2582316  6761355
             512       4  619262 1454140  1376763  2169601 2057359 1242896 1604029  1662389  1954379  1248678  1492545 1797349  2016784
             512       8  721163  718028  1463057  1523247 2572435   42999 1166599  2317080  3068685  1938502  1201856 1479181  1635797
             512      16  773364  903136  2584820  2314583 4228947 1689859  911184  2532990   358523  1137555  1101383 2357784   523035
             512      32  575917 1164070  2265742  2638816 4660280 2753870 2132967  3029721  3140488  1446306  1150968 1848401  1610042
             512      64  695697 1308798  2486072  3196584 1985091 1823291 1809465  1747618  4494470  1245780  1354190 2124526  3046915
             512     128  982917 1556366  2811557  1975959 1556366 1619757  829526  3366987  4061007  1635797   579179  239252  2150051
             512     256  429943  699550  3437042  3299730 6551087 2360376 1747618  3504346  1662389  1380303  1340664 2317080  4973263
             512     512  898225 1556366  6909408  6909408 7022379 3158966 2337255  3437042  1999881  1736314  1451192 2196227  2304647
            1024       4  567306 1037480  1542286  1482144 1711956 1000037 1281771  1628234  1270397  1340582  1060013 1676539  2584518
            1024       8  710052 1218843  2156318  2604895 3314514 1940083 1466957  1999700  1865101  1287921  1280243 1962242  1774922
            1024      16  660682 1475018  2201637  2942149 4064103 2461573 1910737  2877110  1698417  1609925  1281771 2027069  1865101
            1024      32  874417 1508167  2089189  1903117 4512441 2467229 1558516  3403826  2124322  1605111  1416636 1815435  2231377
            1024      64  939652 1790460  1442326  2472911 5885083 1800216 1818510  3606774  5720477  1706515  1781548 1849042  3074849
            1024     128  856115 1681132  2842832  5200941 6280976 2142335 2270300  4195100  5479632  1957770  1865101 1889720  3142339
            1024     256 1147832 1771262  3251778  2598591 6776473 2976816 2260740  4014717  5417427   790125  1868347 2364021  1301187
            1024     512 1101046 1741810  4211554  4531485 6776473 3110479 2474336  1170352  3659010  1530742  2666347 2640123  2044438
            1024    1024 1204825 1896395  7160597  7220790 7369466 3541348 2918161  2877110  2514903  2290886  2124322 4356809  6609617
            2048       4  719858 1129540  2014144  2579710 2056087 1316100 1436250  1674514  1332432  1025565  1259557 1833573  1689998
            2048       8  868476 1482862  2204918  4088876 3287628 1701042 1753475  2509617  2951050  1322992  1317918 2195338  3929871
            2048      16  983189 1880538  2592948  4112366 4207028 2635914 2252916  2741930  3374151  2270783  1503627 2437686  4581773
            2048      32 1329751 1753475  2726266  2872113 2797290 1873974 2494314  3611028  4601407  1713598  1518244 2608697  2491420
            2048      64 1049113 1761024  2855880  4559883 5674397 1119821 2235910  4102546  3402216  1923059  1530689 2951050  3140967
            2048     128 1312882 1711208  3345243  5735012 6732948 3669648 2976615  4162181  6420913  1440344  1903457 2980747  4983122
            2048     256 1280778 1806199  2934917  2632683 5172149 2278010 3185225  3638560  5816563  2062505  2074960 2681165  4394265
            2048     512 1149954 1912356  3482209  5689430 7013303 3255235 2756890  4441984  6603549  2976615  2188069 2695468  2479912
            2048    1024 1171758 2062010  3465352  2160551 2131071 1655793 2016035  3351769  2102899  1695335  2540795 3074635  2252916
            2048    2048 1049113 1063926  5345969  6340344 6543188 1917907 2723672  3374151  2629459  2737561  2072957 1468162  4086930
            4096       4  680611 1031959  1689135  1620925 1423257   53308 1438271  1635896  1374520   104126  1188934 1801994  1852715
            4096       8  823824 1466008  1958756  2080439 1867822   54315 1767147  2388479  1803508  1188276  1435746 2102591  2002127
            4096      16  978251 1576018  2479484  2284312 3214912 1592526 2098482   109410  2161586  1679393  1198388 2246966  2367741
            4096      32 1017354 1865388  2659914  3624593 4586428 2756362 2221111  3700320  3332786  1819553  1716646 2275537  2767908
            4096      64 1157376 1843372  2780451  3908241 5340661 2923832 2727047  4167033  4192455  2043809  1483990 1593117  2617364
            4096     128 1241606 1996079  3036489  3882626 5520868  108895 2860543  3643812  2760347  1650988  1840015 2687795  2299600
            4096     256  102728 1949421  3022599  4325455 5769304 3124291 2635836  4648477  5988509  2135523  1824383 2910951  4288742
            4096     512 1314067 1944126  2105942  3360164 5230102 2164855 2712408  4571782  5580043  2085490  1268841 2496056  2498960
            4096    1024   77753 1950306  3222148  3908241 4501111 1926684 2707279  3465216  4929936  1865186  1936675 2743596  3371374
            4096    2048  943544 1938642  2967774  3528559 2801306 2364807 2603876  2036783  3049425  1689633  1672526 2579247  1827683
            4096    4096   62039 1580949  1473300  1657040   47350 1244574 1957863  1566390  1813981  1585764  1423139 1642936  2052110
            8192       4  677415 1180227  1769314  1753423 1449117 1107028 1381195  1683904  1380030  1062656   842195 1569596  1706315
            8192       8  802913 1395557  2108113  2211079 1844243 1348032 1687626  2481599  1734481  1245919  1199761 2120604  2062928
            8192      16  892673 1462066  2325248  2412935 2436548 1564807 2118904  2864312  2216499  1543300  1415331 1953167  2205826
            8192      32 1063215 1772783  2511345  2579210 2897891 1713804 2420755  3624901  2552955  1595618  1709881 2548033  2724410
            8192      64 1065424 1764045  2814110  3175046 3023079 2027744 2243709  3831881  2586588  1985904  1337901 2685864  2650231
            8192     128 1136843 1846324  2207527  2766750 2953185 1983039 2153566  4476952  3190080  2019283  1806429 2633171  2747283
            8192     256  999009 1936217  2728954  3013006 3250744 2212360 2523703  4362141  2743335  1635492  1579336 2880400  2691123
            8192     512 1199217 1745584  2696402  2944580 3211248 1957953 2939290  4636437  6470997   910317  1394877 2890577  2693866
            8192    1024 1185685 1848012  2917329  3189784 3041813 2077647 2519078  4406899  3549264  1338318  1434955 2749921  2657200
            8192    2048 1140466 1672510  2632364  2985517 2622319 1753870 2744430  2755434  2196239  1248364  1635492 2406682  2500744
            8192    4096  912347 1055410  1451198  1410451 1448628 1404628 1872893  1194506  1406122  1102092  1570888 1836358  1385875
            8192    8192  906402 1310299  1435975  1547679 1186217 1164626 1628361  1354302  1610728  1330545  1344498 1573910  1640646
           16384       4  665204 1131318  1567263  1713625 1355071  976464 1368755  1609588  1370229  1108757  1108739 1180669  1738905
           16384       8  612626 1331158  2183386  2235811 1722085 1325995 1817407  2244355  1862427  1336933  1223402 1907771  2071310
           16384      16  992069 1602195  1883612  2376619 2183039 1562772 2065582  2900314  1844431  1461158  1530507 2299863  2373171
           16384      32 1060996 1728800  2632344  2644704 2547637 1797113 2174405  3371939  2023732  1243660  1616898 2586180  2818011
           16384      64 1004159 1748729  2714381  2724281 2300787 1876360 2130783  4115479  2697864  1665409  1248768 2506747  2346992
           16384     128 1075981 1464178  2311467  2167751 1602382 1386820 2485441  3969056  2376865  1352032  1429547 2455336  1965671
           16384     256 1043689 1364542  2370388  2718462 2824381 1832089 2772757  4317145  2412241  1817648  1758304 2308904  2623100
           16384     512 1181847 1941458  2986530  2800212 2544524 1893212 2746712  4743590  2867875  1794532  1198962 2516016  2607672
           16384    1024 1190776 1716321  2812245  2376619 2502456 1472051 2869432  4564923  6668682  1050663  1272446 2725686  2698711
           16384    2048  937358 1311670  2659339  2876880 2411479 1855487 2418694  4019668  5307422   957071  1053772 2692895  2484722
           16384    4096  848600 1372884  1388109  1073661 1310220 1125814 1545063  1482307  1639738  1278696  1290899 1579656  1478702
           16384    8192  935114 1305614  1328045  1586073 1575094 1333457 1369328  1479498  1270563  1123035  1583149 1205693  1598915
           16384   16384  783326 1312397  1564266  1573291 1556788 1099972 1492156  1345256  1311971   888309  1340846 1539835  1282826
           32768      64 1100710 1825417  2703638  2809359 2486196 1810985 2651122  4083662  2685256  1488775  1716146 1927539  2250080
           32768     128  932897  850542  2048917  2610981 2082635 1643322 2005008  3543628  2422608  1304088  1581925 1974447  2529156
           32768     256  893761 1497420  2080743  2416304 2098214 1675006 2319691  4051520  1732653  1361256  1167697 2069589  1912119
           32768     512 1019351 1447353  2553829  2357572 2225198 1665042 2449944  3777787  2287301  1313498  1671929 2883507  2537374
           32768    1024 1020994 1899697  2542914  2840246 2752202 1877073 2250853  3685104  1655017  1158660   881212 2016866  2258473
           32768    2048  843883 1702139  1876099  2530134 2251665 1223966 2115721  3589439  4535968  1024190   841115 2156216  2029224
           32768    4096  902453 1315459  1287595  1649456 1710869 1425880 1562004  1494896  1784856  1012144  1109767 1786317  1572207
           32768    8192  906393 1251312  1343334  1575090 1560160 1201958 1583000  1135654  1178915  1219643  1026369 1429410  1195081
           32768   16384  852488 1304658  1309356  1460767 1484401 1121110 1568082  1316303  1511517  1062693  1589591 1333338  1438581
           65536      64  950872 1618015  2668411  2757415 2397000 1794924 2332165  3312428  2254561  1368731  1308781 2670044  2765794
           65536     128 1087175 1670423  2662776  2854723 2809325 1694969 2788040  4437106  2774952  1488507  1573231 2668411  2715948
           65536     256 1047370 1485908  2418639  2527710 2266196 1598203 2652217  4657857  2594759  1521480  1467574 2562299  2465520
           65536     512  987537 1714164  1959231  2111670 2211286 1358536 2667660  4591261  2573165  1461356  1386949 2747493  2619860
           65536    1024  967005 1564100  2758937  2661358 2905231 1907658 2165061  4553310  2657370  1258006  1295898 2047419  2590870
           65536    2048 1025668 1502838  2582812  2351658 2432939 1603517 2514139  3639233  2495174   981563  1023632 2296202  2331829
           65536    4096  838357 1136771  1628714  1508794 1491075  971609 1240150  1294976  1147884   815925   956759 1653154  1676577
           65536    8192  790283 1085372  1541116  1557930 1571460 1163495 1481647  1288934  1552142   957149   833261 1455321  1520840
           65536   16384  813978 1192405  1274076  1195454 1314665 1084742 1270795  1031282  1146357   920821  1053176 1243944  1198274
          131072      64   71709   71680  2375218  2175503 2274850   61388 2180317  3845446  2241963    70802    75612 2226355  1896155
          131072     128   66096   69676  2171499  2065424 2187997   79085 1908418  3176736  1989974    70948    78589 2207377  2106515
          131072     256   84205   81072  2387597  2479607 2385515   82357 1423950  3968530  1403910    71713    76817 2167842  1928691
          131072     512   76044   75816  2622595  2108858 2439133   78622 1880170  4292961  2274248    70934    74854 2416511  2402255
          131072    1024   78520   89501  2366996  2179159 2541978   93329 2157201  3987702  2395410    92703    92161 2327897  1962650
          131072    2048   89316   92077  2411317  2578993 2381515   93020 2355253  4132017  2310414    96306    97333 2277932  2594303
          131072    4096   93944   87484  1172515  1316248 1278139   82574 1343913  1231648  1311059    92689    98222 1539993  1625862
          131072    8192   90078   94325  1467903  1509282 1552579   93238 1468118  1443763  1393894   109068   109722 1504795  1384779
          131072   16384   92624   95299  1504861  1434862 1493796   95085 1402320  1282945  1173165   127932   132561 1394187  1492507
          262144      64   48222   47586  2707591  2633845 2452970   14954 2508194  4175797  2528172    14651    14441 2503118  2520446
          262144     128   14605   14197  2624403  2744759 2687689   14531 2312634  4216293  2173700    14557    14352 2720972  2730553
          262144     256   14534   14216  2702686  2765817 2670494   14548 2696237  4524165  2664088    14416    14340 2817665  2804584
          262144     512   14510   14259  1902944  2187100 2223554   14510 2230446  4180989  2274825    14579    14384 2419285  2340443
          262144    1024   14577   14213  1985366  1781971 2138363   14268 2069124  4378120  2225426    14623    14415 2016354  1936244
          262144    2048   14640   14333  1976789  2040191 1885127   14622 1872150  2776237  1935283    14713    14505 2531227  2540497
          262144    4096   14555   14316  1660548  1675714 1666904   14704 1685584  1524332  1646096    14961    14663 1676133  1682891
          262144    8192   14627   14317  1451870  1170505 1177957   14849 1517300  1358477  1557349    15193    15032 1418911  1382593
          262144   16384   14257   14322  1214765  1288512 1259061   14869 1387871  1190476  1292725    16030    15806 1206270  1226003
          524288      64   11376   11253    97408   108862  233223   14189  202411  4090378   298523    13058    11271  221070   224686
          524288     128   12198   11250   110828   111376  340542   13710  278073  4338874   366144    12566    11004  202851   198302
          524288     256   12345   11259   112859    72224  367168   14384  356838  4595066   397852    12036    11013  275264   284205
          524288     512   11974   11171    99346   113050  438846   13742  277268  4557402   412550    12422    11283  303941   318228
          524288    1024   11900   11253   107596   108369  445144   13585  366694  4567360   478031    11940    11293  296104   315287
          524288    2048   11945   11263    95809    90490  446536   13895  306456  2854974   424600    12355    11267  215640   268383
          524288    4096   12182   11211   102466   103715  486410   13698  325259  1005527   417414    12881    11358  283854   287313
          524288    8192   11999   11182   107299   107579  500058   13639  502648  1375184   409059    12220    11484  327477   288654
          524288   16384   11903   11253   116335   114006  393553   13583  479017  1342637   469106    12103    11532  266496   267092

iozone test complete.
Excel output is below:

"Writer report"
        "4"  "8"  "16"  "32"  "64"  "128"  "256"  "512"  "1024"  "2048"  "4096"  "8192"  "16384"
"64"   450541  576282  591520  743988  695778 
"128"   524387  558771  1040839  895074  955616  985435 
"256"   635047  289589  930608  1122215  1048775  940389  1066483 
"512"   619262  721163  773364  575917  695697  982917  429943  898225 
"1024"   567306  710052  660682  874417  939652  856115  1147832  1101046  1204825 
"2048"   719858  868476  983189  1329751  1049113  1312882  1280778  1149954  1171758  1049113 
"4096"   680611  823824  978251  1017354  1157376  1241606  102728  1314067  77753  943544  62039 
"8192"   677415  802913  892673  1063215  1065424  1136843  999009  1199217  1185685  1140466  912347  906402 
"16384"   665204  612626  992069  1060996  1004159  1075981  1043689  1181847  1190776  937358  848600  935114  783326 
"32768"   0  0  0  0  1100710  932897  893761  1019351  1020994  843883  902453  906393  852488 
"65536"   0  0  0  0  950872  1087175  1047370  987537  967005  1025668  838357  790283  813978 
"131072"   0  0  0  0  71709  66096  84205  76044  78520  89316  93944  90078  92624 
"262144"   0  0  0  0  48222  14605  14534  14510  14577  14640  14555  14627  14257 
"524288"   0  0  0  0  11376  12198  12345  11974  11900  11945  12182  11999  11903 

"Re-writer report"
        "4"  "8"  "16"  "32"  "64"  "128"  "256"  "512"  "1024"  "2048"  "4096"  "8192"  "16384"
"64"   1049372  1304314  1828508  1105556  1452528 
"128"   901083  1911894  1543594  2558895  1598754  3053774 
"256"   1479379  1292410  1415041  1274008  2015259  1851899  2065659 
"512"   1454140  718028  903136  1164070  1308798  1556366  699550  1556366 
"1024"   1037480  1218843  1475018  1508167  1790460  1681132  1771262  1741810  1896395 
"2048"   1129540  1482862  1880538  1753475  1761024  1711208  1806199  1912356  2062010  1063926 
"4096"   1031959  1466008  1576018  1865388  1843372  1996079  1949421  1944126  1950306  1938642  1580949 
"8192"   1180227  1395557  1462066  1772783  1764045  1846324  1936217  1745584  1848012  1672510  1055410  1310299 
"16384"   1131318  1331158  1602195  1728800  1748729  1464178  1364542  1941458  1716321  1311670  1372884  1305614  1312397 
"32768"   0  0  0  0  1825417  850542  1497420  1447353  1899697  1702139  1315459  1251312  1304658 
"65536"   0  0  0  0  1618015  1670423  1485908  1714164  1564100  1502838  1136771  1085372  1192405 
"131072"   0  0  0  0  71680  69676  81072  75816  89501  92077  87484  94325  95299 
"262144"   0  0  0  0  47586  14197  14216  14259  14213  14333  14316  14317  14322 
"524288"   0  0  0  0  11253  11250  11259  11171  11253  11263  11211  11182  11253 

"Reader report"
        "4"  "8"  "16"  "32"  "64"  "128"  "256"  "512"  "1024"  "2048"  "4096"  "8192"  "16384"
"64"   2662899  3363612  3541098  4988978  5735102 
"128"   2367096  2286447  4135958  5325799  6114306  6406138 
"256"   2081678  3236056  2665657  3326279  3557725  3935921  5687020 
"512"   1376763  1463057  2584820  2265742  2486072  2811557  3437042  6909408 
"1024"   1542286  2156318  2201637  2089189  1442326  2842832  3251778  4211554  7160597 
"2048"   2014144  2204918  2592948  2726266  2855880  3345243  2934917  3482209  3465352  5345969 
"4096"   1689135  1958756  2479484  2659914  2780451  3036489  3022599  2105942  3222148  2967774  1473300 
"8192"   1769314  2108113  2325248  2511345  2814110  2207527  2728954  2696402  2917329  2632364  1451198  1435975 
"16384"   1567263  2183386  1883612  2632344  2714381  2311467  2370388  2986530  2812245  2659339  1388109  1328045  1564266 
"32768"   0  0  0  0  2703638  2048917  2080743  2553829  2542914  1876099  1287595  1343334  1309356 
"65536"   0  0  0  0  2668411  2662776  2418639  1959231  2758937  2582812  1628714  1541116  1274076 
"131072"   0  0  0  0  2375218  2171499  2387597  2622595  2366996  2411317  1172515  1467903  1504861 
"262144"   0  0  0  0  2707591  2624403  2702686  1902944  1985366  1976789  1660548  1451870  1214765 
"524288"   0  0  0  0  97408  110828  112859  99346  107596  95809  102466  107299  116335 

"Re-Reader report"
        "4"  "8"  "16"  "32"  "64"  "128"  "256"  "512"  "1024"  "2048"  "4096"  "8192"  "16384"
"64"   1526887  3738358  2561267  2067979  4274062 
"128"   1436229  3982553  2621367  5545860  2920861  5545860 
"256"   1561112  4181144  4929815  5569035  6398720  5142301  6761355 
"512"   2169601  1523247  2314583  2638816  3196584  1975959  3299730  6909408 
"1024"   1482144  2604895  2942149  1903117  2472911  5200941  2598591  4531485  7220790 
"2048"   2579710  4088876  4112366  2872113  4559883  5735012  2632683  5689430  2160551  6340344 
"4096"   1620925  2080439  2284312  3624593  3908241  3882626  4325455  3360164  3908241  3528559  1657040 
"8192"   1753423  2211079  2412935  2579210  3175046  2766750  3013006  2944580  3189784  2985517  1410451  1547679 
"16384"   1713625  2235811  2376619  2644704  2724281  2167751  2718462  2800212  2376619  2876880  1073661  1586073  1573291 
"32768"   0  0  0  0  2809359  2610981  2416304  2357572  2840246  2530134  1649456  1575090  1460767 
"65536"   0  0  0  0  2757415  2854723  2527710  2111670  2661358  2351658  1508794  1557930  1195454 
"131072"   0  0  0  0  2175503  2065424  2479607  2108858  2179159  2578993  1316248  1509282  1434862 
"262144"   0  0  0  0  2633845  2744759  2765817  2187100  1781971  2040191  1675714  1170505  1288512 
"524288"   0  0  0  0  108862  111376  72224  113050  108369  90490  103715  107579  114006 

"Random read report"
        "4"  "8"  "16"  "32"  "64"  "128"  "256"  "512"  "1024"  "2048"  "4096"  "8192"  "16384"
"64"   1933893  3165299  4274062  4897948  5860307 
"128"   2098744  3199360  4135958  5122535  5847904  6727225 
"256"   2131261  3326279  3770085  5242734  6107548  6554972  6936061 
"512"   2057359  2572435  4228947  4660280  1985091  1556366  6551087  7022379 
"1024"   1711956  3314514  4064103  4512441  5885083  6280976  6776473  6776473  7369466 
"2048"   2056087  3287628  4207028  2797290  5674397  6732948  5172149  7013303  2131071  6543188 
"4096"   1423257  1867822  3214912  4586428  5340661  5520868  5769304  5230102  4501111  2801306  47350 
"8192"   1449117  1844243  2436548  2897891  3023079  2953185  3250744  3211248  3041813  2622319  1448628  1186217 
"16384"   1355071  1722085  2183039  2547637  2300787  1602382  2824381  2544524  2502456  2411479  1310220  1575094  1556788 
"32768"   0  0  0  0  2486196  2082635  2098214  2225198  2752202  2251665  1710869  1560160  1484401 
"65536"   0  0  0  0  2397000  2809325  2266196  2211286  2905231  2432939  1491075  1571460  1314665 
"131072"   0  0  0  0  2274850  2187997  2385515  2439133  2541978  2381515  1278139  1552579  1493796 
"262144"   0  0  0  0  2452970  2687689  2670494  2223554  2138363  1885127  1666904  1177957  1259061 
"524288"   0  0  0  0  233223  340542  367168  438846  445144  446536  486410  500058  393553 

"Random write report"
        "4"  "8"  "16"  "32"  "64"  "128"  "256"  "512"  "1024"  "2048"  "4096"  "8192"  "16384"
"64"   1330167  1452528  1526887  1828508  1722886 
"128"   508012  1749872  1598754  3053774  1885042  2058509 
"256"   980760  1561112  2266207  1911233  2509882  3275543  1274008 
"512"   1242896  42999  1689859  2753870  1823291  1619757  2360376  3158966 
"1024"   1000037  1940083  2461573  2467229  1800216  2142335  2976816  3110479  3541348 
"2048"   1316100  1701042  2635914  1873974  1119821  3669648  2278010  3255235  1655793  1917907 
"4096"   53308  54315  1592526  2756362  2923832  108895  3124291  2164855  1926684  2364807  1244574 
"8192"   1107028  1348032  1564807  1713804  2027744  1983039  2212360  1957953  2077647  1753870  1404628  1164626 
"16384"   976464  1325995  1562772  1797113  1876360  1386820  1832089  1893212  1472051  1855487  1125814  1333457  1099972 
"32768"   0  0  0  0  1810985  1643322  1675006  1665042  1877073  1223966  1425880  1201958  1121110 
"65536"   0  0  0  0  1794924  1694969  1598203  1358536  1907658  1603517  971609  1163495  1084742 
"131072"   0  0  0  0  61388  79085  82357  78622  93329  93020  82574  93238  95085 
"262144"   0  0  0  0  14954  14531  14548  14510  14268  14622  14704  14849  14869 
"524288"   0  0  0  0  14189  13710  14384  13742  13585  13895  13698  13639  13583 

"Backward read report"
        "4"  "8"  "16"  "32"  "64"  "128"  "256"  "512"  "1024"  "2048"  "4096"  "8192"  "16384"
"64"   1143223  2133730  2662899  2133730  3203069 
"128"   1440082  2166499  2558895  1504659  3560017  4407601 
"256"   1570244  2812272  3410808  4404088  4929815  2305128  2754556 
"512"   1604029  1166599  911184  2132967  1809465  829526  1747618  2337255 
"1024"   1281771  1466957  1910737  1558516  1818510  2270300  2260740  2474336  2918161 
"2048"   1436250  1753475  2252916  2494314  2235910  2976615  3185225  2756890  2016035  2723672 
"4096"   1438271  1767147  2098482  2221111  2727047  2860543  2635836  2712408  2707279  2603876  1957863 
"8192"   1381195  1687626  2118904  2420755  2243709  2153566  2523703  2939290  2519078  2744430  1872893  1628361 
"16384"   1368755  1817407  2065582  2174405  2130783  2485441  2772757  2746712  2869432  2418694  1545063  1369328  1492156 
"32768"   0  0  0  0  2651122  2005008  2319691  2449944  2250853  2115721  1562004  1583000  1568082 
"65536"   0  0  0  0  2332165  2788040  2652217  2667660  2165061  2514139  1240150  1481647  1270795 
"131072"   0  0  0  0  2180317  1908418  1423950  1880170  2157201  2355253  1343913  1468118  1402320 
"262144"   0  0  0  0  2508194  2312634  2696237  2230446  2069124  1872150  1685584  1517300  1387871 
"524288"   0  0  0  0  202411  278073  356838  277268  366694  306456  325259  502648  479017 

"Record rewrite report"
        "4"  "8"  "16"  "32"  "64"  "128"  "256"  "512"  "1024"  "2048"  "4096"  "8192"  "16384"
"64"   1492919  2133730  2379626  2278628  1879725 
"128"   1603529  2132084  2511022  2985839  2727923  2920861 
"256"   1579483  2371308  2783115  3052087  3326279  2754556  2350543 
"512"   1662389  2317080  2532990  3029721  1747618  3366987  3504346  3437042 
"1024"   1628234  1999700  2877110  3403826  3606774  4195100  4014717  1170352  2877110 
"2048"   1674514  2509617  2741930  3611028  4102546  4162181  3638560  4441984  3351769  3374151 
"4096"   1635896  2388479  109410  3700320  4167033  3643812  4648477  4571782  3465216  2036783  1566390 
"8192"   1683904  2481599  2864312  3624901  3831881  4476952  4362141  4636437  4406899  2755434  1194506  1354302 
"16384"   1609588  2244355  2900314  3371939  4115479  3969056  4317145  4743590  4564923  4019668  1482307  1479498  1345256 
"32768"   0  0  0  0  4083662  3543628  4051520  3777787  3685104  3589439  1494896  1135654  1316303 
"65536"   0  0  0  0  3312428  4437106  4657857  4591261  4553310  3639233  1294976  1288934  1031282 
"131072"   0  0  0  0  3845446  3176736  3968530  4292961  3987702  4132017  1231648  1443763  1282945 
"262144"   0  0  0  0  4175797  4216293  4524165  4180989  4378120  2776237  1524332  1358477  1190476 
"524288"   0  0  0  0  4090378  4338874  4595066  4557402  4567360  2854974  1005527  1375184  1342637 

"Stride read report"
        "4"  "8"  "16"  "32"  "64"  "128"  "256"  "512"  "1024"  "2048"  "4096"  "8192"  "16384"
"64"   2006158  2892445  3203069  3541098  1892980 
"128"   1878447  3359523  3468030  4557257  4557257  5545860 
"256"   1368162  3123106  4132864  3667079  5347168  5687020  6107548 
"512"   1954379  3068685  358523  3140488  4494470  4061007  1662389  1999881 
"1024"   1270397  1865101  1698417  2124322  5720477  5479632  5417427  3659010  2514903 
"2048"   1332432  2951050  3374151  4601407  3402216  6420913  5816563  6603549  2102899  2629459 
"4096"   1374520  1803508  2161586  3332786  4192455  2760347  5988509  5580043  4929936  3049425  1813981 
"8192"   1380030  1734481  2216499  2552955  2586588  3190080  2743335  6470997  3549264  2196239  1406122  1610728 
"16384"   1370229  1862427  1844431  2023732  2697864  2376865  2412241  2867875  6668682  5307422  1639738  1270563  1311971 
"32768"   0  0  0  0  2685256  2422608  1732653  2287301  1655017  4535968  1784856  1178915  1511517 
"65536"   0  0  0  0  2254561  2774952  2594759  2573165  2657370  2495174  1147884  1552142  1146357 
"131072"   0  0  0  0  2241963  1989974  1403910  2274248  2395410  2310414  1311059  1393894  1173165 
"262144"   0  0  0  0  2528172  2173700  2664088  2274825  2225426  1935283  1646096  1557349  1292725 
"524288"   0  0  0  0  298523  366144  397852  412550  478031  424600  417414  409059  469106 

"Fwrite report"
        "4"  "8"  "16"  "32"  "64"  "128"  "256"  "512"  "1024"  "2048"  "4096"  "8192"  "16384"
"64"   1087638  1255511  1033216  1734015  1933893 
"128"   1142750  1406136  1526043  1710838  1291158  3657016 
"256"   1407621  591330  1673001  1696795  1894373  729540  3865082 
"512"   1248678  1938502  1137555  1446306  1245780  1635797  1380303  1736314 
"1024"   1340582  1287921  1609925  1605111  1706515  1957770  790125  1530742  2290886 
"2048"   1025565  1322992  2270783  1713598  1923059  1440344  2062505  2976615  1695335  2737561 
"4096"   104126  1188276  1679393  1819553  2043809  1650988  2135523  2085490  1865186  1689633  1585764 
"8192"   1062656  1245919  1543300  1595618  1985904  2019283  1635492  910317  1338318  1248364  1102092  1330545 
"16384"   1108757  1336933  1461158  1243660  1665409  1352032  1817648  1794532  1050663  957071  1278696  1123035  888309 
"32768"   0  0  0  0  1488775  1304088  1361256  1313498  1158660  1024190  1012144  1219643  1062693 
"65536"   0  0  0  0  1368731  1488507  1521480  1461356  1258006  981563  815925  957149  920821 
"131072"   0  0  0  0  70802  70948  71713  70934  92703  96306  92689  109068  127932 
"262144"   0  0  0  0  14651  14557  14416  14579  14623  14713  14961  15193  16030 
"524288"   0  0  0  0  13058  12566  12036  12422  11940  12355  12881  12220  12103 

"Re-Fwrite report"
        "4"  "8"  "16"  "32"  "64"  "128"  "256"  "512"  "1024"  "2048"  "4096"  "8192"  "16384"
"64"   1049372  901377  1163036  1066042  1392258 
"128"   870405  1997245  1172704  2608629  2784517  1939522 
"256"   587127  1376935  1662639  1855098  2975955  3285566  800221 
"512"   1492545  1201856  1101383  1150968  1354190  579179  1340664  1451192 
"1024"   1060013  1280243  1281771  1416636  1781548  1865101  1868347  2666347  2124322 
"2048"   1259557  1317918  1503627  1518244  1530689  1903457  2074960  2188069  2540795  2072957 
"4096"   1188934  1435746  1198388  1716646  1483990  1840015  1824383  1268841  1936675  1672526  1423139 
"8192"   842195  1199761  1415331  1709881  1337901  1806429  1579336  1394877  1434955  1635492  1570888  1344498 
"16384"   1108739  1223402  1530507  1616898  1248768  1429547  1758304  1198962  1272446  1053772  1290899  1583149  1340846 
"32768"   0  0  0  0  1716146  1581925  1167697  1671929  881212  841115  1109767  1026369  1589591 
"65536"   0  0  0  0  1308781  1573231  1467574  1386949  1295898  1023632  956759  833261  1053176 
"131072"   0  0  0  0  75612  78589  76817  74854  92161  97333  98222  109722  132561 
"262144"   0  0  0  0  14441  14352  14340  14384  14415  14505  14663  15032  15806 
"524288"   0  0  0  0  11271  11004  11013  11283  11293  11267  11358  11484  11532 

"Fread report"
        "4"  "8"  "16"  "32"  "64"  "128"  "256"  "512"  "1024"  "2048"  "4096"  "8192"  "16384"
"64"   2067979  1933893  3057153  3057153  1392258 
"128"   2058509  2248149  2660335  2464907  3895854  3982553 
"256"   2045979  3326279  3557725  2812272  2692393  3009318  2582316 
"512"   1797349  1479181  2357784  1848401  2124526  239252  2317080  2196227 
"1024"   1676539  1962242  2027069  1815435  1849042  1889720  2364021  2640123  4356809 
"2048"   1833573  2195338  2437686  2608697  2951050  2980747  2681165  2695468  3074635  1468162 
"4096"   1801994  2102591  2246966  2275537  1593117  2687795  2910951  2496056  2743596  2579247  1642936 
"8192"   1569596  2120604  1953167  2548033  2685864  2633171  2880400  2890577  2749921  2406682  1836358  1573910 
"16384"   1180669  1907771  2299863  2586180  2506747  2455336  2308904  2516016  2725686  2692895  1579656  1205693  1539835 
"32768"   0  0  0  0  1927539  1974447  2069589  2883507  2016866  2156216  1786317  1429410  1333338 
"65536"   0  0  0  0  2670044  2668411  2562299  2747493  2047419  2296202  1653154  1455321  1243944 
"131072"   0  0  0  0  2226355  2207377  2167842  2416511  2327897  2277932  1539993  1504795  1394187 
"262144"   0  0  0  0  2503118  2720972  2817665  2419285  2016354  2531227  1676133  1418911  1206270 
"524288"   0  0  0  0  221070  202851  275264  303941  296104  215640  283854  327477  266496 

"Re-Fread report"
        "4"  "8"  "16"  "32"  "64"  "128"  "256"  "512"  "1024"  "2048"  "4096"  "8192"  "16384"
"64"   2467108  1734015  1232453  4897948  2067979 
"128"   2714132  4012317  4717434  5122535  2132084  1802755 
"256"   2588541  2880164  4840911  5455847  6107548  4404088  6761355 
"512"   2016784  1635797  523035  1610042  3046915  2150051  4973263  2304647 
"1024"   2584518  1774922  1865101  2231377  3074849  3142339  1301187  2044438  6609617 
"2048"   1689998  3929871  4581773  2491420  3140967  4983122  4394265  2479912  2252916  4086930 
"4096"   1852715  2002127  2367741  2767908  2617364  2299600  4288742  2498960  3371374  1827683  2052110 
"8192"   1706315  2062928  2205826  2724410  2650231  2747283  2691123  2693866  2657200  2500744  1385875  1640646 
"16384"   1738905  2071310  2373171  2818011  2346992  1965671  2623100  2607672  2698711  2484722  1478702  1598915  1282826 
"32768"   0  0  0  0  2250080  2529156  1912119  2537374  2258473  2029224  1572207  1195081  1438581 
"65536"   0  0  0  0  2765794  2715948  2465520  2619860  2590870  2331829  1676577  1520840  1198274 
"131072"   0  0  0  0  1896155  2106515  1928691  2402255  1962650  2594303  1625862  1384779  1492507 
"262144"   0  0  0  0  2520446  2730553  2804584  2340443  1936244  2540497  1682891  1382593  1226003 
"524288"   0  0  0  0  224686  198302  284205  318228  315287  268383  287313  288654  267092 
