	Iozone: Performance Test of File I/O
	        Version $Revision: 3.414 $
		Compiled for 64 bit mode.
		Build: linux-AMD64 

	Contributors:William Norcott, Don Capps, Isom Crawford, Kirby Collins
	             Al Slater, Scott Rhine, Mike Wisner, Ken Goss
	             Steve Landherr, Brad Smith, Mark Kelly, Dr. Alain CYR,
	             Randy Dunlap, Mark Montague, Dan Million, Gavin Brebner,
	             Jean-Marc Zucconi, Jeff Blomberg, Benny Halevy, Dave Boone,
	             Erik Habbinga, Kris Strecker, Walter Wong, Joshua Root,
	             Fabrice Bacchella, Zhenghua Xue, Qin Li, Darren Sawyer,
	             Vangel Bojaxhi, Ben England.

	Run began: Sun Feb 24 18:03:36 2013

	Auto Mode
	Excel chart generation enabled
	Command line used: ./benchmarks/iozone3_414/src/current/iozone -a -R
	Output is in Kbytes/sec
	Time Resolution = 0.000001 seconds.
	Processor cache size set to 1024 Kbytes.
	Processor cache line size set to 32 bytes.
	File stride size set to 17 * record size.
                                                            random  random    bkwd   record   stride                                   
              KB  reclen   write rewrite    read    reread    read   write    read  rewrite     read   fwrite frewrite   fread  freread
              64       4  323491  855419  2662899  2923952 2052169 1066042 1336792  1452528  2067979   852702  1452528 1553394  1049372
              64       8  410573 1768283  3791156  3791156 2772930 1841049 1828508  1933893  3057153  1304314  1183548 2662899  3406295
              64      16  703068 1087638  4274062  4564786 3958892 2358717 2561267  2561267  3363612  1017549  1734015 3057153  4274062
              64      32  901377   45584  5283570  5283570 4564786 2689580 2801873  2892445  3057153  1722886  2662899 1734015  2772930
              64      64  901377 1518251  6271021  5735102 5735102 2133730 3791156  1933893  4274062  2006158  1879725 4564786  4643754
             128       4  597981  600657  2132084  2784517 2035099 1377278 1684006  1598754  2004703  1133103  1000121 1185654  1852520
             128       8  540217 2132084  3867787  4407601 3199360 2066432 2727923  2211113  3036502  1618028  1967960 3359523  3982553
             128      16  907174 1975201  3982553  2727923 4267461 1598754 2920861  2608629  2843510   877518  1487977 4135958  4934216
             128      32  934004 2843510  4557257  3199360 5122535 1802755 3445772  2905056  4596273  2058509  2202044 4759253  5545860
             128      64  889145 2905056  6114306  6727225 6045455 3468030 4596273  3657016  4889281  1642783  2843510 2367096  6114306
             128     128 1048974 1997245  6727225  7582312 6406138 2211113 4135958  1705404  1911894  2464907  2098744 4759253  6727225
             256       4  643033  748875  2665657  3009318 2065659 1286217 1817419  1629830  2045979  1600674  1208072 1855098  2911402
             256       8  826078 1398455  2812272  2719671 3009318 1023775 1523457  1506359  1829808  1437779  1487577 3087188  4070199
             256      16  619655 1173737  2943325  4734192 3654598 1642294 2557711  2783115  2975955  1514860  1495866 3285566  3605511
             256      32 1012194 2509882  3368013  2170027 2509882  842278 2486631  3326279  4734192  1506359  1652404 4264168  5569035
             256      64  969251 1855098  4652146  5938650 6249745 2170027 4350555  3326279  4652146  1032636  1570244 2392442  3770085
             256     128 1201314 1802167  4197489  4572895 6398720 2135500 3465855  2975955  5810112  1561112  2783115 2880164  5938650
             256     256 1012194 2097948  7314033  7120034 7073132 2463808 2672291  2247235  3368013  2305128   992545 2413957  6554972
             512       4  651383 1222379  1689859  2402629 1801873  894857 1422357  1069035  1283761  1089094   925717 1547395  1387437
             512       8  613951 1309596  1647088  3684733 3304808 1961520 1783912  2347475  1977778  1413929  1402845 3264616  2926501
             512      16  843206 1426135  2327124  2678309 4237291 1210664 2105777  2926501  3158966  1889050  1501940 2613128  3970896
             512      32  887094 1809465  2678309  4000485 4660280 1854787 2975154  3481620  2995907  1433753  1479181 2942541  3877684
             512      64  720195 1624659  2497638  2402629 5807059 2089386 2228129  2782414  3409755  1835760  1630828 3104171  5822804
             512     128  899731 1729323  3684733  6652558 6736026 2544997 3086326  2906696  5624545  2486072  1874212 3504346  6414119
             512     256 1204552 1759070  4485083  5278892 6999490 2265742 4571003  2638816  4262523  1809465  2584820 3177664  5278892
             512     512 1158418 2124526  7334159  7211022 7211022 2402629 1821745  2198475  2548017  2460437  1961520 1538526  2394591
            1024       4  644038 1200447  1935711  2813041 2106609 1201790 1497127  1625769  2030903  1316341  1110440 1854631  2767722
            1024       8  757916 1466957  2169388  4282950 3040026 1973059 1805514  2432298  3130886  1345623  1321200 2073055  2270300
            1024      16  762491 1627617  2485792  2579861 4232305 1744641 2156318  2942149  2255990  1408275  1568189 4029784  4507705
            1024      32  823768 2201637  2365323  4995276 5071963 3103735 1868347  2365323  4410497  2197132  2286009 3208058  2358827
            1024      64 1114185 1812371  2934110  2645000 5194651 1865101 3251778  4029784  5917516  1422266  1241389 2952261  6355328
            1024     128 1427940 2311849  3291652  6830356 6787181 2497356 3483896  3849207  5200941  2226749  2958362 2827858  6650556
            1024     256  935151 1914144  3012308  6918376 6744549 3355952 4488860  3251778  4215688  1805514  1641301 3529706  6393168
            1024     512 1580306 1981251  2421329  5251818 6776473 1535668 2782064  3618930  5720477  1747480  2509027 2892612  6519323
            1024    1024 1135091 1957770  7306780  7306780 7369466 2852271 2129589  2820430  2509027  1928757  2114908 2484355  3908759
            2048       4  651601 1221930  1914061  1714966 2009902 1075111 1366343  1607456  1488257  1517172  1110555 1624172  1601164
            2048       8  843821 1486197  2079481  3459769 3307884 1810768 1745990  2441150  3122697  1946592  1371798 1984365  3287628
            2048      16 1125249 1334295  2569678  2670330 3819776 1774851 2681165  2994254  2153510  1577638  1563282 2376319  2153510
            2048      32  927958 1820362  2656292  5416763 4472047 2698008 2476337  3304067  2324867  1488515  1581705 2687877  2544558
            2048      64 1274507 1899669  2667014  3929871 5172149 3407614 2824887  4038890  3887189  1633127  1750616 2522144  2653011
            2048     128 1114301 1743156  3154809  2876923 4853603 2074960 2701402  4215286  5970183  1868674  1664778 2964289  2485653
            2048     256 1092894 1871932  2373037  1935626 4500161 1649117 1968901  2800938  3525079  1512364  1475476 3436240  2298737
            2048     512 1098063 2334979  2631876  3097921 5704543 3324528 2941954  4248644  2955111  1589902  2485653 2386884  1954565
            2048    1024 1196402 1967548  4215286  4338776 6020395 2482779 3266376  4376355  3690142  1817281  1515833 2615051  4376355
            2048    2048 1136564 1523901  2972495   858666  904222  705955 1312882  2348384  1963500  2113246  2015562 2452301  3850597
            4096       4  132762 1125308  1703877  1739239 1770061 1119150 1118859  1635118  1247647    79146  1015610 1416802  1938423
            4096       8  820009 1154498  2043809  1917651   66287 1553220 1874548    82184  1887730  1307766  1425619 2159412  2143516
            4096      16  990776 1649720  2388479  2509913 3427880 2392470 2110340  2907010  2333965  1747554  1427159 2424889  3245890
            4096      32 1012378 1757206  2372973  2068915   82044 2072909 2595614  3390670  2488463  2378558  1799729 2048195  2152378
            4096      64 1176638 1285263  2708986  3965067 5382492 2950952 2494244  2892328  2950952  1466008  1897949 2717987  4034911
            4096     128 1080440 1525498  2786313  4076076 5859825 3075079 2525038  4171080  2816923  1878853  1815707 2882622  2657856
            4096     256 1154110 1717505  3107900  3680502 5265366 3546038 2797657  4653513  6967243  1797281  1876390   54094  1454589
            4096     512   41676 1929497  3162828  3999219 4801789 3136268 2515794  4638436  3396032  1286803  2035817 1977924  3215514
            4096    1024   36667 1680050  3387995  2451183 1699663 2078175 2868663  3954116  5062125  2216526  2146730 2819234  2435200
            4096    2048 1135273 1771703  3580776  3399392 3027393 2212815 1991221  3886139  2398148  1168237  2446645 2664865  2413985
            4096    4096  930714 1529981    64045    65473 2019781 1665715 1850121  1525498  1654327  1535863  1556880 1791098   155392
            8192       4   95919 1209517  1741867  1725076   91161 1068771 1386826  1624742  1362140  1127887  1133505 1642999  1724297
            8192       8  117579 1276611  2133375  2172356 2122307  105250 1696374  2395941  1850102   194751  1279225 2235098  2114080
            8192      16  846553 1417784  2314129  2483931 2261728   72314 2103210  2732426  2148449  1409005  1558561 1495995   108248
            8192      32  146610 1768949  1947300  2333935   93920 1708861 2163193  3462355  2435167  1839701   200705 1770043   159451
            8192      64  993090 1787818  2632364  2812037  207302 1807284 2649414   213705  2632364  1926123  1714831 2744211  2607196
            8192     128  149127 1862638  2857404  2801719   82715 1904662 2269346  4530672  2836411  1979269  1612542 2569566  1921276
            8192     256 1154297 1928393   208872  3268991 3382261  127732   88888  4478702  1692197   122910  1228370 1003444  1873710
            8192     512  552169 1588830  2618921  2538620 2717085  126120 1429701  2954201  5992483  1549145  1418311 2525373   202752
            8192    1024  951561 1590742  1574487    82005 2059836   81416  106966  4164410  5789530  1703439  1330339 2186873  2537683
            8192    2048  143679  104016  2800577  2898869  158471 1844243 2626528  2945842  4488649   862231   814640 2488428  2533006
            8192    4096   88336 1420950  1799240   106436 1547958   72055  194473    63954  1739574  1148778  1734831 1627590   280010
            8192    8192   69620 1312803   104119    80185   78344   89024 1588169  1320471  1710222   104978   103767  153244  1244250
           16384       4   79421  190664  1759069   236043  136218   74017  272191   138532   169434   257702   186417 1689069  1768394
           16384       8   92758  101180   126811  2090084  154612  134580  154647   117801  1914681   225795  1262348 2083115  2096716
           16384      16  213100   74250  2164065  2333602  141666  138260 2162635   182147  2128934   276709   468340 2319738  2246850
           16384      32  146486 1736313   238451  1861166  153457  171694 1943324   162287  2064279  1619603  1632531 2567627  2601846
           16384      64  188215 1793736  2421165  2746273 2764280 1896295 2639624  3989333  2674033  1570091  1776807 2412665  2788282
           16384     128 1195042 1949057  2844018  2866918 2802496 1997322 2799642  4528524  2500271  1721567  1831210 2762946  2712560
           16384     256 1135262 1942610  2773204  2987698 2790207 2007357 2606880  4646722  2771862  1481763  1715079 2622299  2791680
           16384     512 1162887 1938008  2742109  2805471 2936252 1922986 2442073  4285644  2722446  1626042  1201183 2816509  2716098
           16384    1024 1023802 1919173  2789754  2317078 2574842 2006360 2756408  4158313  5249445  1823097  1048307 2727958  2176126
           16384    2048 1057909 1452357  2381395  2710313 2341554 1860964 2581419  3355966  5063026  1234190  1065487 2256144  2484362
           16384    4096  960040 1190013  1705248  1748729 1736883 1468998 1698169  1538697  1435789  1212543  1062867 1380635   795375
           16384    8192  807051 1206137  1240360  1226896 1341972 1179474 1313450  1314078  1284312   974028  1216687 1295083  1105369
           16384   16384  809409 1010108  1519878  1524260 1560359 1138553 1556542  1188881  1560536  1236055  1253849 1539559  1467963
           32768      64 1104603 1773341  2569826  2767832 2639766 1880283 2406194  3192556  2194045  1594867  1137572 2732069  2631578
           32768     128 1122071 1857488  2550796  2506326 2510355 1544938 2319848  4354597  2759884  1757850  1647064 2812924  2790196
           32768     256 1117718 1714177  2672100  2875123 2829720 2012171 2757558  4658504  2842713  1402011  1634877 2373122  2809819
           32768     512 1093033 1837276  2475672  2717323 2724541 1960282 2568241  4606819  2783077  1407078  1255198 2845950  2806434
           32768    1024 1066138  910048  2900363  2625646 2791386 1958857 1975412  4253389  2758942  1300165  1763059 2316915  2770398
           32768    2048 1074818 1630262  2446455  2067907 2227723 1709507 2230760  3261112  3577294  1081380  1085754 2131536  2413292
           32768    4096  906219 1188755  1532141  1206570 1395279 1281902 1594312  1386468  1426798   902376   799124 1009735  1024411
           32768    8192  665380  824870  1117373  1526644 1333170 1114483 1207237  1258704  1002415  1006821   870567  904990   693930
           32768   16384  512753 1014490  1161657  1257357 1332085  979204 1283351  1254178  1538987  1055632  1541369 1548506  1388892
           65536      64  997822 1620897  2766629  2724671 2660173 1622092 2643417  3975222  2696525  1405300  1482174 2738078  2637381
           65536     128 1024884 1623299  2841003  2838920 2653804 1768900 2541052  4244248  2061468  1340483  1397441 2510282  2755839
           65536     256 1065262 1182490  2849130  2565600 2802708 1825717 2647389  4678151  2659530  1433792  1542422 2621859  2910245
           65536     512 1059852 1341084  2667971  2854723 2791267 1693131 2418745  4205610  2369416  1184947  1339496 2751177  2648358
           65536    1024  996986 1236669  2209934  2278009 2360889 1421727 2016182  3939670  2251477  1019078  1361248 2800681  2136404
           65536    2048  917394 1504327  2119192  2453898 2340246 1520554 2055503  3847147  2271778   922886   840245 2161485  2468021
           65536    4096  797885 1038376  1692349  1597302 1675208 1231764 1494276  1563246  1775229   941950   911121 1586360  1688026
           65536    8192  833082 1135845  1531790  1494520 1451900 1242274 1532362  1339927  1528068   980460  1006713 1451969  1544927
           65536   16384  796065 1130827  1442354  1536739 1348420 1203468 1453159  1371962  1521513  1170994  1193954 1509457  1445054
          131072      64   82105   86680  2615794  2691097 2499267   87694 2247186  3705407  2153305    83208    88053 2278404  2688768
          131072     128   90738   92527  2067149  1842006 1866509   92943 1848615  3596423  1923879    93499    93312 2141771  2420756
          131072     256   93873   93100  2396590  2394054 2394669   94327 2379269  4221331  2356647    93937    94052 2547361  2542519
          131072     512   94011   94757  2499710  2289382 2278366   94590 2358213  4159812  2375875    92471    87813 2238284  2603678
          131072    1024   95100   95583  2182750  2308173 2407769   95340 2217501  3807151  2299148    94653    94942 2162836  2349676
          131072    2048   94562   95016  1968582  1969442 1803715   94872 2000852  2610428  2042981    99152    96897 2344216  2213536
          131072    4096   92103   92001  1611606  1573645 1481622   92953 1658574  1440573  1588325   101609    98257 1689919  1613072
          131072    8192   91055   92179  1473628  1502344 1389430   93163 1279475  1244569  1393597   110041   107212 1518864  1494974
          131072   16384   92386   93720  1481858  1463082 1488474   94283 1458494  1325377  1497214   134790   134065 1467624  1480473
          262144      64   27139   14121  2645671  2560470 2556778   14636 2241655  3914109  2165028    14259    14353 2684087  2476651
          262144     128   14518   13905  2745650  2793461 2588951   14527 2591276  4275713  2678522    14467    14312 2641039  2550539
          262144     256   14508   14185  2469121  2727485 2696316   14539 2565937  4335309  2178925    14480    14315 2561275  2536962
          262144     512   14511   14332  2381932  2118487 2129933   14531 1697613  3520501  1859822    14260    14374 1851036  2066926
          262144    1024   14576   14199  2162958  2278875 2137074   14473 2244978  3521967  2206079    14542    14385 2236780  2206526
          262144    2048   14267   14211  2046974  2011201 2039873   14602 1936773  2482349  1900379    14710    14466 1727985  1805785
          262144    4096   14581   14293  1539225  1588481 1468124   14716 1679957  1488482  1361673    14428    14640 1398578  1424395
          262144    8192   14657   14301  1425205  1351243 1305529   14582 1342656  1221176  1410703    15175    15050 1541705  1544093
          262144   16384   14629   14306  1504904  1520132 1517713   14761 1494141  1328469  1466588    15995    15807 1483453  1529668
          524288      64   11352   11252   113293   110894  225285   13817  198457  4087663   304401    13091    11272  222086   219582
          524288     128   12271   11257   111789   112267  331528   13579  282876  4326990   368325    12599    11267  264645   257713
          524288     256   11813   11192    65478    96213  403644   14738  340827  4558158   399569    12094    11011  278446   256807
          524288     512   12043   11215   103264   111250  456069   13613  161582  4175597   404396    12852    11276  309494   310731
          524288    1024   11936   11195    93967   112050  482503   13873  383290  4065603   436547    12034    11290  223886   304820
          524288    2048   12103   11256   111504   102160  460699   13706  415841  3450694   555267    11946    11274  316787   316770
          524288    4096   11896   11219   101365    98554  402234   13871  353538  1469630   502463    12263    11368  262938   263651
          524288    8192   12072   11163   115552   112985  536809   13413  429986  1418393   430110    12060    11466  303129   297558
          524288   16384   11978   11253   115817   107186  352953   13701  450142  1361649  1482790    11945    11542  314741   270353

iozone test complete.
Excel output is below:

"Writer report"
        "4"  "8"  "16"  "32"  "64"  "128"  "256"  "512"  "1024"  "2048"  "4096"  "8192"  "16384"
"64"   323491  410573  703068  901377  901377 
"128"   597981  540217  907174  934004  889145  1048974 
"256"   643033  826078  619655  1012194  969251  1201314  1012194 
"512"   651383  613951  843206  887094  720195  899731  1204552  1158418 
"1024"   644038  757916  762491  823768  1114185  1427940  935151  1580306  1135091 
"2048"   651601  843821  1125249  927958  1274507  1114301  1092894  1098063  1196402  1136564 
"4096"   132762  820009  990776  1012378  1176638  1080440  1154110  41676  36667  1135273  930714 
"8192"   95919  117579  846553  146610  993090  149127  1154297  552169  951561  143679  88336  69620 
"16384"   79421  92758  213100  146486  188215  1195042  1135262  1162887  1023802  1057909  960040  807051  809409 
"32768"   0  0  0  0  1104603  1122071  1117718  1093033  1066138  1074818  906219  665380  512753 
"65536"   0  0  0  0  997822  1024884  1065262  1059852  996986  917394  797885  833082  796065 
"131072"   0  0  0  0  82105  90738  93873  94011  95100  94562  92103  91055  92386 
"262144"   0  0  0  0  27139  14518  14508  14511  14576  14267  14581  14657  14629 
"524288"   0  0  0  0  11352  12271  11813  12043  11936  12103  11896  12072  11978 

"Re-writer report"
        "4"  "8"  "16"  "32"  "64"  "128"  "256"  "512"  "1024"  "2048"  "4096"  "8192"  "16384"
"64"   855419  1768283  1087638  45584  1518251 
"128"   600657  2132084  1975201  2843510  2905056  1997245 
"256"   748875  1398455  1173737  2509882  1855098  1802167  2097948 
"512"   1222379  1309596  1426135  1809465  1624659  1729323  1759070  2124526 
"1024"   1200447  1466957  1627617  2201637  1812371  2311849  1914144  1981251  1957770 
"2048"   1221930  1486197  1334295  1820362  1899669  1743156  1871932  2334979  1967548  1523901 
"4096"   1125308  1154498  1649720  1757206  1285263  1525498  1717505  1929497  1680050  1771703  1529981 
"8192"   1209517  1276611  1417784  1768949  1787818  1862638  1928393  1588830  1590742  104016  1420950  1312803 
"16384"   190664  101180  74250  1736313  1793736  1949057  1942610  1938008  1919173  1452357  1190013  1206137  1010108 
"32768"   0  0  0  0  1773341  1857488  1714177  1837276  910048  1630262  1188755  824870  1014490 
"65536"   0  0  0  0  1620897  1623299  1182490  1341084  1236669  1504327  1038376  1135845  1130827 
"131072"   0  0  0  0  86680  92527  93100  94757  95583  95016  92001  92179  93720 
"262144"   0  0  0  0  14121  13905  14185  14332  14199  14211  14293  14301  14306 
"524288"   0  0  0  0  11252  11257  11192  11215  11195  11256  11219  11163  11253 

"Reader report"
        "4"  "8"  "16"  "32"  "64"  "128"  "256"  "512"  "1024"  "2048"  "4096"  "8192"  "16384"
"64"   2662899  3791156  4274062  5283570  6271021 
"128"   2132084  3867787  3982553  4557257  6114306  6727225 
"256"   2665657  2812272  2943325  3368013  4652146  4197489  7314033 
"512"   1689859  1647088  2327124  2678309  2497638  3684733  4485083  7334159 
"1024"   1935711  2169388  2485792  2365323  2934110  3291652  3012308  2421329  7306780 
"2048"   1914061  2079481  2569678  2656292  2667014  3154809  2373037  2631876  4215286  2972495 
"4096"   1703877  2043809  2388479  2372973  2708986  2786313  3107900  3162828  3387995  3580776  64045 
"8192"   1741867  2133375  2314129  1947300  2632364  2857404  208872  2618921  1574487  2800577  1799240  104119 
"16384"   1759069  126811  2164065  238451  2421165  2844018  2773204  2742109  2789754  2381395  1705248  1240360  1519878 
"32768"   0  0  0  0  2569826  2550796  2672100  2475672  2900363  2446455  1532141  1117373  1161657 
"65536"   0  0  0  0  2766629  2841003  2849130  2667971  2209934  2119192  1692349  1531790  1442354 
"131072"   0  0  0  0  2615794  2067149  2396590  2499710  2182750  1968582  1611606  1473628  1481858 
"262144"   0  0  0  0  2645671  2745650  2469121  2381932  2162958  2046974  1539225  1425205  1504904 
"524288"   0  0  0  0  113293  111789  65478  103264  93967  111504  101365  115552  115817 

"Re-Reader report"
        "4"  "8"  "16"  "32"  "64"  "128"  "256"  "512"  "1024"  "2048"  "4096"  "8192"  "16384"
"64"   2923952  3791156  4564786  5283570  5735102 
"128"   2784517  4407601  2727923  3199360  6727225  7582312 
"256"   3009318  2719671  4734192  2170027  5938650  4572895  7120034 
"512"   2402629  3684733  2678309  4000485  2402629  6652558  5278892  7211022 
"1024"   2813041  4282950  2579861  4995276  2645000  6830356  6918376  5251818  7306780 
"2048"   1714966  3459769  2670330  5416763  3929871  2876923  1935626  3097921  4338776  858666 
"4096"   1739239  1917651  2509913  2068915  3965067  4076076  3680502  3999219  2451183  3399392  65473 
"8192"   1725076  2172356  2483931  2333935  2812037  2801719  3268991  2538620  82005  2898869  106436  80185 
"16384"   236043  2090084  2333602  1861166  2746273  2866918  2987698  2805471  2317078  2710313  1748729  1226896  1524260 
"32768"   0  0  0  0  2767832  2506326  2875123  2717323  2625646  2067907  1206570  1526644  1257357 
"65536"   0  0  0  0  2724671  2838920  2565600  2854723  2278009  2453898  1597302  1494520  1536739 
"131072"   0  0  0  0  2691097  1842006  2394054  2289382  2308173  1969442  1573645  1502344  1463082 
"262144"   0  0  0  0  2560470  2793461  2727485  2118487  2278875  2011201  1588481  1351243  1520132 
"524288"   0  0  0  0  110894  112267  96213  111250  112050  102160  98554  112985  107186 

"Random read report"
        "4"  "8"  "16"  "32"  "64"  "128"  "256"  "512"  "1024"  "2048"  "4096"  "8192"  "16384"
"64"   2052169  2772930  3958892  4564786  5735102 
"128"   2035099  3199360  4267461  5122535  6045455  6406138 
"256"   2065659  3009318  3654598  2509882  6249745  6398720  7073132 
"512"   1801873  3304808  4237291  4660280  5807059  6736026  6999490  7211022 
"1024"   2106609  3040026  4232305  5071963  5194651  6787181  6744549  6776473  7369466 
"2048"   2009902  3307884  3819776  4472047  5172149  4853603  4500161  5704543  6020395  904222 
"4096"   1770061  66287  3427880  82044  5382492  5859825  5265366  4801789  1699663  3027393  2019781 
"8192"   91161  2122307  2261728  93920  207302  82715  3382261  2717085  2059836  158471  1547958  78344 
"16384"   136218  154612  141666  153457  2764280  2802496  2790207  2936252  2574842  2341554  1736883  1341972  1560359 
"32768"   0  0  0  0  2639766  2510355  2829720  2724541  2791386  2227723  1395279  1333170  1332085 
"65536"   0  0  0  0  2660173  2653804  2802708  2791267  2360889  2340246  1675208  1451900  1348420 
"131072"   0  0  0  0  2499267  1866509  2394669  2278366  2407769  1803715  1481622  1389430  1488474 
"262144"   0  0  0  0  2556778  2588951  2696316  2129933  2137074  2039873  1468124  1305529  1517713 
"524288"   0  0  0  0  225285  331528  403644  456069  482503  460699  402234  536809  352953 

"Random write report"
        "4"  "8"  "16"  "32"  "64"  "128"  "256"  "512"  "1024"  "2048"  "4096"  "8192"  "16384"
"64"   1066042  1841049  2358717  2689580  2133730 
"128"   1377278  2066432  1598754  1802755  3468030  2211113 
"256"   1286217  1023775  1642294  842278  2170027  2135500  2463808 
"512"   894857  1961520  1210664  1854787  2089386  2544997  2265742  2402629 
"1024"   1201790  1973059  1744641  3103735  1865101  2497356  3355952  1535668  2852271 
"2048"   1075111  1810768  1774851  2698008  3407614  2074960  1649117  3324528  2482779  705955 
"4096"   1119150  1553220  2392470  2072909  2950952  3075079  3546038  3136268  2078175  2212815  1665715 
"8192"   1068771  105250  72314  1708861  1807284  1904662  127732  126120  81416  1844243  72055  89024 
"16384"   74017  134580  138260  171694  1896295  1997322  2007357  1922986  2006360  1860964  1468998  1179474  1138553 
"32768"   0  0  0  0  1880283  1544938  2012171  1960282  1958857  1709507  1281902  1114483  979204 
"65536"   0  0  0  0  1622092  1768900  1825717  1693131  1421727  1520554  1231764  1242274  1203468 
"131072"   0  0  0  0  87694  92943  94327  94590  95340  94872  92953  93163  94283 
"262144"   0  0  0  0  14636  14527  14539  14531  14473  14602  14716  14582  14761 
"524288"   0  0  0  0  13817  13579  14738  13613  13873  13706  13871  13413  13701 

"Backward read report"
        "4"  "8"  "16"  "32"  "64"  "128"  "256"  "512"  "1024"  "2048"  "4096"  "8192"  "16384"
"64"   1336792  1828508  2561267  2801873  3791156 
"128"   1684006  2727923  2920861  3445772  4596273  4135958 
"256"   1817419  1523457  2557711  2486631  4350555  3465855  2672291 
"512"   1422357  1783912  2105777  2975154  2228129  3086326  4571003  1821745 
"1024"   1497127  1805514  2156318  1868347  3251778  3483896  4488860  2782064  2129589 
"2048"   1366343  1745990  2681165  2476337  2824887  2701402  1968901  2941954  3266376  1312882 
"4096"   1118859  1874548  2110340  2595614  2494244  2525038  2797657  2515794  2868663  1991221  1850121 
"8192"   1386826  1696374  2103210  2163193  2649414  2269346  88888  1429701  106966  2626528  194473  1588169 
"16384"   272191  154647  2162635  1943324  2639624  2799642  2606880  2442073  2756408  2581419  1698169  1313450  1556542 
"32768"   0  0  0  0  2406194  2319848  2757558  2568241  1975412  2230760  1594312  1207237  1283351 
"65536"   0  0  0  0  2643417  2541052  2647389  2418745  2016182  2055503  1494276  1532362  1453159 
"131072"   0  0  0  0  2247186  1848615  2379269  2358213  2217501  2000852  1658574  1279475  1458494 
"262144"   0  0  0  0  2241655  2591276  2565937  1697613  2244978  1936773  1679957  1342656  1494141 
"524288"   0  0  0  0  198457  282876  340827  161582  383290  415841  353538  429986  450142 

"Record rewrite report"
        "4"  "8"  "16"  "32"  "64"  "128"  "256"  "512"  "1024"  "2048"  "4096"  "8192"  "16384"
"64"   1452528  1933893  2561267  2892445  1933893 
"128"   1598754  2211113  2608629  2905056  3657016  1705404 
"256"   1629830  1506359  2783115  3326279  3326279  2975955  2247235 
"512"   1069035  2347475  2926501  3481620  2782414  2906696  2638816  2198475 
"1024"   1625769  2432298  2942149  2365323  4029784  3849207  3251778  3618930  2820430 
"2048"   1607456  2441150  2994254  3304067  4038890  4215286  2800938  4248644  4376355  2348384 
"4096"   1635118  82184  2907010  3390670  2892328  4171080  4653513  4638436  3954116  3886139  1525498 
"8192"   1624742  2395941  2732426  3462355  213705  4530672  4478702  2954201  4164410  2945842  63954  1320471 
"16384"   138532  117801  182147  162287  3989333  4528524  4646722  4285644  4158313  3355966  1538697  1314078  1188881 
"32768"   0  0  0  0  3192556  4354597  4658504  4606819  4253389  3261112  1386468  1258704  1254178 
"65536"   0  0  0  0  3975222  4244248  4678151  4205610  3939670  3847147  1563246  1339927  1371962 
"131072"   0  0  0  0  3705407  3596423  4221331  4159812  3807151  2610428  1440573  1244569  1325377 
"262144"   0  0  0  0  3914109  4275713  4335309  3520501  3521967  2482349  1488482  1221176  1328469 
"524288"   0  0  0  0  4087663  4326990  4558158  4175597  4065603  3450694  1469630  1418393  1361649 

"Stride read report"
        "4"  "8"  "16"  "32"  "64"  "128"  "256"  "512"  "1024"  "2048"  "4096"  "8192"  "16384"
"64"   2067979  3057153  3363612  3057153  4274062 
"128"   2004703  3036502  2843510  4596273  4889281  1911894 
"256"   2045979  1829808  2975955  4734192  4652146  5810112  3368013 
"512"   1283761  1977778  3158966  2995907  3409755  5624545  4262523  2548017 
"1024"   2030903  3130886  2255990  4410497  5917516  5200941  4215688  5720477  2509027 
"2048"   1488257  3122697  2153510  2324867  3887189  5970183  3525079  2955111  3690142  1963500 
"4096"   1247647  1887730  2333965  2488463  2950952  2816923  6967243  3396032  5062125  2398148  1654327 
"8192"   1362140  1850102  2148449  2435167  2632364  2836411  1692197  5992483  5789530  4488649  1739574  1710222 
"16384"   169434  1914681  2128934  2064279  2674033  2500271  2771862  2722446  5249445  5063026  1435789  1284312  1560536 
"32768"   0  0  0  0  2194045  2759884  2842713  2783077  2758942  3577294  1426798  1002415  1538987 
"65536"   0  0  0  0  2696525  2061468  2659530  2369416  2251477  2271778  1775229  1528068  1521513 
"131072"   0  0  0  0  2153305  1923879  2356647  2375875  2299148  2042981  1588325  1393597  1497214 
"262144"   0  0  0  0  2165028  2678522  2178925  1859822  2206079  1900379  1361673  1410703  1466588 
"524288"   0  0  0  0  304401  368325  399569  404396  436547  555267  502463  430110  1482790 

"Fwrite report"
        "4"  "8"  "16"  "32"  "64"  "128"  "256"  "512"  "1024"  "2048"  "4096"  "8192"  "16384"
"64"   852702  1304314  1017549  1722886  2006158 
"128"   1133103  1618028  877518  2058509  1642783  2464907 
"256"   1600674  1437779  1514860  1506359  1032636  1561112  2305128 
"512"   1089094  1413929  1889050  1433753  1835760  2486072  1809465  2460437 
"1024"   1316341  1345623  1408275  2197132  1422266  2226749  1805514  1747480  1928757 
"2048"   1517172  1946592  1577638  1488515  1633127  1868674  1512364  1589902  1817281  2113246 
"4096"   79146  1307766  1747554  2378558  1466008  1878853  1797281  1286803  2216526  1168237  1535863 
"8192"   1127887  194751  1409005  1839701  1926123  1979269  122910  1549145  1703439  862231  1148778  104978 
"16384"   257702  225795  276709  1619603  1570091  1721567  1481763  1626042  1823097  1234190  1212543  974028  1236055 
"32768"   0  0  0  0  1594867  1757850  1402011  1407078  1300165  1081380  902376  1006821  1055632 
"65536"   0  0  0  0  1405300  1340483  1433792  1184947  1019078  922886  941950  980460  1170994 
"131072"   0  0  0  0  83208  93499  93937  92471  94653  99152  101609  110041  134790 
"262144"   0  0  0  0  14259  14467  14480  14260  14542  14710  14428  15175  15995 
"524288"   0  0  0  0  13091  12599  12094  12852  12034  11946  12263  12060  11945 

"Re-Fwrite report"
        "4"  "8"  "16"  "32"  "64"  "128"  "256"  "512"  "1024"  "2048"  "4096"  "8192"  "16384"
"64"   1452528  1183548  1734015  2662899  1879725 
"128"   1000121  1967960  1487977  2202044  2843510  2098744 
"256"   1208072  1487577  1495866  1652404  1570244  2783115  992545 
"512"   925717  1402845  1501940  1479181  1630828  1874212  2584820  1961520 
"1024"   1110440  1321200  1568189  2286009  1241389  2958362  1641301  2509027  2114908 
"2048"   1110555  1371798  1563282  1581705  1750616  1664778  1475476  2485653  1515833  2015562 
"4096"   1015610  1425619  1427159  1799729  1897949  1815707  1876390  2035817  2146730  2446645  1556880 
"8192"   1133505  1279225  1558561  200705  1714831  1612542  1228370  1418311  1330339  814640  1734831  103767 
"16384"   186417  1262348  468340  1632531  1776807  1831210  1715079  1201183  1048307  1065487  1062867  1216687  1253849 
"32768"   0  0  0  0  1137572  1647064  1634877  1255198  1763059  1085754  799124  870567  1541369 
"65536"   0  0  0  0  1482174  1397441  1542422  1339496  1361248  840245  911121  1006713  1193954 
"131072"   0  0  0  0  88053  93312  94052  87813  94942  96897  98257  107212  134065 
"262144"   0  0  0  0  14353  14312  14315  14374  14385  14466  14640  15050  15807 
"524288"   0  0  0  0  11272  11267  11011  11276  11290  11274  11368  11466  11542 

"Fread report"
        "4"  "8"  "16"  "32"  "64"  "128"  "256"  "512"  "1024"  "2048"  "4096"  "8192"  "16384"
"64"   1553394  2662899  3057153  1734015  4564786 
"128"   1185654  3359523  4135958  4759253  2367096  4759253 
"256"   1855098  3087188  3285566  4264168  2392442  2880164  2413957 
"512"   1547395  3264616  2613128  2942541  3104171  3504346  3177664  1538526 
"1024"   1854631  2073055  4029784  3208058  2952261  2827858  3529706  2892612  2484355 
"2048"   1624172  1984365  2376319  2687877  2522144  2964289  3436240  2386884  2615051  2452301 
"4096"   1416802  2159412  2424889  2048195  2717987  2882622  54094  1977924  2819234  2664865  1791098 
"8192"   1642999  2235098  1495995  1770043  2744211  2569566  1003444  2525373  2186873  2488428  1627590  153244 
"16384"   1689069  2083115  2319738  2567627  2412665  2762946  2622299  2816509  2727958  2256144  1380635  1295083  1539559 
"32768"   0  0  0  0  2732069  2812924  2373122  2845950  2316915  2131536  1009735  904990  1548506 
"65536"   0  0  0  0  2738078  2510282  2621859  2751177  2800681  2161485  1586360  1451969  1509457 
"131072"   0  0  0  0  2278404  2141771  2547361  2238284  2162836  2344216  1689919  1518864  1467624 
"262144"   0  0  0  0  2684087  2641039  2561275  1851036  2236780  1727985  1398578  1541705  1483453 
"524288"   0  0  0  0  222086  264645  278446  309494  223886  316787  262938  303129  314741 

"Re-Fread report"
        "4"  "8"  "16"  "32"  "64"  "128"  "256"  "512"  "1024"  "2048"  "4096"  "8192"  "16384"
"64"   1049372  3406295  4274062  2772930  4643754 
"128"   1852520  3982553  4934216  5545860  6114306  6727225 
"256"   2911402  4070199  3605511  5569035  3770085  5938650  6554972 
"512"   1387437  2926501  3970896  3877684  5822804  6414119  5278892  2394591 
"1024"   2767722  2270300  4507705  2358827  6355328  6650556  6393168  6519323  3908759 
"2048"   1601164  3287628  2153510  2544558  2653011  2485653  2298737  1954565  4376355  3850597 
"4096"   1938423  2143516  3245890  2152378  4034911  2657856  1454589  3215514  2435200  2413985  155392 
"8192"   1724297  2114080  108248  159451  2607196  1921276  1873710  202752  2537683  2533006  280010  1244250 
"16384"   1768394  2096716  2246850  2601846  2788282  2712560  2791680  2716098  2176126  2484362  795375  1105369  1467963 
"32768"   0  0  0  0  2631578  2790196  2809819  2806434  2770398  2413292  1024411  693930  1388892 
"65536"   0  0  0  0  2637381  2755839  2910245  2648358  2136404  2468021  1688026  1544927  1445054 
"131072"   0  0  0  0  2688768  2420756  2542519  2603678  2349676  2213536  1613072  1494974  1480473 
"262144"   0  0  0  0  2476651  2550539  2536962  2066926  2206526  1805785  1424395  1544093  1529668 
"524288"   0  0  0  0  219582  257713  256807  310731  304820  316770  263651  297558  270353 
