	Iozone: Performance Test of File I/O
	        Version $Revision: 3.414 $
		Compiled for 64 bit mode.
		Build: linux-AMD64 

	Contributors:William Norcott, Don Capps, Isom Crawford, Kirby Collins
	             Al Slater, Scott Rhine, Mike Wisner, Ken Goss
	             Steve Landherr, Brad Smith, Mark Kelly, Dr. Alain CYR,
	             Randy Dunlap, Mark Montague, Dan Million, Gavin Brebner,
	             Jean-Marc Zucconi, Jeff Blomberg, Benny Halevy, Dave Boone,
	             Erik Habbinga, Kris Strecker, Walter Wong, Joshua Root,
	             Fabrice Bacchella, Zhenghua Xue, Qin Li, Darren Sawyer,
	             Vangel Bojaxhi, Ben England.

	Run began: Fri Feb 22 18:03:55 2013

	Auto Mode
	Excel chart generation enabled
	Command line used: ./benchmarks/iozone3_414/src/current/iozone -a -R
	Output is in Kbytes/sec
	Time Resolution = 0.000001 seconds.
	Processor cache size set to 1024 Kbytes.
	Processor cache line size set to 32 bytes.
	File stride size set to 17 * record size.
                                                            random  random    bkwd   record   stride                                   
              KB  reclen   write rewrite    read    reread    read   write    read  rewrite     read   fwrite frewrite   fread  freread
              64       4  561808 1163036  2662899  2662899 2006158 1017549 1599680  1484662  2067979  1163036  1183548 2133730  1879725
              64       8  718114 1363961  4018152  2923952 3203069 1285575 1722886  1429325  3203069  1385075  1363961 2561267  3541098
              64      16  546928 2006158  2561267  4018152 3958892 1933893 2067979  2133730  2444640   983980  1828508 1780008  1879725
              64      32  695778 1083249  4564786  2801873 4564786 1599680 2203800  2298136  1879725  1232453  1879725 3541098  4897948
              64      64  877797 2561267  5860307  5735102 5283570 3165299 3738358  3057153  1722886  1879725  1066042 2379626  1780008
             128       4  604036 1231904  2905056  2608629 2098744 1048974 1684006  1048974  1939522  1220700   992724 1997245  1827299
             128       8  785122 1471662  3445772  4012317 3277486 1406136 1471662  2238774  3380677  1076312  1243315 2027414  3560017
             128      16  569439  816154  3380677  2969325 4104338 1618028 2004703  2409592  3036502  1642783  1684006 3895854  4596273
             128      32  877518 1521718  3359523  2202044 4717434 1833539 2714132  2175277  4759253  1858934  2066432 3759450  5379161
             128      64 1057236 1802755  2714132  3982553 6045455 1939522 2132084  2673584  4889281  1603529  1278855 3053774  5784891
             128     128 1067750 1827299  4717434  5379161 6727225 1967960 1967960  2166499  5122535  2035099   770474 2660335  5847904
             256       4  600928 1062263  1729594  1897721 2118645 1137672 1415041  1642294  1552085  1128110  1195962 2413957  2613746
             256       8  768712 1286217  2435861  2849590 3285566 1489641 2463808  2392442  2330140   907792  1201314 2842047  3017775
             256      16  965763 1514860  2305128  2000242 4197489 1839210 1306564  2588541  3285566  1241598  1158540 1600674  1907837
             256      32  873098 1312954  2205688  3123106 5117791 2812272 1588832  3123106  4350555  1552085  1108314 2065659  2045979
             256      64  865358 2097948  3935921  5938650 5841722 2081678 2812272  3197509  4652146  2114473  1362952 3935921  5455847
             256     128 1163562 1185399  5455847  6761355 6719046 2812272 5217259  4132864  6073004  1868008  4477549 2419396  2880164
             256     256 1173737 1881098  6398720  6249745 7120034 2699161 3043436  3935921  6073004  2114473  1718521 4070199  6719046
             512       4  572691 1273861  2169601  2449212 2032051 1459080 1605228  1684557  1418599  1180062   838269 1938502  2910635
             512       8  802256 1438555  2402629  4340054 3325278 1689859 2381315  2347475  1705969  1145443  1895721 2132967  2089386
             512      16 1024169 1528669  2587935  4927617 4237291 1961520 1815584  2942541  3822466  1747618  1402845 2764505  2875558
             512      32 1075998 2910635  2438090  2750343 5227492 2708713 2678309  3459188  4650188  1193838  1605228 2736325  5760329
             512      64 1442420 1975959  3459188  5384786 6156675 2782414 4532414  3710197  3325278  1233614  1204552 2691737  4620174
             512     128 1320061 1672748  2275345  5127637 6018636 2416145 3659616  3239989  4784885  2065273  1034032 3533174  2416145
             512     256  891884 1842059  6228097  5164632 6156675 2081286 1718254  4068701  5566231  1605228  1132755 2665014  1968713
             512     512 1161551 2860238  7211022  1730717 7115451 2143612 2370799  2860238  5164632  3710197  1917728 2216629  7115451
            1024       4  671528 1311117  2160657  2612819 2129589 1464956 1544504  1698417  2085132  1251518  1154311 1958662  2944166
            1024       8  999107 1397280  2960401  1865101 3294177 1523683 1670669  2491561  2503178  1456510  1331853 3066069  1783768
            1024      16  966941 1278338  2106609  3066069 4162573 2251260 2142335  2950233  4114719  2094282  1546729 3631168  4876180
            1024      32  994020 1806273  3345496  2155236 5277632 2008114 2504637  3696803  2120127  2077065  1615374 2365323  3324778
            1024      64 1331440 2090206  2300703  2995501 6208343 2142335 2924122  3955557  4943530  1777861  1809317 2559871  3074849
            1024     128 1146607 1406431  3324778  6137371 6093831 1472995 2822283  4249053  6355328  2331932  2035716 3529706  5444898
            1024     256 1175799 1907343  5390231  5660167 6093831 2281152 3133170  3966517  5623115  2008114  2353657 2796556  6640274
            1024     512 1011817 2207295  4178773  7220790 7257394 2867506 3411938  1917562  4972145  1750329  2094282 1981251  4854136
            1024    1024 1264413 1786736  5018624  5782087 6776473 2632033 1211964  2547723  2107643  3314514  2281152 2553783  6402699
            2048       4  679271 1212615  1729816  1706788 2102384 1124660 1353426  1693997  1680082  1421279  1122895 1607456  2537792
            2048       8  899487 1486197  2199836  4046500 3336148 1722532 1753475  2435613  2223179  1473451  1357061 2122645  3483621
            2048      16 1097081 1642495  2386884  3871422 4229816 2345819 2178635  2981782  2599225  1906837  1562145 1848567  3097921
            2048      32 1037080 1768638  2680329  2673655 4531020 2001939 2048243  3611028  4293237  2473485  1708146 2316716  2563543
            2048      64  851516 1415191  2003807  2096227 3219850 1646273 2565840  3542524  3841986  2135840  2041428 2947000  3784436
            2048     128 1191423 1875611  3070239  3977179 5953632 1616531 2892423  4432815  6732948  2669500  1851755 2522144  2329912
            2048     256 1063926 2365196  3074635  4911886 6851089 2782790 3038742  3657149  5277002  1157079  1807720 2798201  2202092
            2048     512 1110555 1903035  3447273  4994712 6359119 1865023 2790021  2359349  4864597  2226060   972944 2914009  2406949
            2048    1024 1271301 1392253  4613765  6459541 7065219 3999400 1438174  2045804  2473485   976594  1426234 1386635   972833
            2048    2048  618345 1189279  2476337  1919192 1713940 1284033 2149199  2960203  1861789  2327387  1737163 2361944  4154130
            4096       4  663550 1124057  1798787  1770973 1760087 1083643 1386053  1437789  1405098  1213284  1043810 1571692  1897111
            4096       8  747704 1483605  2119190  2104910 2564999 1412376 1863567  2248142  2842558  1368498  1433112 2040896  1619549
            4096      16  987189 1675299  2364807  3325046 3988078 2500779 2100535  3047802  2196126  1745778  1622762 1852715  2419084
            4096      32 1032518 1766239  2160227  2588965 4409837 2224851 2375927  3670280  2232367  2402172  1632476 2523554  3041327
            4096      64  954076 1813981  2698349  2846325 2339368 1777937 2589355  4223375  2528754  1815515  1634495 2712408  3923414
            4096     128  959243 1973154  2701744  2178857 3670280 2076165 2989984  4012295  3093907  2083467  1953410 2876348  3976080
            4096     256 1173343 1989376  2685695  4031124 5761565 1970212 2542602  4432592  6169144  1742237  1939298 2860543  2610602
            4096     512 1160974 1952300  2905044  2907010 4245291 3067940 2254337  4481152  4471821  1450413  1199392 1955189  2262949
            4096    1024  898068 2016936  3453374  4063542 4633432 2038716 2750624  3849566  4520059  1801239  2062457 2795836  3527834
            4096    2048 1147328 1874548  1803697  2700046 3150647 2350249 2050151  3300136  2778652  1360371  1785514 1701852  2079181
            4096    4096  987927 1519830  2167313  1886694 1780148 1565676 1854114  1281237  2007743  1495487  1498749 1486172  1894600
            8192       4  665850  896189  1518474  1779301 1549494 1089823 1264396  1654630  1433220  1205232  1106707 1492746  1761694
            8192       8  863227 1444001  1880684  2263516 2040388 1417550 1824462  2411581  1902026  1179417  1393632 1823687  2243709
            8192      16 1005764 1403996  2410904  2386953 2547278 1721705 1931645  2914360  2296036  1658304  1534067 2142822  1829805
            8192      32 1067476 1812049  2619919  2406682 2564962 1865673 2132713  3693481  2437240  1653277  1568736  953435  1755304
            8192      64  828408  558152   228519   285852 1961753 1133543 1793323  3840447   848811  1436695  1646937 2440876  2436030
            8192     128  957661 1212376  2544071  2459219 2234662 1709881 1798486  4043365  2342527  1121554  1338370 1881405  2477126
            8192     256  738017 1707332  2488428  2233355 2665652 1659986 2247525  4143818  2692177  1891555  1854696 2878470  2926772
            8192     512 1246688 1422009  2913371  2972602 3112631 1919344 2598914  4437634  7267586  2246791  1732295 2081297  2132316
            8192    1024 1202911 1870344  3085241  3089958 3165394 2027744 2555994  2774122  5797345  1482441  1057717 2770319  2589122
            8192    2048 1118633 1786331  3000639  3010630 2719666 1723605 2614736  1452486  4533661  1284821  1617704 2493123  2198065
            8192    4096  663369 1464996  1910380  1893640 1826887 1409005 1318495  1579336  1378867  1147972  1813197 1894162  1891451
            8192    8192  860956 1259899  1534958  1297043 1236326 1110463 1632229  1166801  1580789  1220342   924274 1515660  1292311
           16384       4  641453 1159747  1662508  1746152 1408653  963593 1351925  1639542  1354163  1037293  1117756 1696450  1758304
           16384       8  817234 1275327  1917620  2209572 1874825 1258072 1848350  2398099   878824  1353950  1327507 2023434  2092693
           16384      16  912405 1035855  2052626  2351731 2145954 1561884 2146222  3019998  2223369  1380635  1521392 2377194  2412241
           16384      32 1014866 1760196  2576097  2609355 2534295 1777175 2354309  3630417  2543676  1721179  1571600 2579385  2537383
           16384      64 1138497 1787484  2528421  2789301 2593598 1821695 2619401  4120908  2467059  1785115  1582238 2789301  2756408
           16384     128 1182701 1705417  2719753  2860831 2814664 1912656 1976582  4514838  2842960  1537251  1722646 2281234  2516385
           16384     256 1055407 1845868  2526097  2803525 2865842 1973744 2807878  4657114  2939392  1808178  1783586 2114067  2397346
           16384     512 1137931 1843392  2802610  2946197 2934622 1956047 2285407  4595758  2783088  1150563  1730280 2828217  2781623
           16384    1024 1173893 1749129  2473809  3080236 2722446 1967359 2924630  2622299  4417609  1060390  1498174 2085011  2274289
           16384    2048  805273 1417545  2276172  2610148 1873087 1667066 2516661  3750079  4074485  1209257  1107167 2322639  2545749
           16384    4096  935152 1183129  1565014  1199066 1209960 1163458 1542185  1513517  1429160  1113735  1221032 1706476  1783957
           16384    8192  931918 1318541  1516624  1591914 1325228 1319047 1654941  1267049  1298460   945418  1068070 1228915  1287344
           16384   16384  770174 1038155  1080583  1316091 1337141 1099444 1228453  1142700  1324922   903837  1142928 1508236  1538249
           32768      64 1091315 1787851  2478485  2744398 2675793 1899697 2387468  3965141  2639817  1670648  1616343 2570018  2472110
           32768     128 1153109 1785134  2678401  2846953 2757780 1886917 2624393  4361506  2411894  1750417  1575993 2849136  2598148
           32768     256 1151737 1887980  2453968  2025963 2358098 1658712 2207187  4386003  2543291  1276355  1246783 2385065  2289397
           32768     512  960991 1758120  2799973  2267041 1986060 1735213 2132231  4213488  2422950  1178622  1264099 2363369  2501946
           32768    1024  916535 1426798  2348949  2415413 1875894 1704102 1655196  4110409  2422950   996109   890507 2350838  1966875
           32768    2048  855854  756694  1766935  1724630 1803002 1273929 2480005  2415965  5331677  1038703  1028343 2368828  2426158
           32768    4096  859375 1345109  1751555  1738087 1642517 1249924 1673191  1559859  1770942  1097388  1141151 1667244  1647478
           32768    8192  907902 1294300  1229341  1340151 1295081 1042674 1336372  1216200  1318311   941583  1136001 1522821  1557050
           32768   16384  890871  791900  1208437  1275514 1094348 1081125 1198280  1132584  1283818   912349  1414245 1435486  1557703
           65536      64  925633 1329140  2768161  2598168 2404022 1711794 2665694  4010778  2645350  1609621  1512630 2523232  2634499
           65536     128  985208 1596532  1927023  1668719 1748689 1619932 2544204  4446437  2530922  1569988  1316693 2590260  2791125
           65536     256 1084477 1767330  2796378  2860456 2855969 1756949 2577315  4527212  2447845  1431858  1603209 2808378  2698723
           65536     512 1112101 1673291  2693196  2847655 2853745 1722046 2747273  4764178  2851140  1465805  1360803 2598561  2785920
           65536    1024 1042239 1357557  2528477  2803680 2803823 1672731 2587285  4186267  2210094  1163451  1315061 2260252  2240923
           65536    2048  882283 1441174  2699624  2378107 2369579 1630531 2346960  4393701  2247923  1127640   902636 2572972  2350472
           65536    4096  858599 1102555  1696643  1603442 1713993 1318234 1652031  1400760  1756904   969580   977681 1575693  1615182
           65536    8192  771184 1140251  1494073  1577167 1419568 1192907 1574520  1350168  1542024   950319   996278 1573943  1439115
           65536   16384  764027 1098655  1285901  1234824 1219799 1033252 1439017  1358342  1321129  1016297  1154697 1370129   825878
          131072      64   75706   57689  1927589  1896077 2025847   59877 2175796  3922881  2229190    60906    56882 2184424  2240053
          131072     128   54688   67612  2439090  2439956 2229687   59310 2624912  4276265  2783618    62247    49822 1622800  2433217
          131072     256   86925   89958  2522894  2759239 2131697   87454 2658974  4486601  2558195    88297    87371 2477127  2825740
          131072     512   88329   89374  2630375  2813304 2711806   92276 2615894  4426881  2816143    91523    89164 2807773  2581888
          131072    1024   89789   91812  2811492  2715449 2501131   94238 2732197  4467024  2542966    96309    90826 2185726  2271297
          131072    2048   89111   95009  2370752  2651510 2350179   94605 2471847  3889135  2470071    95418    97770 2494764  2484965
          131072    4096   93693   94506  1583471  1483233 1562632   94670 1685401  1512521  1691250   101020    94010 1337319  1412154
          131072    8192   87288   88962  1318179  1232656 1291771   87931 1413192  1198809  1237578   100347    98454 1146306  1178090
          131072   16384   88618   94455  1441159  1432230 1477199   94839 1476600  1337085  1482477   134696   135076 1502501  1437552
          262144      64   48988   46871  2604664  2639017 2520833   14911 2518368  4188267  2543706    14645    14441 2312834  2362956
          262144     128   14625   14240  2350921  2385053 2259706   14555 2626114  4387064  2598060    14495    14349 2633316  2626189
          262144     256   14565   14231  2431085  2521585 2775095   14572 2607493  4684996  2654383    14475    14354 2107200  2100666
          262144     512   14591   14226  2286672  2651912 2365152   14407 2198641  4063358  2254960    14648    14452 2345951  2068929
          262144    1024   14602   14255  2414541  2256418 2251981   14203 1930126  3430754  1714750    14672    14430 2182498  2091010
          262144    2048   14583   14324  1890332  2017282 1992699   14538 2018401  3033128  1970564    14697    14548 1956371  1880217
          262144    4096   14546   14350  1553529  1535950 1552406   14760 1666025  1390454  1408119    14997    14694 1409733  1604190
          262144    8192   14683   14342  1545469  1526951 1527636   14772 1521173  1355638  1516028    15215    15059 1559536  1569386
          262144   16384   14659   14341  1320925  1346698 1336704   14872 1225458  1025089  1242018    16071    15848 1504017  1527645
          524288      64   11349   11019   110469    96556  157478   14707  180985  3837423   293808    13315    11022  224167   217673
          524288     128   12231   11178   110619   111043  347474   13620  288027  4427740   369015    12711    11272  258357   262335
          524288     256   12114   11217   111934   108289  433941   13399  230110  4113962   379065    12667    11019  252270   261988
          524288     512   12098   11133   100707   102547  464153   13833  385393  4338583   447909    11972    11274  288328   301703
          524288    1024   11988   11197    84258    68523  383509   15434  439583  4665978   485146    11939    11285  296601   297616
          524288    2048   11936   10997   113106   111926  467537   13358  362622  2937515   464876    12114    11331  301650   278175
          524288    4096   11996   11256    93005   106073  465031   13884  352577  1402473   484580    12142    11376  296475   272735
          524288    8192   11856   11254   114932   115173  540539   13424  467920  1360518   401749    11893    11489  321540   331043
          524288   16384   11892   11254   105756   109654  389842   13745  384019  1142907  1220545    12209    11669  297478   263270

iozone test complete.
Excel output is below:

"Writer report"
        "4"  "8"  "16"  "32"  "64"  "128"  "256"  "512"  "1024"  "2048"  "4096"  "8192"  "16384"
"64"   561808  718114  546928  695778  877797 
"128"   604036  785122  569439  877518  1057236  1067750 
"256"   600928  768712  965763  873098  865358  1163562  1173737 
"512"   572691  802256  1024169  1075998  1442420  1320061  891884  1161551 
"1024"   671528  999107  966941  994020  1331440  1146607  1175799  1011817  1264413 
"2048"   679271  899487  1097081  1037080  851516  1191423  1063926  1110555  1271301  618345 
"4096"   663550  747704  987189  1032518  954076  959243  1173343  1160974  898068  1147328  987927 
"8192"   665850  863227  1005764  1067476  828408  957661  738017  1246688  1202911  1118633  663369  860956 
"16384"   641453  817234  912405  1014866  1138497  1182701  1055407  1137931  1173893  805273  935152  931918  770174 
"32768"   0  0  0  0  1091315  1153109  1151737  960991  916535  855854  859375  907902  890871 
"65536"   0  0  0  0  925633  985208  1084477  1112101  1042239  882283  858599  771184  764027 
"131072"   0  0  0  0  75706  54688  86925  88329  89789  89111  93693  87288  88618 
"262144"   0  0  0  0  48988  14625  14565  14591  14602  14583  14546  14683  14659 
"524288"   0  0  0  0  11349  12231  12114  12098  11988  11936  11996  11856  11892 

"Re-writer report"
        "4"  "8"  "16"  "32"  "64"  "128"  "256"  "512"  "1024"  "2048"  "4096"  "8192"  "16384"
"64"   1163036  1363961  2006158  1083249  2561267 
"128"   1231904  1471662  816154  1521718  1802755  1827299 
"256"   1062263  1286217  1514860  1312954  2097948  1185399  1881098 
"512"   1273861  1438555  1528669  2910635  1975959  1672748  1842059  2860238 
"1024"   1311117  1397280  1278338  1806273  2090206  1406431  1907343  2207295  1786736 
"2048"   1212615  1486197  1642495  1768638  1415191  1875611  2365196  1903035  1392253  1189279 
"4096"   1124057  1483605  1675299  1766239  1813981  1973154  1989376  1952300  2016936  1874548  1519830 
"8192"   896189  1444001  1403996  1812049  558152  1212376  1707332  1422009  1870344  1786331  1464996  1259899 
"16384"   1159747  1275327  1035855  1760196  1787484  1705417  1845868  1843392  1749129  1417545  1183129  1318541  1038155 
"32768"   0  0  0  0  1787851  1785134  1887980  1758120  1426798  756694  1345109  1294300  791900 
"65536"   0  0  0  0  1329140  1596532  1767330  1673291  1357557  1441174  1102555  1140251  1098655 
"131072"   0  0  0  0  57689  67612  89958  89374  91812  95009  94506  88962  94455 
"262144"   0  0  0  0  46871  14240  14231  14226  14255  14324  14350  14342  14341 
"524288"   0  0  0  0  11019  11178  11217  11133  11197  10997  11256  11254  11254 

"Reader report"
        "4"  "8"  "16"  "32"  "64"  "128"  "256"  "512"  "1024"  "2048"  "4096"  "8192"  "16384"
"64"   2662899  4018152  2561267  4564786  5860307 
"128"   2905056  3445772  3380677  3359523  2714132  4717434 
"256"   1729594  2435861  2305128  2205688  3935921  5455847  6398720 
"512"   2169601  2402629  2587935  2438090  3459188  2275345  6228097  7211022 
"1024"   2160657  2960401  2106609  3345496  2300703  3324778  5390231  4178773  5018624 
"2048"   1729816  2199836  2386884  2680329  2003807  3070239  3074635  3447273  4613765  2476337 
"4096"   1798787  2119190  2364807  2160227  2698349  2701744  2685695  2905044  3453374  1803697  2167313 
"8192"   1518474  1880684  2410904  2619919  228519  2544071  2488428  2913371  3085241  3000639  1910380  1534958 
"16384"   1662508  1917620  2052626  2576097  2528421  2719753  2526097  2802610  2473809  2276172  1565014  1516624  1080583 
"32768"   0  0  0  0  2478485  2678401  2453968  2799973  2348949  1766935  1751555  1229341  1208437 
"65536"   0  0  0  0  2768161  1927023  2796378  2693196  2528477  2699624  1696643  1494073  1285901 
"131072"   0  0  0  0  1927589  2439090  2522894  2630375  2811492  2370752  1583471  1318179  1441159 
"262144"   0  0  0  0  2604664  2350921  2431085  2286672  2414541  1890332  1553529  1545469  1320925 
"524288"   0  0  0  0  110469  110619  111934  100707  84258  113106  93005  114932  105756 

"Re-Reader report"
        "4"  "8"  "16"  "32"  "64"  "128"  "256"  "512"  "1024"  "2048"  "4096"  "8192"  "16384"
"64"   2662899  2923952  4018152  2801873  5735102 
"128"   2608629  4012317  2969325  2202044  3982553  5379161 
"256"   1897721  2849590  2000242  3123106  5938650  6761355  6249745 
"512"   2449212  4340054  4927617  2750343  5384786  5127637  5164632  1730717 
"1024"   2612819  1865101  3066069  2155236  2995501  6137371  5660167  7220790  5782087 
"2048"   1706788  4046500  3871422  2673655  2096227  3977179  4911886  4994712  6459541  1919192 
"4096"   1770973  2104910  3325046  2588965  2846325  2178857  4031124  2907010  4063542  2700046  1886694 
"8192"   1779301  2263516  2386953  2406682  285852  2459219  2233355  2972602  3089958  3010630  1893640  1297043 
"16384"   1746152  2209572  2351731  2609355  2789301  2860831  2803525  2946197  3080236  2610148  1199066  1591914  1316091 
"32768"   0  0  0  0  2744398  2846953  2025963  2267041  2415413  1724630  1738087  1340151  1275514 
"65536"   0  0  0  0  2598168  1668719  2860456  2847655  2803680  2378107  1603442  1577167  1234824 
"131072"   0  0  0  0  1896077  2439956  2759239  2813304  2715449  2651510  1483233  1232656  1432230 
"262144"   0  0  0  0  2639017  2385053  2521585  2651912  2256418  2017282  1535950  1526951  1346698 
"524288"   0  0  0  0  96556  111043  108289  102547  68523  111926  106073  115173  109654 

"Random read report"
        "4"  "8"  "16"  "32"  "64"  "128"  "256"  "512"  "1024"  "2048"  "4096"  "8192"  "16384"
"64"   2006158  3203069  3958892  4564786  5283570 
"128"   2098744  3277486  4104338  4717434  6045455  6727225 
"256"   2118645  3285566  4197489  5117791  5841722  6719046  7120034 
"512"   2032051  3325278  4237291  5227492  6156675  6018636  6156675  7115451 
"1024"   2129589  3294177  4162573  5277632  6208343  6093831  6093831  7257394  6776473 
"2048"   2102384  3336148  4229816  4531020  3219850  5953632  6851089  6359119  7065219  1713940 
"4096"   1760087  2564999  3988078  4409837  2339368  3670280  5761565  4245291  4633432  3150647  1780148 
"8192"   1549494  2040388  2547278  2564962  1961753  2234662  2665652  3112631  3165394  2719666  1826887  1236326 
"16384"   1408653  1874825  2145954  2534295  2593598  2814664  2865842  2934622  2722446  1873087  1209960  1325228  1337141 
"32768"   0  0  0  0  2675793  2757780  2358098  1986060  1875894  1803002  1642517  1295081  1094348 
"65536"   0  0  0  0  2404022  1748689  2855969  2853745  2803823  2369579  1713993  1419568  1219799 
"131072"   0  0  0  0  2025847  2229687  2131697  2711806  2501131  2350179  1562632  1291771  1477199 
"262144"   0  0  0  0  2520833  2259706  2775095  2365152  2251981  1992699  1552406  1527636  1336704 
"524288"   0  0  0  0  157478  347474  433941  464153  383509  467537  465031  540539  389842 

"Random write report"
        "4"  "8"  "16"  "32"  "64"  "128"  "256"  "512"  "1024"  "2048"  "4096"  "8192"  "16384"
"64"   1017549  1285575  1933893  1599680  3165299 
"128"   1048974  1406136  1618028  1833539  1939522  1967960 
"256"   1137672  1489641  1839210  2812272  2081678  2812272  2699161 
"512"   1459080  1689859  1961520  2708713  2782414  2416145  2081286  2143612 
"1024"   1464956  1523683  2251260  2008114  2142335  1472995  2281152  2867506  2632033 
"2048"   1124660  1722532  2345819  2001939  1646273  1616531  2782790  1865023  3999400  1284033 
"4096"   1083643  1412376  2500779  2224851  1777937  2076165  1970212  3067940  2038716  2350249  1565676 
"8192"   1089823  1417550  1721705  1865673  1133543  1709881  1659986  1919344  2027744  1723605  1409005  1110463 
"16384"   963593  1258072  1561884  1777175  1821695  1912656  1973744  1956047  1967359  1667066  1163458  1319047  1099444 
"32768"   0  0  0  0  1899697  1886917  1658712  1735213  1704102  1273929  1249924  1042674  1081125 
"65536"   0  0  0  0  1711794  1619932  1756949  1722046  1672731  1630531  1318234  1192907  1033252 
"131072"   0  0  0  0  59877  59310  87454  92276  94238  94605  94670  87931  94839 
"262144"   0  0  0  0  14911  14555  14572  14407  14203  14538  14760  14772  14872 
"524288"   0  0  0  0  14707  13620  13399  13833  15434  13358  13884  13424  13745 

"Backward read report"
        "4"  "8"  "16"  "32"  "64"  "128"  "256"  "512"  "1024"  "2048"  "4096"  "8192"  "16384"
"64"   1599680  1722886  2067979  2203800  3738358 
"128"   1684006  1471662  2004703  2714132  2132084  1967960 
"256"   1415041  2463808  1306564  1588832  2812272  5217259  3043436 
"512"   1605228  2381315  1815584  2678309  4532414  3659616  1718254  2370799 
"1024"   1544504  1670669  2142335  2504637  2924122  2822283  3133170  3411938  1211964 
"2048"   1353426  1753475  2178635  2048243  2565840  2892423  3038742  2790021  1438174  2149199 
"4096"   1386053  1863567  2100535  2375927  2589355  2989984  2542602  2254337  2750624  2050151  1854114 
"8192"   1264396  1824462  1931645  2132713  1793323  1798486  2247525  2598914  2555994  2614736  1318495  1632229 
"16384"   1351925  1848350  2146222  2354309  2619401  1976582  2807878  2285407  2924630  2516661  1542185  1654941  1228453 
"32768"   0  0  0  0  2387468  2624393  2207187  2132231  1655196  2480005  1673191  1336372  1198280 
"65536"   0  0  0  0  2665694  2544204  2577315  2747273  2587285  2346960  1652031  1574520  1439017 
"131072"   0  0  0  0  2175796  2624912  2658974  2615894  2732197  2471847  1685401  1413192  1476600 
"262144"   0  0  0  0  2518368  2626114  2607493  2198641  1930126  2018401  1666025  1521173  1225458 
"524288"   0  0  0  0  180985  288027  230110  385393  439583  362622  352577  467920  384019 

"Record rewrite report"
        "4"  "8"  "16"  "32"  "64"  "128"  "256"  "512"  "1024"  "2048"  "4096"  "8192"  "16384"
"64"   1484662  1429325  2133730  2298136  3057153 
"128"   1048974  2238774  2409592  2175277  2673584  2166499 
"256"   1642294  2392442  2588541  3123106  3197509  4132864  3935921 
"512"   1684557  2347475  2942541  3459188  3710197  3239989  4068701  2860238 
"1024"   1698417  2491561  2950233  3696803  3955557  4249053  3966517  1917562  2547723 
"2048"   1693997  2435613  2981782  3611028  3542524  4432815  3657149  2359349  2045804  2960203 
"4096"   1437789  2248142  3047802  3670280  4223375  4012295  4432592  4481152  3849566  3300136  1281237 
"8192"   1654630  2411581  2914360  3693481  3840447  4043365  4143818  4437634  2774122  1452486  1579336  1166801 
"16384"   1639542  2398099  3019998  3630417  4120908  4514838  4657114  4595758  2622299  3750079  1513517  1267049  1142700 
"32768"   0  0  0  0  3965141  4361506  4386003  4213488  4110409  2415965  1559859  1216200  1132584 
"65536"   0  0  0  0  4010778  4446437  4527212  4764178  4186267  4393701  1400760  1350168  1358342 
"131072"   0  0  0  0  3922881  4276265  4486601  4426881  4467024  3889135  1512521  1198809  1337085 
"262144"   0  0  0  0  4188267  4387064  4684996  4063358  3430754  3033128  1390454  1355638  1025089 
"524288"   0  0  0  0  3837423  4427740  4113962  4338583  4665978  2937515  1402473  1360518  1142907 

"Stride read report"
        "4"  "8"  "16"  "32"  "64"  "128"  "256"  "512"  "1024"  "2048"  "4096"  "8192"  "16384"
"64"   2067979  3203069  2444640  1879725  1722886 
"128"   1939522  3380677  3036502  4759253  4889281  5122535 
"256"   1552085  2330140  3285566  4350555  4652146  6073004  6073004 
"512"   1418599  1705969  3822466  4650188  3325278  4784885  5566231  5164632 
"1024"   2085132  2503178  4114719  2120127  4943530  6355328  5623115  4972145  2107643 
"2048"   1680082  2223179  2599225  4293237  3841986  6732948  5277002  4864597  2473485  1861789 
"4096"   1405098  2842558  2196126  2232367  2528754  3093907  6169144  4471821  4520059  2778652  2007743 
"8192"   1433220  1902026  2296036  2437240  848811  2342527  2692177  7267586  5797345  4533661  1378867  1580789 
"16384"   1354163  878824  2223369  2543676  2467059  2842960  2939392  2783088  4417609  4074485  1429160  1298460  1324922 
"32768"   0  0  0  0  2639817  2411894  2543291  2422950  2422950  5331677  1770942  1318311  1283818 
"65536"   0  0  0  0  2645350  2530922  2447845  2851140  2210094  2247923  1756904  1542024  1321129 
"131072"   0  0  0  0  2229190  2783618  2558195  2816143  2542966  2470071  1691250  1237578  1482477 
"262144"   0  0  0  0  2543706  2598060  2654383  2254960  1714750  1970564  1408119  1516028  1242018 
"524288"   0  0  0  0  293808  369015  379065  447909  485146  464876  484580  401749  1220545 

"Fwrite report"
        "4"  "8"  "16"  "32"  "64"  "128"  "256"  "512"  "1024"  "2048"  "4096"  "8192"  "16384"
"64"   1163036  1385075  983980  1232453  1879725 
"128"   1220700  1076312  1642783  1858934  1603529  2035099 
"256"   1128110  907792  1241598  1552085  2114473  1868008  2114473 
"512"   1180062  1145443  1747618  1193838  1233614  2065273  1605228  3710197 
"1024"   1251518  1456510  2094282  2077065  1777861  2331932  2008114  1750329  3314514 
"2048"   1421279  1473451  1906837  2473485  2135840  2669500  1157079  2226060  976594  2327387 
"4096"   1213284  1368498  1745778  2402172  1815515  2083467  1742237  1450413  1801239  1360371  1495487 
"8192"   1205232  1179417  1658304  1653277  1436695  1121554  1891555  2246791  1482441  1284821  1147972  1220342 
"16384"   1037293  1353950  1380635  1721179  1785115  1537251  1808178  1150563  1060390  1209257  1113735  945418  903837 
"32768"   0  0  0  0  1670648  1750417  1276355  1178622  996109  1038703  1097388  941583  912349 
"65536"   0  0  0  0  1609621  1569988  1431858  1465805  1163451  1127640  969580  950319  1016297 
"131072"   0  0  0  0  60906  62247  88297  91523  96309  95418  101020  100347  134696 
"262144"   0  0  0  0  14645  14495  14475  14648  14672  14697  14997  15215  16071 
"524288"   0  0  0  0  13315  12711  12667  11972  11939  12114  12142  11893  12209 

"Re-Fwrite report"
        "4"  "8"  "16"  "32"  "64"  "128"  "256"  "512"  "1024"  "2048"  "4096"  "8192"  "16384"
"64"   1183548  1363961  1828508  1879725  1066042 
"128"   992724  1243315  1684006  2066432  1278855  770474 
"256"   1195962  1201314  1158540  1108314  1362952  4477549  1718521 
"512"   838269  1895721  1402845  1605228  1204552  1034032  1132755  1917728 
"1024"   1154311  1331853  1546729  1615374  1809317  2035716  2353657  2094282  2281152 
"2048"   1122895  1357061  1562145  1708146  2041428  1851755  1807720  972944  1426234  1737163 
"4096"   1043810  1433112  1622762  1632476  1634495  1953410  1939298  1199392  2062457  1785514  1498749 
"8192"   1106707  1393632  1534067  1568736  1646937  1338370  1854696  1732295  1057717  1617704  1813197  924274 
"16384"   1117756  1327507  1521392  1571600  1582238  1722646  1783586  1730280  1498174  1107167  1221032  1068070  1142928 
"32768"   0  0  0  0  1616343  1575993  1246783  1264099  890507  1028343  1141151  1136001  1414245 
"65536"   0  0  0  0  1512630  1316693  1603209  1360803  1315061  902636  977681  996278  1154697 
"131072"   0  0  0  0  56882  49822  87371  89164  90826  97770  94010  98454  135076 
"262144"   0  0  0  0  14441  14349  14354  14452  14430  14548  14694  15059  15848 
"524288"   0  0  0  0  11022  11272  11019  11274  11285  11331  11376  11489  11669 

"Fread report"
        "4"  "8"  "16"  "32"  "64"  "128"  "256"  "512"  "1024"  "2048"  "4096"  "8192"  "16384"
"64"   2133730  2561267  1780008  3541098  2379626 
"128"   1997245  2027414  3895854  3759450  3053774  2660335 
"256"   2413957  2842047  1600674  2065659  3935921  2419396  4070199 
"512"   1938502  2132967  2764505  2736325  2691737  3533174  2665014  2216629 
"1024"   1958662  3066069  3631168  2365323  2559871  3529706  2796556  1981251  2553783 
"2048"   1607456  2122645  1848567  2316716  2947000  2522144  2798201  2914009  1386635  2361944 
"4096"   1571692  2040896  1852715  2523554  2712408  2876348  2860543  1955189  2795836  1701852  1486172 
"8192"   1492746  1823687  2142822  953435  2440876  1881405  2878470  2081297  2770319  2493123  1894162  1515660 
"16384"   1696450  2023434  2377194  2579385  2789301  2281234  2114067  2828217  2085011  2322639  1706476  1228915  1508236 
"32768"   0  0  0  0  2570018  2849136  2385065  2363369  2350838  2368828  1667244  1522821  1435486 
"65536"   0  0  0  0  2523232  2590260  2808378  2598561  2260252  2572972  1575693  1573943  1370129 
"131072"   0  0  0  0  2184424  1622800  2477127  2807773  2185726  2494764  1337319  1146306  1502501 
"262144"   0  0  0  0  2312834  2633316  2107200  2345951  2182498  1956371  1409733  1559536  1504017 
"524288"   0  0  0  0  224167  258357  252270  288328  296601  301650  296475  321540  297478 

"Re-Fread report"
        "4"  "8"  "16"  "32"  "64"  "128"  "256"  "512"  "1024"  "2048"  "4096"  "8192"  "16384"
"64"   1879725  3541098  1879725  4897948  1780008 
"128"   1827299  3560017  4596273  5379161  5784891  5847904 
"256"   2613746  3017775  1907837  2045979  5455847  2880164  6719046 
"512"   2910635  2089386  2875558  5760329  4620174  2416145  1968713  7115451 
"1024"   2944166  1783768  4876180  3324778  3074849  5444898  6640274  4854136  6402699 
"2048"   2537792  3483621  3097921  2563543  3784436  2329912  2202092  2406949  972833  4154130 
"4096"   1897111  1619549  2419084  3041327  3923414  3976080  2610602  2262949  3527834  2079181  1894600 
"8192"   1761694  2243709  1829805  1755304  2436030  2477126  2926772  2132316  2589122  2198065  1891451  1292311 
"16384"   1758304  2092693  2412241  2537383  2756408  2516385  2397346  2781623  2274289  2545749  1783957  1287344  1538249 
"32768"   0  0  0  0  2472110  2598148  2289397  2501946  1966875  2426158  1647478  1557050  1557703 
"65536"   0  0  0  0  2634499  2791125  2698723  2785920  2240923  2350472  1615182  1439115  825878 
"131072"   0  0  0  0  2240053  2433217  2825740  2581888  2271297  2484965  1412154  1178090  1437552 
"262144"   0  0  0  0  2362956  2626189  2100666  2068929  2091010  1880217  1604190  1569386  1527645 
"524288"   0  0  0  0  217673  262335  261988  301703  297616  278175  272735  331043  263270 
