	Iozone: Performance Test of File I/O
	        Version $Revision: 3.414 $
		Compiled for 64 bit mode.
		Build: linux-AMD64 

	Contributors:William Norcott, Don Capps, Isom Crawford, Kirby Collins
	             Al Slater, Scott Rhine, Mike Wisner, Ken Goss
	             Steve Landherr, Brad Smith, Mark Kelly, Dr. Alain CYR,
	             Randy Dunlap, Mark Montague, Dan Million, Gavin Brebner,
	             Jean-Marc Zucconi, Jeff Blomberg, Benny Halevy, Dave Boone,
	             Erik Habbinga, Kris Strecker, Walter Wong, Joshua Root,
	             Fabrice Bacchella, Zhenghua Xue, Qin Li, Darren Sawyer,
	             Vangel Bojaxhi, Ben England.

	Run began: Sat Feb 23 09:03:41 2013

	Auto Mode
	Excel chart generation enabled
	Command line used: ./benchmarks/iozone3_414/src/current/iozone -a -R
	Output is in Kbytes/sec
	Time Resolution = 0.000001 seconds.
	Processor cache size set to 1024 Kbytes.
	Processor cache line size set to 32 bytes.
	File stride size set to 17 * record size.
                                                            random  random    bkwd   record   stride                                   
              KB  reclen   write rewrite    read    reread    read   write    read  rewrite     read   fwrite frewrite   fread  freread
              64       4  376589  720041  2444640  2662899 2067979 1105556 1599680  1363961  2067979  1138375  1452528 2467108  1066042
              64       8  571375 1210227  3541098  4018152 3203069 1363961 1690338  2133730  2662899  1363961  1029254 1734015  3541098
              64      16  647135 2052169  3057153  2133730 3958892 1562436 1879725  2203800  2561267  1421755  1484662 2772930  4274062
              64      32  866463 1484662  5283570  4897948 4988978 1828508 3203069  2379626  4274062  1562436   955947 1780008  1679761
              64      64  831569 1690338  5860307  5860307 5860307 2006158 3588436  1947927  1892980  1562436  1304314 4018152  1526887
             128       4  595328 1130717  2202044  2660335 2066432  859260 1642783  1598754  1975201  1185654   985435 1852520  1642783
             128       8  637004 1451764  3759450  2286447 3277486 1359835 2621367  2211113  3277486  1455701  1391557 2464907  3759450
             128      16  876086 2326073  4759253  3867787 4104338 2511022 1911894  2621367  3895854  1732927  1705404 4012317  4267461
             128      32  848397 1508887  4934216  3468030 1598754 1732927 2969325  2621367  4717434  2132084  2464907 3982553  5122535
             128      64 1206978  907174  6114306  3359523 5847904 2066432 3053774  2843510  5325799  1455701  2920861 5122535  5847904
             128     128 1015251 1243315  6406138  4717434 6114306 1911894 4444086  2905056  1487977  3785961  1684006 1778862  6114306
             256       4  621448 1148625  2903529  2943325 2097948 1122215 1970871  1610276  2065659   927393  1230218 2588541  2441400
             256       8  599585 1224606  3545976  3994490 3326279 2097948 2842047  2345409  1985448  1354356  1487577 2975955  3823789
             256      16  973645 1752173  4755158  4907284 4197489 1775350 3667079  2783115  4132864  1704877  1147398 3465855  5022044
             256      32 1118707 1802167  5320671  5347168 5022044 1911233 3935921  3159869  4070199  1829808  1740810 4181144  5841722
             256      64 1185399 1231629  4197489  4264168 5569035 1884399 2783115  3756894  5687020  2726577  3197509 3511189  6249745
             256     128  904732 2065659  6249745  5810112 6554972 1967260 5428265  1652404  2613746  1639786  1093639 3823789  2613746
             256     256 1112909 2911402  7073132  6719046 6891544 2097948 2719671  2187712  5455847  3879045  3705040 6249745  5938650
             512       4  525596 1480200  2668325  2958758 2099600 1467055 1729323   700463  1426135  1267845  1565443 2327124  2926501
             512       8  861818 2039772  2597325  4195896 3259661 1479181 1842059  2438090  1667552  1480200  1312798 2196227  4195896
             512      16 1103647 1500891  2207515  3140488 1019791 1437592 2263354  2926501  3459188  1760512  1662389 2391924  4494470
             512      32 1135150 1947291  5067142  5822804 4195896 1829505 2584820  3527371  3905895  1547395  2681653 3415178  2678309
             512      64  927315 1961520  3684733  4123387 6018636 2189509 3325278  3684733  5951911  2089386  2089386 3504346  6395018
             512     128 1193175 2105777  6571132  2132967 2845081 2039772 2708713  3913012  6395018  2587935  2532990 5699180  6652558
             512     256 1108203 1222379  4340054  4163357 6999490 2207515 2678309  3008498  5177083  1541840  3201349 3877684  6821616
             512     512  856319 2007358  7211022  2708713 6909408 1875849 2750343  1740536  2205248  2275345  1862832 2460437  6843354
            1024       4  662823 1265531  1893052  2968586 2111788 1256277 1439908  1678504  2106609  1253344  1149368 1914144  2944166
            1024       8  833196 1477555  3324778  4265934 3271594 1540074 1774922  2461573  3020783  1834824  1340164 2579861  3999762
            1024      16  950675 1646334  2276316  2454539 3966517 2467229 1907343  2592318  1907343  1422266  1351126 2201637  1284839
            1024      32  852547 1675884  2461573  4079544 5071963 2918161 2450338  3618930  4594502  2398343  1709912 2730767  4674510
            1024      64 1278338 1812371  2011877  3411938 5885083 2225595 3722435  4014717  6093831  2333199  2297012 2331932  2089189
            1024     128 1180972 3066069  3778101  2968586 6692005 2179295 3037876  4195100  5169641  1715375  1635675 2844715  6776473
            1024     256 1448162 1921852  3481072  4162573 6963241 2993413 2598591  3696803  5991815  2360124  2454539 2231377  3003881
            1024     512 1192117 2192645  3748425  6599461 6918376 3345496 4848656  4410497  3142339  1697745  1542286 3751699  1512948
            1024    1024 1155864 2934110  5144870  6874084 7269678 2365323 2892612  2774874  3083680  2859868  1917562 2250080  1973059
            2048       4  668799 1216910  1971160  1779262 1908956  966594 1414259  1650385  1316907   899393  1011913 1693997  2589040
            2048       8 1006931 1227167  2038038  2967361 3155969 1887563 2003807  2389540  2976615  1542232  1311879 1937372  2473485
            2048      16  842827 1583746  2423929  4572018 4112366 2066474 2618239  3003677  1358134  1026055  1774851 2406949  2709070
            2048      32 1105268 1556202  2805512  4653758 5147354 2599225 2500122  3650932  3251539  2361944  1873565 2727131  2509617
            2048      64 1222626 1900089  2896324  4686767 5820505 2482062 2622235  4204968  2311728  1848567  1843410 2892423  2349026
            2048     128 1265681 1950570  2938934  2015562 3061485 1779262 2631876  4301837  3999400  2204352  1892553 2968386  5735012
            2048     256 1393156 1946592  3235617  5416763 6967792 3567536 2009902  3901313  3871422  1805819   991702 2646472  3204236
            2048     512 1111849 1654199  3436240  2058058 3519302 2250555 2856830  4531020  5689430  1335124  1156923 2921939  5719737
            2048    1024 1072293 1800898  4441984  6321679 6479029 2809182 2872113  4303993  2270783  1427182  1571864 2653011  2626244
            2048    2048 1152422 1003871  5800851  5578583 6498636 2797290 2767549  2432165  2844532  1910230  2021729 2509617  3324528
            4096       4  583064 1229697  1659601  1784030 1647663 1055935 1424674  1639018  1816475  1527125  1100440 1775549  2442471
            4096       8  901981 1405098  2070660  2720138 2256706 1416802 1779226  2357991  2118929  1359940  1312461 2136585  2987384
            4096      16  826161 1635740  2426601  2542602 2523554 1439235 2171696  3031667  3329557  2074912  1118204 2320410  3165159
            4096      32 1172943 1416802  2613780  3162828 3785942 2232367 2489906  2748864  2027648  2277951  1734148 2649658  3709909
            4096      64  945309 1911464  2860543  2677324 4633432 2114496 2351214  4149921  2661562  1611347  1661687 2433820  2792200
            4096     128 1120099 1928414  2923832  4128976 5808315 3491981 2832715  4442909  2786313  2077169  1368171 2069662  2096433
            4096     256 1260648 2046000  2976515  2850103 5013377 2307631 2732686  4055868  6672297  1969309  2047951 2832715  2569603
            4096     512 1237047 1926684  3138560  2048928 3220336 1738535 1931232  3957760  6131713  2087771  1955189 2680666  3577048
            4096    1024  920441 1135573  3179805  3396032 3503374 2474841 2075915  4149921  4275933  1536962  1940393 2687795  2528382
            4096    2048 1130268 1900679  3558525  3912691 3530734 2589355 2734426  3984379  3703511  1572268  2452583 2314159  2169502
            4096    4096  965334 1218706  1552097  1526583 1869448 1473932 2014570  1663780  1932101  1871077  1444316 1968406  1673830
            8192       4  665038 1157719  1598141  1766221 1490285 1089201 1364683  1398681  1348455  1205909  1172615 1497625  1497038
            8192       8  835235 1447895  2170709  2236408 2182844 1444548 1696709  2417179  1795291  1391544  1240477 2046951  2275508
            8192      16  689209 1342292  2424342  2321477 2499107 1617019 1858407  2906963  2366893  1476580  1525824 2132184  2291442
            8192      32 1051470 1805195  2540873  2304351 2567262 1839307 1351797  2868138  1441215  1224343  1650576 2645945  2855505
            8192      64 1062229 1398909  2795791  2580953 2556755 1873301 2729605  4139325  3045318  1960187  1798863 2769426  2840632
            8192     128 1157368 1930777  2696614  2443827 3001950 1906035 2702765  4367131  2286258  1787911  1512858 2434477  1705976
            8192     256 1061278 1642057  2951916  2841572 3276785 2027266 2714509  4597355  2514469  1755662  1899397 2640861  2517417
            8192     512 1161162 1941249  2773002  1915279 2989933 2176484 2999591  4586309  4250966  1638065  1869022 1768949  1442001
            8192    1024 1130856 1362140  2839458  2776139 3356162 2192735 2725058  4168957  4782278  1472025  1500634 2775018  2635797
            8192    2048  913171 1744520  1727504  2369668 2745307 1966807 2650231  4035293  4286498  1610350  1581153 2743554  2772331
            8192    4096  876819 1337485  1868209  1922136 1855497 1476516 1830683  1562814  1802449  1164784  1056611 1520153  1136054
            8192    8192  765049 1340302  1579336  1612542 1631841 1206841 1583558  1278178  1622134  1436695  1406583 1471773  1574776
           16384       4  626112 1186643  1772774  1797113 1307577 1027077 1302916  1685755  1420857  1151604  1143650 1676419  1622663
           16384       8  822812 1342287  2161750  2103197 1878258 1207812 1753817  2430843  1915802  1423476  1383804 2147027  2165224
           16384      16  934897 1304053  2325941  2007591 2117063 1617697 2188601  2925253  1913562  1457378  1555943 2404476  2409112
           16384      32 1046025 1033627  2005892  2103777 2010293 1519004 1738553  3080926  1824694  1145576   302237 2092184  2161478
           16384      64  933234 1442510  1880622  2242597 2077635 1521527 2395341  3881402  2300479  1346257  1378336 2045904  2138341
           16384     128 1075492 1555485  2504828  2822409 2874954 2000753 2572047  4332113  2622299  1513951  1369110 2707217  2467768
           16384     256 1188038 1707876  2383791  2833114 2842489 2021945 2533081  4593300  2916314  1825955  1789858 2785005  2874353
           16384     512 1058398 1895458  2528421  2991991 2954176 2004137 2786812  4194609  2696064  1656457  1851488 2802610  2822409
           16384    1024 1192781 1941458  2923137  3045967 2920404 1928220 2604706  4180574  6803365  1846711  1794345 2736540  2466351
           16384    2048 1086975 1356623  2677993  2546882 2616409 1387548 2079396  2721584  5507336  1084745  1278102 2212916  2471229
           16384    4096  942152 1387548  1688032  1671851 1633036 1428803 1435069  1462745  1548754  1272351   912708 1713411  1763403
           16384    8192  890623 1316520  1335504  1246028  992198 1067026 1420123  1200281  1156741   817974  1583149 1542912  1448866
           16384   16384  885334 1229662   761410  1051740 1079259  798712 1577371  1367067  1473913  1323748  1336387 1517729  1534951
           32768      64 1060863 1756727  2753415  2739311 2641491 1584387 2649844  3831605  2729519  1638483  1573413 2776218  2380562
           32768     128 1150638 1802411  2744837  2802314 2404468 1888006 2805288  3844682  2567426  1724284  1564387 2160215  1537111
           32768     256  810443 1909569  2672307  2898833 2938060 2011670 2891089  4570207  2417750  1636766  1669613 2430706  2866308
           32768     512 1190949 1894773  2820892  2837782 2517713 1782703 2482424  4580412  2899812  1842967  1216297 2560204  2879399
           32768    1024 1117064 1769619  2814364  2755678 2823615 1727079 2799745  4361506  2542726  1342835  1268263 2454144  2728164
           32768    2048 1089110 1475635  2440287  2638297 2429589 1585593 2705661  4480223  4863751   989967   992906 2365932  2241639
           32768    4096  798637 1192261  1482927  1574549 1632528 1402026 1308259  1013548  1362038   578724   933138 1342297  1461824
           32768    8192  759558  974372  1523311  1537403 1494830 1321708 1568601  1457900  1613705   998178  1074574  904567   729313
           32768   16384  533054 1204085  1465940  1549466 1326633 1342061 1389369  1400754  1318374  1076299  1502922 1529345  1470205
           65536      64  841014 1371216  2692088  2689428 2298621 1745945 2624287  3872621  2416789  1518127  1505950 2184816  2156855
           65536     128  952199 1547955  2735462  2738787 2699173 1695314 2780847  4380747  2659324  1291247  1392338 2545759  2566031
           65536     256 1032223 1738822  2835464  2622685 2802480 1803757 2068091  4284202  1959050  1351562  1500541 2776606  2634928
           65536     512 1058501 1600781  2652114  2828491 2407728 1631905 2538964  4682454  2593535  1445183  1459889 2748207  2496692
           65536    1024  982444 1719784  2361660  2292200 2446103 1557595 1783777  2595396  2248162  1096836   909854 2831288  2270052
           65536    2048  957890 1372421  2198164  2501099 2463752 1481176 2464039  3639041  2418937   956004   900121 2198815  2449045
           65536    4096  848572 1234525  1714709  1534835 1551292 1206261 1599728  1604154  1749724   911299   964416 1681222  1579941
           65536    8192  826129 1167116  1309904  1422625 1389600 1217373 1496530  1377559  1539856  1014737  1019762 1467245  1450299
           65536   16384  844461 1176377  1436783  1477537 1449817 1143296 1514613  1341602  1504879  1166888  1080240 1454128  1408439
          131072      64   81709   86233  2679751  2713934 2531269   87391 2649313  4251988  2466635    89543    88324 2652252  2636253
          131072     128   85553   93973  2682156  2567167 2567371   93048 2304767  4438604  2635141    93615    92054 2665252  2709160
          131072     256   88057   94652  2459088  2481163 2412248   88346 2191503  4281160  1219206    86909    87820 2365672  2096545
          131072     512   81717   87602  2182637  2331036 2260799   91440 2471803  3827242  2079062    94258    91949 2502862  2128338
          131072    1024   93123   93393  2144260  2305328 2362043   95351 2306508  3904437  2475587    95982    91971 2164011  2167047
          131072    2048   93926   87788  1963393  2011600 2077931   93745 2040252  2824826  1997072    95311    97701 1970558  2012218
          131072    4096   93713   93963  1432290  1384985 1487057   94769 1252494  1327297  1434911   101783    82377 1132037  1339959
          131072    8192   84652   89879  1224444  1125032 1364010   88733 1108151  1094865  1072627   104132   107913 1537357  1536009
          131072   16384   89111   37851  1432451  1567131 1493236   40565 1417298  1179723  1340518    59119    56023 1476850  1492559
          262144      64   14050   13742  2607932  2636043 2534407   14047 2431424  4139138  2510095    14033    13804 2122007  2186630
          262144     128   14114   13750  2696065  2750492 2600764   14362 2624591  4473072  2619370    14020    13823 2648986  2744190
          262144     256   14014   13816  2761295  2734655 2649420   14056 2663224  4531829  2684801    14011    13820 2760311  2683176
          262144     512   14083   13783  2133123  2178325 2111392   14143 1829820  3957486  1734593    14118    13961 2224517  2153330
          262144    1024   14233   13879  2031322  2269295 2054724   14139 2412919  4189464  2197095    14388    14366 2330916  2271315
          262144    2048   14513   14275  1705534  1976252 1974896   14574 1881450  2847931  1713572    14465    14480 2473081  2412157
          262144    4096   14544   14319  1210032  1628009 1670665   14765 1501603  1430503  1665505    14975    14658 1428640  1448605
          262144    8192   14671   14317  1535826  1563676 1555916   14736 1540122  1335295  1507363    14815    15028 1269050  1262444
          262144   16384   14887   14220  1512406  1540718 1508811   14663 1498693  1198800  1227489    15848    15704 1485951  1475104
          524288      64   11256   11208    96681   102280  235283   14229  189365  4123095   285939    13267    11275  222799   222239
          524288     128   12184   11257   103220   103823  334671   13833  291662  4320682   336716    12575    11017  252800   248787
          524288     256   12106   11182    94032   103806  429395   13733  337305  4594941   387463    12053    11017  285630   282333
          524288     512   11974   11012    92004    96290  424003   14198  387574  3922954   402350    12717    11202  288664   297285
          524288    1024   12046   11194    86974    95631  432956   14202  419060  4751482   476692    11881    11270  308343   227061
          524288    2048   11995   10974   105342   100813  450754   13690  321075  3776315   513139    12484    11313  283382   259109
          524288    4096   11895   11257    72407    72986  353591   15718  304840  1451031   445088    12451    11371  227057   215598
          524288    8192   12295   11267    74542    78893  414669   15391  338968  1220330   309709    12874    11553  224954   209779
          524288   16384   12339   11257   100029    85267  306932   14551  395957  1367010  1463666    12172    11647  295641   257930

iozone test complete.
Excel output is below:

"Writer report"
        "4"  "8"  "16"  "32"  "64"  "128"  "256"  "512"  "1024"  "2048"  "4096"  "8192"  "16384"
"64"   376589  571375  647135  866463  831569 
"128"   595328  637004  876086  848397  1206978  1015251 
"256"   621448  599585  973645  1118707  1185399  904732  1112909 
"512"   525596  861818  1103647  1135150  927315  1193175  1108203  856319 
"1024"   662823  833196  950675  852547  1278338  1180972  1448162  1192117  1155864 
"2048"   668799  1006931  842827  1105268  1222626  1265681  1393156  1111849  1072293  1152422 
"4096"   583064  901981  826161  1172943  945309  1120099  1260648  1237047  920441  1130268  965334 
"8192"   665038  835235  689209  1051470  1062229  1157368  1061278  1161162  1130856  913171  876819  765049 
"16384"   626112  822812  934897  1046025  933234  1075492  1188038  1058398  1192781  1086975  942152  890623  885334 
"32768"   0  0  0  0  1060863  1150638  810443  1190949  1117064  1089110  798637  759558  533054 
"65536"   0  0  0  0  841014  952199  1032223  1058501  982444  957890  848572  826129  844461 
"131072"   0  0  0  0  81709  85553  88057  81717  93123  93926  93713  84652  89111 
"262144"   0  0  0  0  14050  14114  14014  14083  14233  14513  14544  14671  14887 
"524288"   0  0  0  0  11256  12184  12106  11974  12046  11995  11895  12295  12339 

"Re-writer report"
        "4"  "8"  "16"  "32"  "64"  "128"  "256"  "512"  "1024"  "2048"  "4096"  "8192"  "16384"
"64"   720041  1210227  2052169  1484662  1690338 
"128"   1130717  1451764  2326073  1508887  907174  1243315 
"256"   1148625  1224606  1752173  1802167  1231629  2065659  2911402 
"512"   1480200  2039772  1500891  1947291  1961520  2105777  1222379  2007358 
"1024"   1265531  1477555  1646334  1675884  1812371  3066069  1921852  2192645  2934110 
"2048"   1216910  1227167  1583746  1556202  1900089  1950570  1946592  1654199  1800898  1003871 
"4096"   1229697  1405098  1635740  1416802  1911464  1928414  2046000  1926684  1135573  1900679  1218706 
"8192"   1157719  1447895  1342292  1805195  1398909  1930777  1642057  1941249  1362140  1744520  1337485  1340302 
"16384"   1186643  1342287  1304053  1033627  1442510  1555485  1707876  1895458  1941458  1356623  1387548  1316520  1229662 
"32768"   0  0  0  0  1756727  1802411  1909569  1894773  1769619  1475635  1192261  974372  1204085 
"65536"   0  0  0  0  1371216  1547955  1738822  1600781  1719784  1372421  1234525  1167116  1176377 
"131072"   0  0  0  0  86233  93973  94652  87602  93393  87788  93963  89879  37851 
"262144"   0  0  0  0  13742  13750  13816  13783  13879  14275  14319  14317  14220 
"524288"   0  0  0  0  11208  11257  11182  11012  11194  10974  11257  11267  11257 

"Reader report"
        "4"  "8"  "16"  "32"  "64"  "128"  "256"  "512"  "1024"  "2048"  "4096"  "8192"  "16384"
"64"   2444640  3541098  3057153  5283570  5860307 
"128"   2202044  3759450  4759253  4934216  6114306  6406138 
"256"   2903529  3545976  4755158  5320671  4197489  6249745  7073132 
"512"   2668325  2597325  2207515  5067142  3684733  6571132  4340054  7211022 
"1024"   1893052  3324778  2276316  2461573  2011877  3778101  3481072  3748425  5144870 
"2048"   1971160  2038038  2423929  2805512  2896324  2938934  3235617  3436240  4441984  5800851 
"4096"   1659601  2070660  2426601  2613780  2860543  2923832  2976515  3138560  3179805  3558525  1552097 
"8192"   1598141  2170709  2424342  2540873  2795791  2696614  2951916  2773002  2839458  1727504  1868209  1579336 
"16384"   1772774  2161750  2325941  2005892  1880622  2504828  2383791  2528421  2923137  2677993  1688032  1335504  761410 
"32768"   0  0  0  0  2753415  2744837  2672307  2820892  2814364  2440287  1482927  1523311  1465940 
"65536"   0  0  0  0  2692088  2735462  2835464  2652114  2361660  2198164  1714709  1309904  1436783 
"131072"   0  0  0  0  2679751  2682156  2459088  2182637  2144260  1963393  1432290  1224444  1432451 
"262144"   0  0  0  0  2607932  2696065  2761295  2133123  2031322  1705534  1210032  1535826  1512406 
"524288"   0  0  0  0  96681  103220  94032  92004  86974  105342  72407  74542  100029 

"Re-Reader report"
        "4"  "8"  "16"  "32"  "64"  "128"  "256"  "512"  "1024"  "2048"  "4096"  "8192"  "16384"
"64"   2662899  4018152  2133730  4897948  5860307 
"128"   2660335  2286447  3867787  3468030  3359523  4717434 
"256"   2943325  3994490  4907284  5347168  4264168  5810112  6719046 
"512"   2958758  4195896  3140488  5822804  4123387  2132967  4163357  2708713 
"1024"   2968586  4265934  2454539  4079544  3411938  2968586  4162573  6599461  6874084 
"2048"   1779262  2967361  4572018  4653758  4686767  2015562  5416763  2058058  6321679  5578583 
"4096"   1784030  2720138  2542602  3162828  2677324  4128976  2850103  2048928  3396032  3912691  1526583 
"8192"   1766221  2236408  2321477  2304351  2580953  2443827  2841572  1915279  2776139  2369668  1922136  1612542 
"16384"   1797113  2103197  2007591  2103777  2242597  2822409  2833114  2991991  3045967  2546882  1671851  1246028  1051740 
"32768"   0  0  0  0  2739311  2802314  2898833  2837782  2755678  2638297  1574549  1537403  1549466 
"65536"   0  0  0  0  2689428  2738787  2622685  2828491  2292200  2501099  1534835  1422625  1477537 
"131072"   0  0  0  0  2713934  2567167  2481163  2331036  2305328  2011600  1384985  1125032  1567131 
"262144"   0  0  0  0  2636043  2750492  2734655  2178325  2269295  1976252  1628009  1563676  1540718 
"524288"   0  0  0  0  102280  103823  103806  96290  95631  100813  72986  78893  85267 

"Random read report"
        "4"  "8"  "16"  "32"  "64"  "128"  "256"  "512"  "1024"  "2048"  "4096"  "8192"  "16384"
"64"   2067979  3203069  3958892  4988978  5860307 
"128"   2066432  3277486  4104338  1598754  5847904  6114306 
"256"   2097948  3326279  4197489  5022044  5569035  6554972  6891544 
"512"   2099600  3259661  1019791  4195896  6018636  2845081  6999490  6909408 
"1024"   2111788  3271594  3966517  5071963  5885083  6692005  6963241  6918376  7269678 
"2048"   1908956  3155969  4112366  5147354  5820505  3061485  6967792  3519302  6479029  6498636 
"4096"   1647663  2256706  2523554  3785942  4633432  5808315  5013377  3220336  3503374  3530734  1869448 
"8192"   1490285  2182844  2499107  2567262  2556755  3001950  3276785  2989933  3356162  2745307  1855497  1631841 
"16384"   1307577  1878258  2117063  2010293  2077635  2874954  2842489  2954176  2920404  2616409  1633036  992198  1079259 
"32768"   0  0  0  0  2641491  2404468  2938060  2517713  2823615  2429589  1632528  1494830  1326633 
"65536"   0  0  0  0  2298621  2699173  2802480  2407728  2446103  2463752  1551292  1389600  1449817 
"131072"   0  0  0  0  2531269  2567371  2412248  2260799  2362043  2077931  1487057  1364010  1493236 
"262144"   0  0  0  0  2534407  2600764  2649420  2111392  2054724  1974896  1670665  1555916  1508811 
"524288"   0  0  0  0  235283  334671  429395  424003  432956  450754  353591  414669  306932 

"Random write report"
        "4"  "8"  "16"  "32"  "64"  "128"  "256"  "512"  "1024"  "2048"  "4096"  "8192"  "16384"
"64"   1105556  1363961  1562436  1828508  2006158 
"128"   859260  1359835  2511022  1732927  2066432  1911894 
"256"   1122215  2097948  1775350  1911233  1884399  1967260  2097948 
"512"   1467055  1479181  1437592  1829505  2189509  2039772  2207515  1875849 
"1024"   1256277  1540074  2467229  2918161  2225595  2179295  2993413  3345496  2365323 
"2048"   966594  1887563  2066474  2599225  2482062  1779262  3567536  2250555  2809182  2797290 
"4096"   1055935  1416802  1439235  2232367  2114496  3491981  2307631  1738535  2474841  2589355  1473932 
"8192"   1089201  1444548  1617019  1839307  1873301  1906035  2027266  2176484  2192735  1966807  1476516  1206841 
"16384"   1027077  1207812  1617697  1519004  1521527  2000753  2021945  2004137  1928220  1387548  1428803  1067026  798712 
"32768"   0  0  0  0  1584387  1888006  2011670  1782703  1727079  1585593  1402026  1321708  1342061 
"65536"   0  0  0  0  1745945  1695314  1803757  1631905  1557595  1481176  1206261  1217373  1143296 
"131072"   0  0  0  0  87391  93048  88346  91440  95351  93745  94769  88733  40565 
"262144"   0  0  0  0  14047  14362  14056  14143  14139  14574  14765  14736  14663 
"524288"   0  0  0  0  14229  13833  13733  14198  14202  13690  15718  15391  14551 

"Backward read report"
        "4"  "8"  "16"  "32"  "64"  "128"  "256"  "512"  "1024"  "2048"  "4096"  "8192"  "16384"
"64"   1599680  1690338  1879725  3203069  3588436 
"128"   1642783  2621367  1911894  2969325  3053774  4444086 
"256"   1970871  2842047  3667079  3935921  2783115  5428265  2719671 
"512"   1729323  1842059  2263354  2584820  3325278  2708713  2678309  2750343 
"1024"   1439908  1774922  1907343  2450338  3722435  3037876  2598591  4848656  2892612 
"2048"   1414259  2003807  2618239  2500122  2622235  2631876  2009902  2856830  2872113  2767549 
"4096"   1424674  1779226  2171696  2489906  2351214  2832715  2732686  1931232  2075915  2734426  2014570 
"8192"   1364683  1696709  1858407  1351797  2729605  2702765  2714509  2999591  2725058  2650231  1830683  1583558 
"16384"   1302916  1753817  2188601  1738553  2395341  2572047  2533081  2786812  2604706  2079396  1435069  1420123  1577371 
"32768"   0  0  0  0  2649844  2805288  2891089  2482424  2799745  2705661  1308259  1568601  1389369 
"65536"   0  0  0  0  2624287  2780847  2068091  2538964  1783777  2464039  1599728  1496530  1514613 
"131072"   0  0  0  0  2649313  2304767  2191503  2471803  2306508  2040252  1252494  1108151  1417298 
"262144"   0  0  0  0  2431424  2624591  2663224  1829820  2412919  1881450  1501603  1540122  1498693 
"524288"   0  0  0  0  189365  291662  337305  387574  419060  321075  304840  338968  395957 

"Record rewrite report"
        "4"  "8"  "16"  "32"  "64"  "128"  "256"  "512"  "1024"  "2048"  "4096"  "8192"  "16384"
"64"   1363961  2133730  2203800  2379626  1947927 
"128"   1598754  2211113  2621367  2621367  2843510  2905056 
"256"   1610276  2345409  2783115  3159869  3756894  1652404  2187712 
"512"   700463  2438090  2926501  3527371  3684733  3913012  3008498  1740536 
"1024"   1678504  2461573  2592318  3618930  4014717  4195100  3696803  4410497  2774874 
"2048"   1650385  2389540  3003677  3650932  4204968  4301837  3901313  4531020  4303993  2432165 
"4096"   1639018  2357991  3031667  2748864  4149921  4442909  4055868  3957760  4149921  3984379  1663780 
"8192"   1398681  2417179  2906963  2868138  4139325  4367131  4597355  4586309  4168957  4035293  1562814  1278178 
"16384"   1685755  2430843  2925253  3080926  3881402  4332113  4593300  4194609  4180574  2721584  1462745  1200281  1367067 
"32768"   0  0  0  0  3831605  3844682  4570207  4580412  4361506  4480223  1013548  1457900  1400754 
"65536"   0  0  0  0  3872621  4380747  4284202  4682454  2595396  3639041  1604154  1377559  1341602 
"131072"   0  0  0  0  4251988  4438604  4281160  3827242  3904437  2824826  1327297  1094865  1179723 
"262144"   0  0  0  0  4139138  4473072  4531829  3957486  4189464  2847931  1430503  1335295  1198800 
"524288"   0  0  0  0  4123095  4320682  4594941  3922954  4751482  3776315  1451031  1220330  1367010 

"Stride read report"
        "4"  "8"  "16"  "32"  "64"  "128"  "256"  "512"  "1024"  "2048"  "4096"  "8192"  "16384"
"64"   2067979  2662899  2561267  4274062  1892980 
"128"   1975201  3277486  3895854  4717434  5325799  1487977 
"256"   2065659  1985448  4132864  4070199  5687020  2613746  5455847 
"512"   1426135  1667552  3459188  3905895  5951911  6395018  5177083  2205248 
"1024"   2106609  3020783  1907343  4594502  6093831  5169641  5991815  3142339  3083680 
"2048"   1316907  2976615  1358134  3251539  2311728  3999400  3871422  5689430  2270783  2844532 
"4096"   1816475  2118929  3329557  2027648  2661562  2786313  6672297  6131713  4275933  3703511  1932101 
"8192"   1348455  1795291  2366893  1441215  3045318  2286258  2514469  4250966  4782278  4286498  1802449  1622134 
"16384"   1420857  1915802  1913562  1824694  2300479  2622299  2916314  2696064  6803365  5507336  1548754  1156741  1473913 
"32768"   0  0  0  0  2729519  2567426  2417750  2899812  2542726  4863751  1362038  1613705  1318374 
"65536"   0  0  0  0  2416789  2659324  1959050  2593535  2248162  2418937  1749724  1539856  1504879 
"131072"   0  0  0  0  2466635  2635141  1219206  2079062  2475587  1997072  1434911  1072627  1340518 
"262144"   0  0  0  0  2510095  2619370  2684801  1734593  2197095  1713572  1665505  1507363  1227489 
"524288"   0  0  0  0  285939  336716  387463  402350  476692  513139  445088  309709  1463666 

"Fwrite report"
        "4"  "8"  "16"  "32"  "64"  "128"  "256"  "512"  "1024"  "2048"  "4096"  "8192"  "16384"
"64"   1138375  1363961  1421755  1562436  1562436 
"128"   1185654  1455701  1732927  2132084  1455701  3785961 
"256"   927393  1354356  1704877  1829808  2726577  1639786  3879045 
"512"   1267845  1480200  1760512  1547395  2089386  2587935  1541840  2275345 
"1024"   1253344  1834824  1422266  2398343  2333199  1715375  2360124  1697745  2859868 
"2048"   899393  1542232  1026055  2361944  1848567  2204352  1805819  1335124  1427182  1910230 
"4096"   1527125  1359940  2074912  2277951  1611347  2077169  1969309  2087771  1536962  1572268  1871077 
"8192"   1205909  1391544  1476580  1224343  1960187  1787911  1755662  1638065  1472025  1610350  1164784  1436695 
"16384"   1151604  1423476  1457378  1145576  1346257  1513951  1825955  1656457  1846711  1084745  1272351  817974  1323748 
"32768"   0  0  0  0  1638483  1724284  1636766  1842967  1342835  989967  578724  998178  1076299 
"65536"   0  0  0  0  1518127  1291247  1351562  1445183  1096836  956004  911299  1014737  1166888 
"131072"   0  0  0  0  89543  93615  86909  94258  95982  95311  101783  104132  59119 
"262144"   0  0  0  0  14033  14020  14011  14118  14388  14465  14975  14815  15848 
"524288"   0  0  0  0  13267  12575  12053  12717  11881  12484  12451  12874  12172 

"Re-Fwrite report"
        "4"  "8"  "16"  "32"  "64"  "128"  "256"  "512"  "1024"  "2048"  "4096"  "8192"  "16384"
"64"   1452528  1029254  1484662  955947  1304314 
"128"   985435  1391557  1705404  2464907  2920861  1684006 
"256"   1230218  1487577  1147398  1740810  3197509  1093639  3705040 
"512"   1565443  1312798  1662389  2681653  2089386  2532990  3201349  1862832 
"1024"   1149368  1340164  1351126  1709912  2297012  1635675  2454539  1542286  1917562 
"2048"   1011913  1311879  1774851  1873565  1843410  1892553  991702  1156923  1571864  2021729 
"4096"   1100440  1312461  1118204  1734148  1661687  1368171  2047951  1955189  1940393  2452583  1444316 
"8192"   1172615  1240477  1525824  1650576  1798863  1512858  1899397  1869022  1500634  1581153  1056611  1406583 
"16384"   1143650  1383804  1555943  302237  1378336  1369110  1789858  1851488  1794345  1278102  912708  1583149  1336387 
"32768"   0  0  0  0  1573413  1564387  1669613  1216297  1268263  992906  933138  1074574  1502922 
"65536"   0  0  0  0  1505950  1392338  1500541  1459889  909854  900121  964416  1019762  1080240 
"131072"   0  0  0  0  88324  92054  87820  91949  91971  97701  82377  107913  56023 
"262144"   0  0  0  0  13804  13823  13820  13961  14366  14480  14658  15028  15704 
"524288"   0  0  0  0  11275  11017  11017  11202  11270  11313  11371  11553  11647 

"Fread report"
        "4"  "8"  "16"  "32"  "64"  "128"  "256"  "512"  "1024"  "2048"  "4096"  "8192"  "16384"
"64"   2467108  1734015  2772930  1780008  4018152 
"128"   1852520  2464907  4012317  3982553  5122535  1778862 
"256"   2588541  2975955  3465855  4181144  3511189  3823789  6249745 
"512"   2327124  2196227  2391924  3415178  3504346  5699180  3877684  2460437 
"1024"   1914144  2579861  2201637  2730767  2331932  2844715  2231377  3751699  2250080 
"2048"   1693997  1937372  2406949  2727131  2892423  2968386  2646472  2921939  2653011  2509617 
"4096"   1775549  2136585  2320410  2649658  2433820  2069662  2832715  2680666  2687795  2314159  1968406 
"8192"   1497625  2046951  2132184  2645945  2769426  2434477  2640861  1768949  2775018  2743554  1520153  1471773 
"16384"   1676419  2147027  2404476  2092184  2045904  2707217  2785005  2802610  2736540  2212916  1713411  1542912  1517729 
"32768"   0  0  0  0  2776218  2160215  2430706  2560204  2454144  2365932  1342297  904567  1529345 
"65536"   0  0  0  0  2184816  2545759  2776606  2748207  2831288  2198815  1681222  1467245  1454128 
"131072"   0  0  0  0  2652252  2665252  2365672  2502862  2164011  1970558  1132037  1537357  1476850 
"262144"   0  0  0  0  2122007  2648986  2760311  2224517  2330916  2473081  1428640  1269050  1485951 
"524288"   0  0  0  0  222799  252800  285630  288664  308343  283382  227057  224954  295641 

"Re-Fread report"
        "4"  "8"  "16"  "32"  "64"  "128"  "256"  "512"  "1024"  "2048"  "4096"  "8192"  "16384"
"64"   1066042  3541098  4274062  1679761  1526887 
"128"   1642783  3759450  4267461  5122535  5847904  6114306 
"256"   2441400  3823789  5022044  5841722  6249745  2613746  5938650 
"512"   2926501  4195896  4494470  2678309  6395018  6652558  6821616  6843354 
"1024"   2944166  3999762  1284839  4674510  2089189  6776473  3003881  1512948  1973059 
"2048"   2589040  2473485  2709070  2509617  2349026  5735012  3204236  5719737  2626244  3324528 
"4096"   2442471  2987384  3165159  3709909  2792200  2096433  2569603  3577048  2528382  2169502  1673830 
"8192"   1497038  2275508  2291442  2855505  2840632  1705976  2517417  1442001  2635797  2772331  1136054  1574776 
"16384"   1622663  2165224  2409112  2161478  2138341  2467768  2874353  2822409  2466351  2471229  1763403  1448866  1534951 
"32768"   0  0  0  0  2380562  1537111  2866308  2879399  2728164  2241639  1461824  729313  1470205 
"65536"   0  0  0  0  2156855  2566031  2634928  2496692  2270052  2449045  1579941  1450299  1408439 
"131072"   0  0  0  0  2636253  2709160  2096545  2128338  2167047  2012218  1339959  1536009  1492559 
"262144"   0  0  0  0  2186630  2744190  2683176  2153330  2271315  2412157  1448605  1262444  1475104 
"524288"   0  0  0  0  222239  248787  282333  297285  227061  259109  215598  209779  257930 
