	Iozone: Performance Test of File I/O
	        Version $Revision: 3.414 $
		Compiled for 64 bit mode.
		Build: linux-AMD64 

	Contributors:William Norcott, Don Capps, Isom Crawford, Kirby Collins
	             Al Slater, Scott Rhine, Mike Wisner, Ken Goss
	             Steve Landherr, Brad Smith, Mark Kelly, Dr. Alain CYR,
	             Randy Dunlap, Mark Montague, Dan Million, Gavin Brebner,
	             Jean-Marc Zucconi, Jeff Blomberg, Benny Halevy, Dave Boone,
	             Erik Habbinga, Kris Strecker, Walter Wong, Joshua Root,
	             Fabrice Bacchella, Zhenghua Xue, Qin Li, Darren Sawyer,
	             Vangel Bojaxhi, Ben England.

	Run began: Wed Feb 27 21:04:51 2013

	Auto Mode
	Excel chart generation enabled
	Command line used: ./benchmarks/iozone3_414/src/current/iozone -a -R
	Output is in Kbytes/sec
	Time Resolution = 0.000001 seconds.
	Processor cache size set to 1024 Kbytes.
	Processor cache line size set to 32 bytes.
	File stride size set to 17 * record size.
                                                            random  random    bkwd   record   stride                                   
              KB  reclen   write rewrite    read    reread    read   write    read  rewrite     read   fwrite frewrite   fread  freread
              64       4  326641  500060  1087638  2772930 2067979  598110 1279447  1452528  1879725  1105556  1087638 1330167  2662899
              64       8  769584 1363961  4018152  3738358 3057153 1421755 2358717  2052169  2923952   998622  1013707 1828508  3541098
              64      16  821391 1492919  4274062  3541098 4018152 1599680 2561267  2278628  3022727   710511  1188789 2662899  4897948
              64      32  610350 1638743  4988978  4018152 4897948 1648808 2006158  2379626  2561267  1638743  3203069 1828508  5283570
              64      64  916769 1330167  5860307  5860307 5283570 1828508 2052169  1828508  4564786  3363612  2561267 4274062  5283570
             128       4  496272 1123617  2727923  3053774 2098744 1111981 1539168  1539168  1684006   618653  1142750 2166499  1684006
             128       8  753179 1471662  3536566  2843510 2985839 1455701 1421023  2166499  2377579  1319723  1487977 3445772  4104338
             128      16  914904 1684006  3053774  3053774 3982553 1658003 2843510  2004703  3982553  1579934  1755594 4267461  4717434
             128      32  780556 2464907  3785961  5847904 5122535 2784517 3277486  2727923  4759253  1939522  2248149 3053774  3560017
             128      64 1111981 1852520  6045455  6727225 4267461 2090572 4557257  2326073  5325799  1319723  2558895 4135958  6406138
             128     128  901083 1858934  5847904  6406138 5784891 2035099 2858650  1663139  2286447  1504659  1373754 1997245  5122535
             256       4  592636 1152323  1897721  2975955 2097948 1103757 1549845  1579483  1673001  1076103  1108314 1894373  2000242
             256       8  821025 1224606  3545976  3605511 3245838 1897721  649647  2266207  2880164  1391207  1201314 2102055  1707589
             256      16  914752  941213  2639446  3756894 3605511 2463808 2097948  2533571  3705040  1540948  1398455 2305128  2557711
             256      32  856386 2205688  4652146  2413957 5217259 1817419 3499745  3245838  4929815  1707589  1163562 2097948  3994490
             256      64  822913 1610276  1662639  6249745 4907284 2266207 2371308  3236056  3994490  1881098  1300235 2441400  5117791
             256     128  954602 1884399  6073004  6249745 6398720 2152625 2563818  3499745  5841722  1506359  3236056 4819184  6554972
             256     256 1175022 1884399  6761355  6936061 6936061 2325094 5022044  2065659  5687020  2065659  2187712 3879045  1802167
             512       4  650593 1476130  1924603  2782414 2089386 1113374 1533034  1616100  1977778  1222379  1191189 2370799  2665014
             512       8  846197 1480200  3586277  4163357 3122224 1520013 2116152  2391924  3177664  1594501  1380303 2253852  3239989
             512      16  895230 1712772  3012719  4375425 4061007 1677976 3012719  2668325  3659616  1759070  1471074 3122224  4228947
             512      32  793657 1616100  3177664  5164632 4973263 2039772 2708713  3556580  5227492  1624659  2347475 1975959  3788747
             512      64 1185272 1910902  4784885  3905895 6174377 1889050 2317080  3710197  5744919  2304647  2016784 4882800  5699180
             512     128 1230786 1961520  5067142  4742616 6174377 2124526 2926501  3877684  6319739  2486072  2405320 3325278  5331314
             512     256 1080328 1992458  6174377  6999490 7022379 2381315 3325278  3239989  5760329  1560891   901241 2811557  5127637
             512     512 1150351 1904125  7115451  7410080 7211022 2560168 3393590  2427068  2535981  2391924  1834193 2107844  7211022
            1024       4  682303 1082454  2211841  2789291 2124322 1169078 1434138  1565902  1899750  1144163  1019987 1815435  2910252
            1024       8  917570 1062372  2398343  4126579 3314514 1947119 1503942  2251260  1750329  1524224  1426517 2142335  2060128
            1024      16 1026078 1532928  1466957  2950233 2321847 1646334 2498809  2829721  2305644  1000969  1434138 2916180  3835457
            1024      32 1205839 1267398  2681328  2694787 5330028 1824690 2419964  3249318  4589593  1628234  1563053 1345623  1995982
            1024      64 1169078  876737  2485792  5536137 6208343 2534194 1942715  2284793  5200941  1777861  1932227 2133821  2478620
            1024     128 1245710 1179674  3481072  6163794 6702448 2632033 4694950  2985091  5536137  1988589  2133821 3891053  6830356
            1024     256 1132995 2060128  4374559  6519323 7113161 2353657 2774874  3778101  6244448  2461573  1783768 2281152  3764854
            1024     512 1224752 1589665  2640123  3495237 6692005 2579861 1825466  1283303  3735385  1724328  2414523 2358827  4126579
            1024    1024 1258117 2133821  7113161  6692005 7008693 1193442 2391665  2559871  4609294  2251260  1950656 2398343  6208343
            2048       4  674789 1183055  1798259  2810101 2096227 1345792 1376193  1671907  2043857  1047067  1151341 1774851  2744558
            2048       8  798112 1241893  2395538  3857514 3314266 1929972 1858566  2485653  3117032  2006147  1508115 2109613  4086930
            2048      16 1088186 1285570  2798201  2605532 3871422 1720807 2494314  3033377  3786104  2321725  1343687 2432853  4623699
            2048      32 1060642 1978880  2572756  4511980 5362657 2694623 2646472  3538147  4104506  1605053  1965297 2619037  4204968
            2048      64 1350023 1903457  3245396  5389574 6225466 3215029 3160613  4154130  5018054  2793651  2167092 2137434  4008732
            2048     128 1106407 1657071  2942962  2562778 3210223 1863404 2072957  4170264  6058611  2009902  1939560 3256469  3937075
            2048     256 1020448 1897990  3229534  5535444 6895083 3146720 3024831  4462754  3709263  1265122  1611074 2872113  5492967
            2048     512  889613 2016035  3506373  6114678 7106133 3089009 3121562  4435103  5018054  1593737  2185285 2884652  5277002
            2048    1024 1360715 1994039  5056455  6543188 5704543 4046500 3298992  4356379  4180412  1809243  2365196 2741930  1745635
            2048    2048 1092894 1515833  5564129  6092991 6711905 3841986 2967361  3683812  2681165  2727131  2096227 2629459  4120256
            4096       4  687365 1215086  1763882  1883178 1999797 1158078 1399832  1465383  1366648  1199057  1136775 1808444  1985468
            4096       8  670151 1529437  2228314  2702169 3018351 1872913 1919580  2355082  2465960  1294561  1413887 2162674  2748864
            4096      16  822837 1712369  2297140  2972395 3697135 2135523 2073910  3018351  3269363  1133999  1603227 2403516  2094134
            4096      32  956306 1780148  2364807  2355405 4218190 1884831 2202319  3637640  2452583  1856719  1675953 2537719  3989004
            4096      64 1033014 1941051  2564999  2435200 2834585 1846740 2705573  4145915  4075109  2603876  1784772 2571526  3656998
            4096     128 1013633 1978835  3000428  2700046 5171846 2022635 2588965  4399673  2776856  1890222  1900679 2830382  3984379
            4096     256 1220784 1523334  2375927  2497507 4952675 3214912 2580797  3996428  5928578  2070660  1409479 1865996  3160500
            4096     512 1329422 1753440  3153539  3778448 5468151 3212508 2776856  3185110  6254490  2191643  2027648 2762123  2544108
            4096    1024 1161994 1995152  2882622  2172795 2553562 1712369 2260269  4266376  5558378  2420789  1904049 2354114  1708792
            4096    2048  978029 1311159  2398148  1556880 2473416 1560982 2238184  1866807  2182178   821185  1492758 2304845  2250498
            4096    4096  814489 1140019  1420786  1646400 1625372 1205452 1831971  1335935  1409594  1572987  1360371 1650195  1754873
            8192       4  570714 1099307  1537499  1640724 1324952  891978 1285254  1538945  1290322  1048774   900912 1448079  1602539
            8192       8  784741 1354515  1771594  2031821 1698890 1254700 1608466  2290831  1617400  1193303  1264582 2067148  2000007
            8192      16  832361 1622134  2188545  2356020 2564770 1650259 2092961  2963628  2447657  1707756  1519548 2001405  2416499
            8192      32 1089927 1782809  2552766  2531513 2797840 1856299 2347809  3511181  2537683  1302797  1702088 2440182  2645945
            8192      64  873364 1706315  2727871  2787400 2622319 1670478 2696402  4116513  2988633  1958399  1766676 2672702  2587562
            8192     128 1203290 1929367  2662347  2955217 3233004 2165374 2711724  4399563  2755434  1735182  1803205 2844394  2781533
            8192     256 1085862 1654630  2711724  2893498 3343751 2147375 2791929  4607218  2700853  1774706  1665054 2742459  2947864
            8192     512  945954 1945866  2440876  3022813 3322090 2172356 2162648  4246763  6445505  1599332  1668045 2873174  2943571
            8192    1024 1126519 1940701  3089125  2451849 2618921 2069638 2263665  4209820  5830794  1961305  1423246 2324618  2928768
            8192    2048 1116670 1768585  2101538  2055769 2096792 1635803 1898558  3588182  5022761  1259714  1413410 2339178  2598128
            8192    4096  955344  987354  1932514  1887606 1511726 1192102 1363059  1552715  1833516  1090238  1781607 1794916  1816456
            8192    8192  907911 1198171  1357405  1520422 1483209 1138274 1528335  1284005  1226528  1101810  1192433 1638455  1456365
           16384       4  649284 1099743  1599548  1854035 1239130 1009247 1220880  1519844  1273530  1110549  1115633 1748195  1751358
           16384       8  813866 1423682  1815199  2084441 1828189 1346047 1860762  2424326  1716836  1369792  1272752 2040073  2023255
           16384      16  882707 1556260  1912443  2054160 2156391 1629435 2045660  2754529  1987386  1563483  1528668 2280326  2153756
           16384      32 1016322 1705968  2433425  2632445 2257998 1660660 2130849  3613618  2550474  1674091  1372089 2489943  2410803
           16384      64 1104853 1865207  2792134  2064527 2252373 1675929 2597323  3985399  2622299  1532213  1312923 2618003  2499089
           16384     128  997078 1909096  2327989  2819514 2835101 1885628 2754088  4274448  2603917  1808606  1810799 2613125  2894206
           16384     256 1156313 1931852  2723849  2223010 2396343 1925734 2482478  4681225  2953160  1773323  1427290 2685528  2743861
           16384     512 1133670 1863083  2891649  2223657 2507844 1563376 2565231  4008882  2792588  1770308  1449264 2778811  2912112
           16384    1024 1156410 1847953  2533455  2842019 2884003 1892118 1022644  1775476  2467857   633932  1778509 2876398  2611040
           16384    2048 1068619 1652077  2379005  2148436 2287309 1476320 1857192  3369790  4223742  1255475  1128457 2519799  2293110
           16384    4096  907849 1234855  1756237  1628662 1554605 1387296 1774880  1462060  1643817  1149754  1084471 1594389  1540284
           16384    8192  827389 1053708  1547568  1552252 1545827 1351606 1615795  1248677  1261653  1096724  1560075 1567263  1427557
           16384   16384  811693 1170454  1567120  1504109 1516892 1180913 1277508  1085739  1340768  1312096  1357748 1355392  1579365
           32768      64 1075987 1812585  2731797  2408176 2636222 1865000 2612619  4086333  2618942  1711295  1380105 2475850  2403921
           32768     128 1038931 1875562  2696266  2736148 2776218 1962493 1659393  3687972  2495269  1529430  1343780 2347946  2500808
           32768     256 1013951 1588911  2382956  2375173 2382089 1620249 2200825  4509772  2722760  1667406  1722469 2823151  2831877
           32768     512 1158328 1765437  2407796  2740950 2869900 1994418 2684836  4536117  2754077  1641595  1505193 2683945  2820949
           32768    1024 1046031 1725627  2952323  2566658 2564599 1875690 2687198  4759328  2696689  1437513  1437949 2626047  2523723
           32768    2048  970039 1357974  2585635  2258621 2506921 1766072 2504043  2859331  4621069  1076088   981343 2097030  1960646
           32768    4096  940635 1350369  1573719  1786503 1742782 1263169 1693958  1524443  1775082  1069865  1013637 1727535  1584971
           32768    8192  916407 1260551  1428860  1572369 1601576 1324217 1573503  1424019  1481712  1250788  1166538 1546607  1483856
           32768   16384  875352 1230861  1403758  1547477 1400454 1228232 1524950  1369448  1490874  1108675  1509972 1367554  1527934
           65536      64 1016771 1506710  2617789  2611224 2530619 1683467 2576204  3591212  2577315  1509664  1452583 2751756  2470905
           65536     128 1022596 1705020  2273506  2215402 2726346 1721194 2716861  4449172  2758023  1530715  1605372 2575093  2773300
           65536     256  966009 1690809  2612887  2453066 2387713 1663982 2162761  4106221  2323629  1137599  1192410 2417405  2530642
           65536     512 1035700 1492232  2615896  2661126 2678422 1723309 2774700  4466741  2802937  1370416  1186732 2804653  2837923
           65536    1024  970631 1670687  2704298  2788520 2599273 1704576 2498894  4325189  2712357  1285600  1357865 2537112  2769891
           65536    2048  958424 1307611  1378858  1872671 1597655 1001742 1665454  2093991  1664193   801978   707686 1640623  1621528
           65536    4096  678932  897569  1188276  1184993 1429416  859939  935306   985106  1312687   715029   851126 1144233  1249043
           65536    8192  672405  882376  1184457  1178131 1104544  897077 1250952  1121942  1035455   745929   743991 1330162  1108428
           65536   16384  627584  992311  1082896  1139126 1061776  786266 1198932   975312  1041358   929087   998126  894861  1188857
          131072      64   79979   88511  2454071  1919231 1792020   91035 1815053  3463294  2156456    92915    91327 1835536  1540627
          131072     128   83302   93097  1933868  1621412 2255780   93017 2155720  4517384  1901250    90868    93497 1772417  1839990
          131072     256   95947   95258  2193234  2066076 2139220   87345 1945963  3390293  1946880    87670    74849 1763146  1652467
          131072     512   79842   84673  1595484  1327688 2029257   87566 1590255  4037696  1954077    88624    94716 1860105  1847671
          131072    1024   91339   94587  1555457  2009041 1988110   88852 2337737  2975725  1641930    93889    99185 2007625  1991704
          131072    2048   94308   96924  2166125  1866718 1772080   93010 1406022  2132226  1701746    86414    88611 1849001  2021593
          131072    4096   86365   93638  1260113  1258469 1085914   95948 1232493  1058705   980710   102258   104148 1322931  1247817
          131072    8192   94101   93430   989677  1020103 1066172   96164  988527   968751  1125389   110956   110426 1085779  1051267
          131072   16384   44044   37424  1032299  1164836 1032941   41999 1173639  1018589  1163202    60511    56102 1158217  1013274
          262144      64   14207   13889  1720816  1833161 2130940   14302 2036005  3607761  2221389    14060    13918 2156713  2173627
          262144     128   14190   13876  2345135  2279551 2328246   14205 2195016  4072509  2501369    14160    13914 2472402  2500510
          262144     256   14175   13837  2423466  2244497 2325434   14316 2199750  4121234  2125207    14062    13912 1974776  1820040
          262144     512   14225   14103  1945801  1931079 2088762   14755 1866192  3538857  2098009    14327    14394 1920075  2015936
          262144    1024   14580   14277  1758093  1731326 2069911   14264 1892695  3017065  1937158    14332    14403 1985381  1888767
          262144    2048   14591   14313  1697581  1439347 1570204   14618 1892066  1816321  1814436    14566    14527 2005815  1899000
          262144    4096   14578   14206  1304354  1171373 1327451   14818 1358357  1168261  1317432    14495    14655 1494976  1524499
          262144    8192   14649   14311  1069957  1103248 1074321   14939 1191472  1116633  1048165    14913    15018 1182549  1180477
          262144   16384   14731   14302  1185829  1177556 1144398   14902 1050458  1060564  1045318    15961    15804 1176139  1169800
          524288      64   11302   11170    59421    48788  154512   20184  209478  3591996   296943    13384    11200  114308   124335
          524288     128   13729   11127    72480    54724  254095   17255  154556  3422940   139196    14828    11266  165211   183995
          524288     256   12693   11286    64804    49091  151219   19806  138122  3701424   274868    13332    11282  222041   219529
          524288     512   12182   11312   110456   107854  468135   13740  423401  4662703   473775    11857    11008  322040   309465
          524288    1024   11898   11096    93896   104541  505580   13916  428282  4722462   477269    11886    11192  224881   273936
          524288    2048   12090   10997    59824    73715  376862   16412  408675  3270303   298291    11988    11318  308982   321488
          524288    4096   11947   11255   108814   107623  477020   13564  397921  1381902   522220    12194    11369  287540   291201
          524288    8192   11974   11196    97791    98584  466487   14095  494233  1344983   401493    12072    11482  306445   309842
          524288   16384   11947   11255   107118   103863  345239   13977  441094  1343935   434806    12382    11703  226315   205496

iozone test complete.
Excel output is below:

"Writer report"
        "4"  "8"  "16"  "32"  "64"  "128"  "256"  "512"  "1024"  "2048"  "4096"  "8192"  "16384"
"64"   326641  769584  821391  610350  916769 
"128"   496272  753179  914904  780556  1111981  901083 
"256"   592636  821025  914752  856386  822913  954602  1175022 
"512"   650593  846197  895230  793657  1185272  1230786  1080328  1150351 
"1024"   682303  917570  1026078  1205839  1169078  1245710  1132995  1224752  1258117 
"2048"   674789  798112  1088186  1060642  1350023  1106407  1020448  889613  1360715  1092894 
"4096"   687365  670151  822837  956306  1033014  1013633  1220784  1329422  1161994  978029  814489 
"8192"   570714  784741  832361  1089927  873364  1203290  1085862  945954  1126519  1116670  955344  907911 
"16384"   649284  813866  882707  1016322  1104853  997078  1156313  1133670  1156410  1068619  907849  827389  811693 
"32768"   0  0  0  0  1075987  1038931  1013951  1158328  1046031  970039  940635  916407  875352 
"65536"   0  0  0  0  1016771  1022596  966009  1035700  970631  958424  678932  672405  627584 
"131072"   0  0  0  0  79979  83302  95947  79842  91339  94308  86365  94101  44044 
"262144"   0  0  0  0  14207  14190  14175  14225  14580  14591  14578  14649  14731 
"524288"   0  0  0  0  11302  13729  12693  12182  11898  12090  11947  11974  11947 

"Re-writer report"
        "4"  "8"  "16"  "32"  "64"  "128"  "256"  "512"  "1024"  "2048"  "4096"  "8192"  "16384"
"64"   500060  1363961  1492919  1638743  1330167 
"128"   1123617  1471662  1684006  2464907  1852520  1858934 
"256"   1152323  1224606  941213  2205688  1610276  1884399  1884399 
"512"   1476130  1480200  1712772  1616100  1910902  1961520  1992458  1904125 
"1024"   1082454  1062372  1532928  1267398  876737  1179674  2060128  1589665  2133821 
"2048"   1183055  1241893  1285570  1978880  1903457  1657071  1897990  2016035  1994039  1515833 
"4096"   1215086  1529437  1712369  1780148  1941051  1978835  1523334  1753440  1995152  1311159  1140019 
"8192"   1099307  1354515  1622134  1782809  1706315  1929367  1654630  1945866  1940701  1768585  987354  1198171 
"16384"   1099743  1423682  1556260  1705968  1865207  1909096  1931852  1863083  1847953  1652077  1234855  1053708  1170454 
"32768"   0  0  0  0  1812585  1875562  1588911  1765437  1725627  1357974  1350369  1260551  1230861 
"65536"   0  0  0  0  1506710  1705020  1690809  1492232  1670687  1307611  897569  882376  992311 
"131072"   0  0  0  0  88511  93097  95258  84673  94587  96924  93638  93430  37424 
"262144"   0  0  0  0  13889  13876  13837  14103  14277  14313  14206  14311  14302 
"524288"   0  0  0  0  11170  11127  11286  11312  11096  10997  11255  11196  11255 

"Reader report"
        "4"  "8"  "16"  "32"  "64"  "128"  "256"  "512"  "1024"  "2048"  "4096"  "8192"  "16384"
"64"   1087638  4018152  4274062  4988978  5860307 
"128"   2727923  3536566  3053774  3785961  6045455  5847904 
"256"   1897721  3545976  2639446  4652146  1662639  6073004  6761355 
"512"   1924603  3586277  3012719  3177664  4784885  5067142  6174377  7115451 
"1024"   2211841  2398343  1466957  2681328  2485792  3481072  4374559  2640123  7113161 
"2048"   1798259  2395538  2798201  2572756  3245396  2942962  3229534  3506373  5056455  5564129 
"4096"   1763882  2228314  2297140  2364807  2564999  3000428  2375927  3153539  2882622  2398148  1420786 
"8192"   1537499  1771594  2188545  2552766  2727871  2662347  2711724  2440876  3089125  2101538  1932514  1357405 
"16384"   1599548  1815199  1912443  2433425  2792134  2327989  2723849  2891649  2533455  2379005  1756237  1547568  1567120 
"32768"   0  0  0  0  2731797  2696266  2382956  2407796  2952323  2585635  1573719  1428860  1403758 
"65536"   0  0  0  0  2617789  2273506  2612887  2615896  2704298  1378858  1188276  1184457  1082896 
"131072"   0  0  0  0  2454071  1933868  2193234  1595484  1555457  2166125  1260113  989677  1032299 
"262144"   0  0  0  0  1720816  2345135  2423466  1945801  1758093  1697581  1304354  1069957  1185829 
"524288"   0  0  0  0  59421  72480  64804  110456  93896  59824  108814  97791  107118 

"Re-Reader report"
        "4"  "8"  "16"  "32"  "64"  "128"  "256"  "512"  "1024"  "2048"  "4096"  "8192"  "16384"
"64"   2772930  3738358  3541098  4018152  5860307 
"128"   3053774  2843510  3053774  5847904  6727225  6406138 
"256"   2975955  3605511  3756894  2413957  6249745  6249745  6936061 
"512"   2782414  4163357  4375425  5164632  3905895  4742616  6999490  7410080 
"1024"   2789291  4126579  2950233  2694787  5536137  6163794  6519323  3495237  6692005 
"2048"   2810101  3857514  2605532  4511980  5389574  2562778  5535444  6114678  6543188  6092991 
"4096"   1883178  2702169  2972395  2355405  2435200  2700046  2497507  3778448  2172795  1556880  1646400 
"8192"   1640724  2031821  2356020  2531513  2787400  2955217  2893498  3022813  2451849  2055769  1887606  1520422 
"16384"   1854035  2084441  2054160  2632445  2064527  2819514  2223010  2223657  2842019  2148436  1628662  1552252  1504109 
"32768"   0  0  0  0  2408176  2736148  2375173  2740950  2566658  2258621  1786503  1572369  1547477 
"65536"   0  0  0  0  2611224  2215402  2453066  2661126  2788520  1872671  1184993  1178131  1139126 
"131072"   0  0  0  0  1919231  1621412  2066076  1327688  2009041  1866718  1258469  1020103  1164836 
"262144"   0  0  0  0  1833161  2279551  2244497  1931079  1731326  1439347  1171373  1103248  1177556 
"524288"   0  0  0  0  48788  54724  49091  107854  104541  73715  107623  98584  103863 

"Random read report"
        "4"  "8"  "16"  "32"  "64"  "128"  "256"  "512"  "1024"  "2048"  "4096"  "8192"  "16384"
"64"   2067979  3057153  4018152  4897948  5283570 
"128"   2098744  2985839  3982553  5122535  4267461  5784891 
"256"   2097948  3245838  3605511  5217259  4907284  6398720  6936061 
"512"   2089386  3122224  4061007  4973263  6174377  6174377  7022379  7211022 
"1024"   2124322  3314514  2321847  5330028  6208343  6702448  7113161  6692005  7008693 
"2048"   2096227  3314266  3871422  5362657  6225466  3210223  6895083  7106133  5704543  6711905 
"4096"   1999797  3018351  3697135  4218190  2834585  5171846  4952675  5468151  2553562  2473416  1625372 
"8192"   1324952  1698890  2564770  2797840  2622319  3233004  3343751  3322090  2618921  2096792  1511726  1483209 
"16384"   1239130  1828189  2156391  2257998  2252373  2835101  2396343  2507844  2884003  2287309  1554605  1545827  1516892 
"32768"   0  0  0  0  2636222  2776218  2382089  2869900  2564599  2506921  1742782  1601576  1400454 
"65536"   0  0  0  0  2530619  2726346  2387713  2678422  2599273  1597655  1429416  1104544  1061776 
"131072"   0  0  0  0  1792020  2255780  2139220  2029257  1988110  1772080  1085914  1066172  1032941 
"262144"   0  0  0  0  2130940  2328246  2325434  2088762  2069911  1570204  1327451  1074321  1144398 
"524288"   0  0  0  0  154512  254095  151219  468135  505580  376862  477020  466487  345239 

"Random write report"
        "4"  "8"  "16"  "32"  "64"  "128"  "256"  "512"  "1024"  "2048"  "4096"  "8192"  "16384"
"64"   598110  1421755  1599680  1648808  1828508 
"128"   1111981  1455701  1658003  2784517  2090572  2035099 
"256"   1103757  1897721  2463808  1817419  2266207  2152625  2325094 
"512"   1113374  1520013  1677976  2039772  1889050  2124526  2381315  2560168 
"1024"   1169078  1947119  1646334  1824690  2534194  2632033  2353657  2579861  1193442 
"2048"   1345792  1929972  1720807  2694623  3215029  1863404  3146720  3089009  4046500  3841986 
"4096"   1158078  1872913  2135523  1884831  1846740  2022635  3214912  3212508  1712369  1560982  1205452 
"8192"   891978  1254700  1650259  1856299  1670478  2165374  2147375  2172356  2069638  1635803  1192102  1138274 
"16384"   1009247  1346047  1629435  1660660  1675929  1885628  1925734  1563376  1892118  1476320  1387296  1351606  1180913 
"32768"   0  0  0  0  1865000  1962493  1620249  1994418  1875690  1766072  1263169  1324217  1228232 
"65536"   0  0  0  0  1683467  1721194  1663982  1723309  1704576  1001742  859939  897077  786266 
"131072"   0  0  0  0  91035  93017  87345  87566  88852  93010  95948  96164  41999 
"262144"   0  0  0  0  14302  14205  14316  14755  14264  14618  14818  14939  14902 
"524288"   0  0  0  0  20184  17255  19806  13740  13916  16412  13564  14095  13977 

"Backward read report"
        "4"  "8"  "16"  "32"  "64"  "128"  "256"  "512"  "1024"  "2048"  "4096"  "8192"  "16384"
"64"   1279447  2358717  2561267  2006158  2052169 
"128"   1539168  1421023  2843510  3277486  4557257  2858650 
"256"   1549845  649647  2097948  3499745  2371308  2563818  5022044 
"512"   1533034  2116152  3012719  2708713  2317080  2926501  3325278  3393590 
"1024"   1434138  1503942  2498809  2419964  1942715  4694950  2774874  1825466  2391665 
"2048"   1376193  1858566  2494314  2646472  3160613  2072957  3024831  3121562  3298992  2967361 
"4096"   1399832  1919580  2073910  2202319  2705573  2588965  2580797  2776856  2260269  2238184  1831971 
"8192"   1285254  1608466  2092961  2347809  2696402  2711724  2791929  2162648  2263665  1898558  1363059  1528335 
"16384"   1220880  1860762  2045660  2130849  2597323  2754088  2482478  2565231  1022644  1857192  1774880  1615795  1277508 
"32768"   0  0  0  0  2612619  1659393  2200825  2684836  2687198  2504043  1693958  1573503  1524950 
"65536"   0  0  0  0  2576204  2716861  2162761  2774700  2498894  1665454  935306  1250952  1198932 
"131072"   0  0  0  0  1815053  2155720  1945963  1590255  2337737  1406022  1232493  988527  1173639 
"262144"   0  0  0  0  2036005  2195016  2199750  1866192  1892695  1892066  1358357  1191472  1050458 
"524288"   0  0  0  0  209478  154556  138122  423401  428282  408675  397921  494233  441094 

"Record rewrite report"
        "4"  "8"  "16"  "32"  "64"  "128"  "256"  "512"  "1024"  "2048"  "4096"  "8192"  "16384"
"64"   1452528  2052169  2278628  2379626  1828508 
"128"   1539168  2166499  2004703  2727923  2326073  1663139 
"256"   1579483  2266207  2533571  3245838  3236056  3499745  2065659 
"512"   1616100  2391924  2668325  3556580  3710197  3877684  3239989  2427068 
"1024"   1565902  2251260  2829721  3249318  2284793  2985091  3778101  1283303  2559871 
"2048"   1671907  2485653  3033377  3538147  4154130  4170264  4462754  4435103  4356379  3683812 
"4096"   1465383  2355082  3018351  3637640  4145915  4399673  3996428  3185110  4266376  1866807  1335935 
"8192"   1538945  2290831  2963628  3511181  4116513  4399563  4607218  4246763  4209820  3588182  1552715  1284005 
"16384"   1519844  2424326  2754529  3613618  3985399  4274448  4681225  4008882  1775476  3369790  1462060  1248677  1085739 
"32768"   0  0  0  0  4086333  3687972  4509772  4536117  4759328  2859331  1524443  1424019  1369448 
"65536"   0  0  0  0  3591212  4449172  4106221  4466741  4325189  2093991  985106  1121942  975312 
"131072"   0  0  0  0  3463294  4517384  3390293  4037696  2975725  2132226  1058705  968751  1018589 
"262144"   0  0  0  0  3607761  4072509  4121234  3538857  3017065  1816321  1168261  1116633  1060564 
"524288"   0  0  0  0  3591996  3422940  3701424  4662703  4722462  3270303  1381902  1344983  1343935 

"Stride read report"
        "4"  "8"  "16"  "32"  "64"  "128"  "256"  "512"  "1024"  "2048"  "4096"  "8192"  "16384"
"64"   1879725  2923952  3022727  2561267  4564786 
"128"   1684006  2377579  3982553  4759253  5325799  2286447 
"256"   1673001  2880164  3705040  4929815  3994490  5841722  5687020 
"512"   1977778  3177664  3659616  5227492  5744919  6319739  5760329  2535981 
"1024"   1899750  1750329  2305644  4589593  5200941  5536137  6244448  3735385  4609294 
"2048"   2043857  3117032  3786104  4104506  5018054  6058611  3709263  5018054  4180412  2681165 
"4096"   1366648  2465960  3269363  2452583  4075109  2776856  5928578  6254490  5558378  2182178  1409594 
"8192"   1290322  1617400  2447657  2537683  2988633  2755434  2700853  6445505  5830794  5022761  1833516  1226528 
"16384"   1273530  1716836  1987386  2550474  2622299  2603917  2953160  2792588  2467857  4223742  1643817  1261653  1340768 
"32768"   0  0  0  0  2618942  2495269  2722760  2754077  2696689  4621069  1775082  1481712  1490874 
"65536"   0  0  0  0  2577315  2758023  2323629  2802937  2712357  1664193  1312687  1035455  1041358 
"131072"   0  0  0  0  2156456  1901250  1946880  1954077  1641930  1701746  980710  1125389  1163202 
"262144"   0  0  0  0  2221389  2501369  2125207  2098009  1937158  1814436  1317432  1048165  1045318 
"524288"   0  0  0  0  296943  139196  274868  473775  477269  298291  522220  401493  434806 

"Fwrite report"
        "4"  "8"  "16"  "32"  "64"  "128"  "256"  "512"  "1024"  "2048"  "4096"  "8192"  "16384"
"64"   1105556  998622  710511  1638743  3363612 
"128"   618653  1319723  1579934  1939522  1319723  1504659 
"256"   1076103  1391207  1540948  1707589  1881098  1506359  2065659 
"512"   1222379  1594501  1759070  1624659  2304647  2486072  1560891  2391924 
"1024"   1144163  1524224  1000969  1628234  1777861  1988589  2461573  1724328  2251260 
"2048"   1047067  2006147  2321725  1605053  2793651  2009902  1265122  1593737  1809243  2727131 
"4096"   1199057  1294561  1133999  1856719  2603876  1890222  2070660  2191643  2420789  821185  1572987 
"8192"   1048774  1193303  1707756  1302797  1958399  1735182  1774706  1599332  1961305  1259714  1090238  1101810 
"16384"   1110549  1369792  1563483  1674091  1532213  1808606  1773323  1770308  633932  1255475  1149754  1096724  1312096 
"32768"   0  0  0  0  1711295  1529430  1667406  1641595  1437513  1076088  1069865  1250788  1108675 
"65536"   0  0  0  0  1509664  1530715  1137599  1370416  1285600  801978  715029  745929  929087 
"131072"   0  0  0  0  92915  90868  87670  88624  93889  86414  102258  110956  60511 
"262144"   0  0  0  0  14060  14160  14062  14327  14332  14566  14495  14913  15961 
"524288"   0  0  0  0  13384  14828  13332  11857  11886  11988  12194  12072  12382 

"Re-Fwrite report"
        "4"  "8"  "16"  "32"  "64"  "128"  "256"  "512"  "1024"  "2048"  "4096"  "8192"  "16384"
"64"   1087638  1013707  1188789  3203069  2561267 
"128"   1142750  1487977  1755594  2248149  2558895  1373754 
"256"   1108314  1201314  1398455  1163562  1300235  3236056  2187712 
"512"   1191189  1380303  1471074  2347475  2016784  2405320  901241  1834193 
"1024"   1019987  1426517  1434138  1563053  1932227  2133821  1783768  2414523  1950656 
"2048"   1151341  1508115  1343687  1965297  2167092  1939560  1611074  2185285  2365196  2096227 
"4096"   1136775  1413887  1603227  1675953  1784772  1900679  1409479  2027648  1904049  1492758  1360371 
"8192"   900912  1264582  1519548  1702088  1766676  1803205  1665054  1668045  1423246  1413410  1781607  1192433 
"16384"   1115633  1272752  1528668  1372089  1312923  1810799  1427290  1449264  1778509  1128457  1084471  1560075  1357748 
"32768"   0  0  0  0  1380105  1343780  1722469  1505193  1437949  981343  1013637  1166538  1509972 
"65536"   0  0  0  0  1452583  1605372  1192410  1186732  1357865  707686  851126  743991  998126 
"131072"   0  0  0  0  91327  93497  74849  94716  99185  88611  104148  110426  56102 
"262144"   0  0  0  0  13918  13914  13912  14394  14403  14527  14655  15018  15804 
"524288"   0  0  0  0  11200  11266  11282  11008  11192  11318  11369  11482  11703 

"Fread report"
        "4"  "8"  "16"  "32"  "64"  "128"  "256"  "512"  "1024"  "2048"  "4096"  "8192"  "16384"
"64"   1330167  1828508  2662899  1828508  4274062 
"128"   2166499  3445772  4267461  3053774  4135958  1997245 
"256"   1894373  2102055  2305128  2097948  2441400  4819184  3879045 
"512"   2370799  2253852  3122224  1975959  4882800  3325278  2811557  2107844 
"1024"   1815435  2142335  2916180  1345623  2133821  3891053  2281152  2358827  2398343 
"2048"   1774851  2109613  2432853  2619037  2137434  3256469  2872113  2884652  2741930  2629459 
"4096"   1808444  2162674  2403516  2537719  2571526  2830382  1865996  2762123  2354114  2304845  1650195 
"8192"   1448079  2067148  2001405  2440182  2672702  2844394  2742459  2873174  2324618  2339178  1794916  1638455 
"16384"   1748195  2040073  2280326  2489943  2618003  2613125  2685528  2778811  2876398  2519799  1594389  1567263  1355392 
"32768"   0  0  0  0  2475850  2347946  2823151  2683945  2626047  2097030  1727535  1546607  1367554 
"65536"   0  0  0  0  2751756  2575093  2417405  2804653  2537112  1640623  1144233  1330162  894861 
"131072"   0  0  0  0  1835536  1772417  1763146  1860105  2007625  1849001  1322931  1085779  1158217 
"262144"   0  0  0  0  2156713  2472402  1974776  1920075  1985381  2005815  1494976  1182549  1176139 
"524288"   0  0  0  0  114308  165211  222041  322040  224881  308982  287540  306445  226315 

"Re-Fread report"
        "4"  "8"  "16"  "32"  "64"  "128"  "256"  "512"  "1024"  "2048"  "4096"  "8192"  "16384"
"64"   2662899  3541098  4897948  5283570  5283570 
"128"   1684006  4104338  4717434  3560017  6406138  5122535 
"256"   2000242  1707589  2557711  3994490  5117791  6554972  1802167 
"512"   2665014  3239989  4228947  3788747  5699180  5331314  5127637  7211022 
"1024"   2910252  2060128  3835457  1995982  2478620  6830356  3764854  4126579  6208343 
"2048"   2744558  4086930  4623699  4204968  4008732  3937075  5492967  5277002  1745635  4120256 
"4096"   1985468  2748864  2094134  3989004  3656998  3984379  3160500  2544108  1708792  2250498  1754873 
"8192"   1602539  2000007  2416499  2645945  2587562  2781533  2947864  2943571  2928768  2598128  1816456  1456365 
"16384"   1751358  2023255  2153756  2410803  2499089  2894206  2743861  2912112  2611040  2293110  1540284  1427557  1579365 
"32768"   0  0  0  0  2403921  2500808  2831877  2820949  2523723  1960646  1584971  1483856  1527934 
"65536"   0  0  0  0  2470905  2773300  2530642  2837923  2769891  1621528  1249043  1108428  1188857 
"131072"   0  0  0  0  1540627  1839990  1652467  1847671  1991704  2021593  1247817  1051267  1013274 
"262144"   0  0  0  0  2173627  2500510  1820040  2015936  1888767  1899000  1524499  1180477  1169800 
"524288"   0  0  0  0  124335  183995  219529  309465  273936  321488  291201  309842  205496 
