	Iozone: Performance Test of File I/O
	        Version $Revision: 3.414 $
		Compiled for 64 bit mode.
		Build: linux-AMD64 

	Contributors:William Norcott, Don Capps, Isom Crawford, Kirby Collins
	             Al Slater, Scott Rhine, Mike Wisner, Ken Goss
	             Steve Landherr, Brad Smith, Mark Kelly, Dr. Alain CYR,
	             Randy Dunlap, Mark Montague, Dan Million, Gavin Brebner,
	             Jean-Marc Zucconi, Jeff Blomberg, Benny Halevy, Dave Boone,
	             Erik Habbinga, Kris Strecker, Walter Wong, Joshua Root,
	             Fabrice Bacchella, Zhenghua Xue, Qin Li, Darren Sawyer,
	             Vangel Bojaxhi, Ben England.

	Run began: Wed Feb 27 06:04:02 2013

	Auto Mode
	Excel chart generation enabled
	Command line used: ./benchmarks/iozone3_414/src/current/iozone -a -R
	Output is in Kbytes/sec
	Time Resolution = 0.000001 seconds.
	Processor cache size set to 1024 Kbytes.
	Processor cache line size set to 32 bytes.
	File stride size set to 17 * record size.
                                                            random  random    bkwd   record   stride                                   
              KB  reclen   write rewrite    read    reread    read   write    read  rewrite     read   fwrite frewrite   fread  freread
              64       4  507625  516414  2662899  2801873 2067979 1392258  481234  1492919  1780008  1087638  1033216 2203800  1562436
              64       8  555990 1210227  3057153   367817 3203069 1310683 1947927  2067979  2662899  1232453  1336792 2662899  3203069
              64      16  557144 1526887  4564786  4274062 3958892 1599680 1879725  2298136  3363612  1484662  1188789 2067979  1599680
              64      32  866463 2222043  5283570  4988978 5389653 2662899 1124074  2222043  3738358  1124074   942521 2772930  2467108
              64      64  809014 1255511  5735102  4897948 5283570 3057153 2278628  2923952  4274062  2133730  1105556 1638743  1638743
             128       4  561694  976473  2377579  2905056 2035099 1406136 1727352  1603529  1852520  1102844   992724 1642783  2098744
             128       8  871818 1508887  2464907  4012317 3277486 1543594 2464907  2248149  3445772  1319723  2004703 2453642  3297617
             128      16  877518 1637771  4717434  4717434 4267461 1749872 3199360  2673584  3657016  1684006  1294270 2326073  3380677
             128      32  695603 1749872  4267461  5545860 5122535 1858934 4135958  2905056  3199360  2035099  2058509 2511022  2367096
             128      64 1000121 2784517  6045455  6406138 4407601 3380677 1732927  2673584  4889281  1642783  1487977 3199360  5784891
             128     128 1065630 1967960  5847904  6727225 6330599 2202044 4934216  2202044  2175277  2058509  3277486 1349580  1858934
             256       4  543445  988889  2266207  1805197 2135500 1089202 1570244  1632308  1938842  1523457  1062263 2509882  2187712
             256       8  782721 1340826  2692393  4264168 3326279 2114473 2533571  1952947  3123106  2077650  2015259 3823789  4132864
             256      16  861885 2135500  4197489  4929815 4264168 2672291 3197509  2943325  3823789  1514860  1391207 1487577  3245838
             256      32  885337 1662639  2533571  3159869 3368013 1024752 2943325  2754556  3087188  1740810  2726577 4070199  1894373
             256      64 1084800 1534342  4907284  6249745 6107548 1506359 3087188  2975955  5569035  2310087   733527 2613746  1924938
             256     128  675391 1455317  2371308  5569035 3326279 2305128 3454704  3043436  3605511  1286217  1639786 3770085  2458168
             256     256 1112909 1911233  7120034  6891544 7120034 2266207 1384034  2435861  3654598  1023775  1981783 3410808  2441400
             512       4  680918 1132755  2032051  2360376 2141475 1105351 1889050  1640796  1945526  1570020  1020276 1684557  2942541
             512       8  812577 2014892  1625889  1938502 2474613 1225169 2521095  2405320  2107844  1334001  1834193 2297251  1842059
             512      16  827289 1500891  3533174  2009236 2681653 1662389 3239989  2391924  2039772  1992458  1695195 3580298  4827914
             512      32 1028091 1729323  2811557  2811557 5278892 1968713 3580298  2722449  4742616  2548017  1640796 3182373  5227492
             512      64  566946 1700565  2708713  6319739 6174377 3388236 2962840  4000485  4375425  1640796   855978 3788747  2906696
             512     128 1329871 1795846  4701087  4882800 6736026 2368185 1610042  4131319  4061007  1736314  1640796 4784885  3459188
             512     256 1028091 2065273  4375425  2143612 4701087 1488408 2910635  3220553  5566231  1527582  1207261 2768068  6909408
             512     512 1073309 1992458  5509113  6821616 7211022 2307123 3849877  3877684  4305250  3742527  1566585 3684733  6821616
            1024       4  689533 1558516  2183727  2968586 2120127 1450607 1477555  1646334  1678504  1253344  1130014 1284839  1784509
            1024       8  814705 1488307  2236023  4130547 3291652 1771262 1689730  2468647  3229770  1784509  1333507 2061116  2547723
            1024      16  901394 1497127  2503178  2567523 4110780 2270300 1942715  2694787  2974754  1697745  1387350 2276316  1530742
            1024      32  934337 1718120  2774874  2028027 4265934 1687075 2432298  3655895  4146499  2306882  1354535 1270773  1670020
            1024      64  676286 1172909  1738989  2031864 2491561 3112733 1248607  3725664  4265934   619871  1422266 1289855  1548960
            1024     128  953418 1351126  2192645  2120127 5751117 3345496 2343383  4162573  6569179  2386350  1336827 2056183  2758833
            1024     256  879790  892775  2197132  2534194 5572049 2565989 1617808  3835457  4488860  1822368   263498  919140   775852
            1024     512  901394 1727102  3518141  3103735 5751117 1544504 1605111  4146499   342233   799390  2120127 1071116  1815435
            1024    1024  650180  702388  6431462  6402699 6327241 3366474 2102484  1924436  2279941  1784509  1628234 2485792  2115949
            2048       4  571754 1004928  1514764  1668011 1533970  864195 1324624  1650385  1329957  1094565   886949 1586379  1673209
            2048       8  765604 1265868  1915768  2295665 3131805 1994039 1747411  2228370  1921339  1732608  1311279 1965297  1945270
            2048      16  790401 1452522  2226060  3536690 4122233 2562778 1936062  2929912  1680082  1906837  1400881 1718053  2985927
            2048      32  730697 1310279  1420104  2356760 4818211 2400894 2197585  2645657  2301200  1510236  1602358 1715309  1877250
            2048      64 1061690 1414259  2694623  2351599 2458618 1703741 2458618  3357009  2332443  1620190  1373553 2635914  2629459
            2048     128  872623 1714966  2712491  2421196 3145567 2798201 2409650  3871422  5549749  1924783  1890887 2832339  2255875
            2048     256 1250207 1629101  3112514  5769681 7013303 3929871 2823959  4550221  6738230  1998214  1313685 2432165  2473485
            2048     512 1265681 2048243  3372826  2386884 5056455 2124220 2734946  4493100  4754210  1208181  2146514 2438378  3011047
            2048    1024 1204116 1943069  3901313  4016229 5461535 2852087 1972971  3189957  4676561  1617749  2635914 2947000  4321315
            2048    2048 1299377 1901351  4432815  3487865 4367454 2715922 2608697  2190300  1741389  1969352  2120026 2107025  2070459
            4096       4  673355 1183773  1628607  1701683 1429653 1126193 1404639  1679393  1577755  1110326  1051347 1800484  2446645
            4096       8  843150 1431678  2036783  2252859 1911251 1300342 1190664  1994225  1517012   146243  1382373 2218817  2074912
            4096      16  982222 1470777  2409584  2402508 2605850 1780148 1960768  2840208  2409584  1518084  1507560 2308872  3298235
            4096      32  914513 1792406  2696655  2352502  110606 1980661 2346077  3596518  3072878  1790165  1611951 2627371  2963678
            4096      64 1129600 1945667  2056285  3290024 5157871 2486662 2065681  3802702  2512850  1847535  1518218 2815077  3485604
            4096     128 1388518 1957863  2788122  2618960 4791076 2363506 2745350  4541567  4132949  2536221  1474944 2553562  2477696
            4096     256 1191077 1627373  2603876  2961635 4899008 1941270 2684016  3810292  6077484  1485145  1946770 2595614  2545616
            4096     512 1143205 1992144  2398148  2571141 3775126 1937767 3007255  4307020  5777065  2171696  1453973 2852469  2519114
            4096    1024 1178010 1699663  3292546  3900255 4596244 2888438 2171696  4566920  4763181  2179686   861802 2734426  2423520
            4096    2048 1168634 1512604  1850121  3302674 3237937 2140045 2453984  3346419  3828122  1500975  1195969 1805213  2252859
            4096    4096  987927 1540407  1678081  2142447   55276 1651623 1846740  1556880  1691963  1193476  1091422 1639018  1884004
            8192       4   75384  121059  1762416  2118381 1424721   70556 1383810  1663039   267214   265751  1185889 1704537  1788283
            8192       8  177220  151488  2252387  2170572 1908682   71847 1708521  2450450  1830683  1344708  1319406 2057739  1985904
            8192      16  901101  124247  1832245  2164964  106023 1458714  974196  2140019  1653993  1484875   266241 2096792   104351
            8192      32   99761 1697799  1798486  2172356 2406513   72465 2266652  3212449  1851697  1434476  1481674 2398953  2013721
            8192      64  918689 1570816  2218789  2371795  296330 1455871 2336474  3521978  2012188  1503721  1340982 2166603  2177588
            8192     128  777742 1681103  2569758   198527 2092451   72817 2321948  4228992   152528  1418252  1692614 2388281  2505302
            8192     256  180519 1591258  2690280  1853395 2183399   81690 2307601  3951754  2348612   192885  1346922 2231614  2809278
            8192     512 1012730 1635180  2451849  2239469 2031220   72313 1722827  4268923  5142283   286965   149965 1826110   156228
            8192    1024  119659 1880993  1937090  2352632 2325877 1816456 2234517  4703073  6770651  1352276   121776 1919344  2277469
            8192    2048   86130 1461817  1673162   189866 1576872   71750 1549704   129303  2331243  1582974  1108242  998051  1081862
            8192    4096   98212   77439   121911    86906 1041431   71221 1236548    89475  1644336   139400  1450953 1331163   104244
            8192    8192   63372 1340982  1553557  1564807   72113 1195378  198137    71859   198979  1358801   102460 1712779  1767766
           16384       4   71538  429068  1780721   232667  151541  131963  195345   137674   225166    89257   257841 1715422   235006
           16384       8  179152 1111160  2072622  1964490  174785  151268  155645   142291  1790977   194429  1384724 2113547   502174
           16384      16  108907  280499  2382469  2219491  205483  153988  205599  2859878  2059331   153172   173039  297264  2320678
           16384      32  256686  175198  2611834  2578514 2535043 1843590 2525633  3660391  2540103  1591288  1585121 2489943  2463787
           16384      64 1004732 1588382  2265815  2231890 2115694 1574156 2324918  3187684  2315439  1129626  1510623 2323581  2466705
           16384     128 1072605 1592210  2621899  2318016 2596538 1740932 2065582  4250126  2448338  1328148  1684721 2746164  2826705
           16384     256 1107613 1872883  2621899  2914830 2656255 1944204 2940398  3357934  2681965  1887752  1497619 2863334  2880497
           16384     512 1074635 1910423  2801240  2920528 2987568 2018204 2465289  3898356  2174405  1619298  1211731 2835101  2852874
           16384    1024  987819 1551236  3007837  3064713 2692157 1806419 2905464  4123876  5389422  1542600  1418774 2663255  2914706
           16384    2048 1086975 1574444  2365248  2801125 2575325 1807988 2414699  3161724  3821611  1388109  1135487 2474522  1592689
           16384    4096  881710 1390722  1554746  1502005 1534951 1322474 1596278  1566512  1666055  1291724  1067838 1584829  1470444
           16384    8192  885379 1128457  1641657  1477907 1443146 1384139 1388502  1393061  1532794   976686  1563945 1517729  1578567
           16384   16384  891849 1171032  1148371  1435939 1452234 1194004 1211197  1361703  1263601   992370   922411 1391313   928330
           32768      64 1076653 1699866  2370217  2737947 2687671 1741413 2665983  4171667  2449376  1763059  1625000 2432125  2290847
           32768     128 1022498 1797485  2749229  2368991 2652247 1954206 2633242  4283347  2688302  1460581  1716853 2482424  2274771
           32768     256 1043268 1501805  2397798  2069184 2764102 1803002  507078  4057381  1372429   534308  1462928 2824544  2854640
           32768     512 1106355 1910126  2630068  2864098 2870319 1925945 2187723  4492525  2732232  1512482  1564102 2373614  2426158
           32768    1024 1069141 1683438  2270487  2647904 2591974 1916465 2647904  4182203  1906337  1157061  1281902 2500399  2895475
           32768    2048  952308 1659553  2767999  2199065 2551838 1729927 1407972  2563834  3229009   965548   870584 1892790  1570411
           32768    4096  680357 1142698   915693  1066105 1537472  894349 1482512  1321391  1436687   874072   849265 1447795  1204740
           32768    8192  811491 1275218  1243231  1256540 1149108 1215566 1545598  1358820  1385238  1152829  1175276 1498024  1592926
           32768   16384  874606 1210534  1409980  1271008 1276568 1191951 1250880  1114175  1151728   804673  1498922 1354387  1519505
           65536      64  927708 1581504  2451513  2739907 2495083 1621212 2656292  4192717  2677874  1490234  1421323 2742668  2489299
           65536     128 1072954 1645593  2484394  2827996 2742449 1814653 2647924  4444927  2612242  1547816  1600390 2708535  2271215
           65536     256  910919 1687207  2656086  2845414 2668852 1628907 2746010  4219426  2692853  1454874  1588790 2724671  2666780
           65536     512 1042951 1619445  2720895  2600651 2304286 1818880 2197936  4747639  2038823  1214351  1151105 2919828  2545193
           65536    1024 1011700 1671754  2185841  2229562 2073192 1759592 2517132  4451910  2766740  1268163  1128802 2323314  2718527
           65536    2048  846028 1386536  2322078  2233530 2316989 1347646 2420535  3730000  2321921   983949   955738 1767569  1834454
           65536    4096  848920 1156733  1630328  1660143 1675770 1260694 1618654  1495952  1720699   827464   976691 1576407  1697261
           65536    8192  802469 1171059  1364024  1414484 1543479 1218296 1533619  1321021  1510253   945410  1027063 1526829  1489798
           65536   16384  744388 1022897  1256804  1282356 1240816 1118627 1083165   946465  1092811   843091  1010098 1274998  1288251
          131072      64   65624   60629  2165409  2149845 2203520   79245 2142964  3984320  2009100    75328    74056 2396423  2318668
          131072     128   81797   84888  2073135  1976957 2136776   79230 2304110  4137116  2311804    89348    82426 2112529  2282093
          131072     256   70983   57533  1889521  2395191 1931877   75030 1894352  3577886  2326734    83107    68103 2439728  2407863
          131072     512   79828   85113  2793108  2516173 2682222   89750 2684199  4580847  2840017    92798    84020 1346771  2246644
          131072    1024   71932   78217  1706818  1718208 2158276   76664 2276037  3765352  2251825    75295    71364 2511048  2320851
          131072    2048   86463   82583  2432765  2659527 2355970   90896 2202451  3873843  2335105    89217    84463 2292465  2499846
          131072    4096   87298   86248  1612519  1611687 1668136   85598 1449751  1406730  1572659    75173    94739 1483702  1538747
          131072    8192   85739   82673  1256332  1128005 1387152   78501 1247211  1284416  1454800    98514    96441 1526807  1445946
          131072   16384   84893   75035  1455883  1458478 1509402   86601 1415875  1318552  1338684   121561   132360  840577   812235
          262144      64   38664   27085  2643032  2636232 2553441   14607 2392896  3851829  2466263    14611    14410 2357960  2506947
          262144     128   14566   14208  2738592  2703071 2591404   14575 2592815  4369734  2542988    14489    14347 2602802  2736800
          262144     256   14515   14319  2641356  2413672 2642422   14547 2833713  4640468  2547041    14482    14327 2393355  2321296
          262144     512   14209   13733  2066728  2144698 2080210   14486 1825173  2461950  2033369    14324    14400 2222161  2084296
          262144    1024   14565   14255  2276997  2226787 2136895   14200 2195235  3959937  2069225    14207    14401 2164513  2187704
          262144    2048   14565   14303  1923979  1987326 1927017   14633 1852777  3083684  2198791    14680    14467 1493987  1873407
          262144    4096   14640   14210  1263722  1231110 1371461   14599 1333333   629202   730126    15098    14647 1275534  1696175
          262144    8192   14676   14199  1532529  1525974 1499680   14521 1324153  1076434  1277262    14866    15008 1108779  1047888
          262144   16384   14731   14316  1205614  1208382 1229014   14886 1473092  1282127  1472370    15886    15810 1450489  1419151
          524288      64   11356   11161   109174   101614  245568   14135  234097  4039665   347197    12860    11262  241896   242869
          524288     128   12074   11215    70080   102197  354744   14739  256591  4453422   392939    12579    11022  269985   247227
          524288     256   12120   11250   108577    96719  116994   15300  357421  4503114   411929    12114    11269  199827   207395
          524288     512   10140   10097    39574    70383  111451   13766   23266   307371   133449    40870    11210  100740    92853
          524288    1024   14837   11190    74757    61717  421838   16060  290424  4475428   504557    12097    11290  279829   319670
          524288    2048   12010   11248    97240   111443  486663   13909  303232  2762013   454417    12481    11297  324972   298448
          524288    4096   11901   11240    85389    83496  439085   14715  348277  1401401   469827    12306    11374  297122   291019
          524288    8192   11971   11250    81280    90775  370523   14805  337412  1164965   383017    12360    11440  243423   230776
          524288   16384   12223   11231   119032   101617  368158   13719  530703  1369567   610571    12179    11703  250116   239061

iozone test complete.
Excel output is below:

"Writer report"
        "4"  "8"  "16"  "32"  "64"  "128"  "256"  "512"  "1024"  "2048"  "4096"  "8192"  "16384"
"64"   507625  555990  557144  866463  809014 
"128"   561694  871818  877518  695603  1000121  1065630 
"256"   543445  782721  861885  885337  1084800  675391  1112909 
"512"   680918  812577  827289  1028091  566946  1329871  1028091  1073309 
"1024"   689533  814705  901394  934337  676286  953418  879790  901394  650180 
"2048"   571754  765604  790401  730697  1061690  872623  1250207  1265681  1204116  1299377 
"4096"   673355  843150  982222  914513  1129600  1388518  1191077  1143205  1178010  1168634  987927 
"8192"   75384  177220  901101  99761  918689  777742  180519  1012730  119659  86130  98212  63372 
"16384"   71538  179152  108907  256686  1004732  1072605  1107613  1074635  987819  1086975  881710  885379  891849 
"32768"   0  0  0  0  1076653  1022498  1043268  1106355  1069141  952308  680357  811491  874606 
"65536"   0  0  0  0  927708  1072954  910919  1042951  1011700  846028  848920  802469  744388 
"131072"   0  0  0  0  65624  81797  70983  79828  71932  86463  87298  85739  84893 
"262144"   0  0  0  0  38664  14566  14515  14209  14565  14565  14640  14676  14731 
"524288"   0  0  0  0  11356  12074  12120  10140  14837  12010  11901  11971  12223 

"Re-writer report"
        "4"  "8"  "16"  "32"  "64"  "128"  "256"  "512"  "1024"  "2048"  "4096"  "8192"  "16384"
"64"   516414  1210227  1526887  2222043  1255511 
"128"   976473  1508887  1637771  1749872  2784517  1967960 
"256"   988889  1340826  2135500  1662639  1534342  1455317  1911233 
"512"   1132755  2014892  1500891  1729323  1700565  1795846  2065273  1992458 
"1024"   1558516  1488307  1497127  1718120  1172909  1351126  892775  1727102  702388 
"2048"   1004928  1265868  1452522  1310279  1414259  1714966  1629101  2048243  1943069  1901351 
"4096"   1183773  1431678  1470777  1792406  1945667  1957863  1627373  1992144  1699663  1512604  1540407 
"8192"   121059  151488  124247  1697799  1570816  1681103  1591258  1635180  1880993  1461817  77439  1340982 
"16384"   429068  1111160  280499  175198  1588382  1592210  1872883  1910423  1551236  1574444  1390722  1128457  1171032 
"32768"   0  0  0  0  1699866  1797485  1501805  1910126  1683438  1659553  1142698  1275218  1210534 
"65536"   0  0  0  0  1581504  1645593  1687207  1619445  1671754  1386536  1156733  1171059  1022897 
"131072"   0  0  0  0  60629  84888  57533  85113  78217  82583  86248  82673  75035 
"262144"   0  0  0  0  27085  14208  14319  13733  14255  14303  14210  14199  14316 
"524288"   0  0  0  0  11161  11215  11250  10097  11190  11248  11240  11250  11231 

"Reader report"
        "4"  "8"  "16"  "32"  "64"  "128"  "256"  "512"  "1024"  "2048"  "4096"  "8192"  "16384"
"64"   2662899  3057153  4564786  5283570  5735102 
"128"   2377579  2464907  4717434  4267461  6045455  5847904 
"256"   2266207  2692393  4197489  2533571  4907284  2371308  7120034 
"512"   2032051  1625889  3533174  2811557  2708713  4701087  4375425  5509113 
"1024"   2183727  2236023  2503178  2774874  1738989  2192645  2197132  3518141  6431462 
"2048"   1514764  1915768  2226060  1420104  2694623  2712491  3112514  3372826  3901313  4432815 
"4096"   1628607  2036783  2409584  2696655  2056285  2788122  2603876  2398148  3292546  1850121  1678081 
"8192"   1762416  2252387  1832245  1798486  2218789  2569758  2690280  2451849  1937090  1673162  121911  1553557 
"16384"   1780721  2072622  2382469  2611834  2265815  2621899  2621899  2801240  3007837  2365248  1554746  1641657  1148371 
"32768"   0  0  0  0  2370217  2749229  2397798  2630068  2270487  2767999  915693  1243231  1409980 
"65536"   0  0  0  0  2451513  2484394  2656086  2720895  2185841  2322078  1630328  1364024  1256804 
"131072"   0  0  0  0  2165409  2073135  1889521  2793108  1706818  2432765  1612519  1256332  1455883 
"262144"   0  0  0  0  2643032  2738592  2641356  2066728  2276997  1923979  1263722  1532529  1205614 
"524288"   0  0  0  0  109174  70080  108577  39574  74757  97240  85389  81280  119032 

"Re-Reader report"
        "4"  "8"  "16"  "32"  "64"  "128"  "256"  "512"  "1024"  "2048"  "4096"  "8192"  "16384"
"64"   2801873  367817  4274062  4988978  4897948 
"128"   2905056  4012317  4717434  5545860  6406138  6727225 
"256"   1805197  4264168  4929815  3159869  6249745  5569035  6891544 
"512"   2360376  1938502  2009236  2811557  6319739  4882800  2143612  6821616 
"1024"   2968586  4130547  2567523  2028027  2031864  2120127  2534194  3103735  6402699 
"2048"   1668011  2295665  3536690  2356760  2351599  2421196  5769681  2386884  4016229  3487865 
"4096"   1701683  2252859  2402508  2352502  3290024  2618960  2961635  2571141  3900255  3302674  2142447 
"8192"   2118381  2170572  2164964  2172356  2371795  198527  1853395  2239469  2352632  189866  86906  1564807 
"16384"   232667  1964490  2219491  2578514  2231890  2318016  2914830  2920528  3064713  2801125  1502005  1477907  1435939 
"32768"   0  0  0  0  2737947  2368991  2069184  2864098  2647904  2199065  1066105  1256540  1271008 
"65536"   0  0  0  0  2739907  2827996  2845414  2600651  2229562  2233530  1660143  1414484  1282356 
"131072"   0  0  0  0  2149845  1976957  2395191  2516173  1718208  2659527  1611687  1128005  1458478 
"262144"   0  0  0  0  2636232  2703071  2413672  2144698  2226787  1987326  1231110  1525974  1208382 
"524288"   0  0  0  0  101614  102197  96719  70383  61717  111443  83496  90775  101617 

"Random read report"
        "4"  "8"  "16"  "32"  "64"  "128"  "256"  "512"  "1024"  "2048"  "4096"  "8192"  "16384"
"64"   2067979  3203069  3958892  5389653  5283570 
"128"   2035099  3277486  4267461  5122535  4407601  6330599 
"256"   2135500  3326279  4264168  3368013  6107548  3326279  7120034 
"512"   2141475  2474613  2681653  5278892  6174377  6736026  4701087  7211022 
"1024"   2120127  3291652  4110780  4265934  2491561  5751117  5572049  5751117  6327241 
"2048"   1533970  3131805  4122233  4818211  2458618  3145567  7013303  5056455  5461535  4367454 
"4096"   1429653  1911251  2605850  110606  5157871  4791076  4899008  3775126  4596244  3237937  55276 
"8192"   1424721  1908682  106023  2406513  296330  2092451  2183399  2031220  2325877  1576872  1041431  72113 
"16384"   151541  174785  205483  2535043  2115694  2596538  2656255  2987568  2692157  2575325  1534951  1443146  1452234 
"32768"   0  0  0  0  2687671  2652247  2764102  2870319  2591974  2551838  1537472  1149108  1276568 
"65536"   0  0  0  0  2495083  2742449  2668852  2304286  2073192  2316989  1675770  1543479  1240816 
"131072"   0  0  0  0  2203520  2136776  1931877  2682222  2158276  2355970  1668136  1387152  1509402 
"262144"   0  0  0  0  2553441  2591404  2642422  2080210  2136895  1927017  1371461  1499680  1229014 
"524288"   0  0  0  0  245568  354744  116994  111451  421838  486663  439085  370523  368158 

"Random write report"
        "4"  "8"  "16"  "32"  "64"  "128"  "256"  "512"  "1024"  "2048"  "4096"  "8192"  "16384"
"64"   1392258  1310683  1599680  2662899  3057153 
"128"   1406136  1543594  1749872  1858934  3380677  2202044 
"256"   1089202  2114473  2672291  1024752  1506359  2305128  2266207 
"512"   1105351  1225169  1662389  1968713  3388236  2368185  1488408  2307123 
"1024"   1450607  1771262  2270300  1687075  3112733  3345496  2565989  1544504  3366474 
"2048"   864195  1994039  2562778  2400894  1703741  2798201  3929871  2124220  2852087  2715922 
"4096"   1126193  1300342  1780148  1980661  2486662  2363506  1941270  1937767  2888438  2140045  1651623 
"8192"   70556  71847  1458714  72465  1455871  72817  81690  72313  1816456  71750  71221  1195378 
"16384"   131963  151268  153988  1843590  1574156  1740932  1944204  2018204  1806419  1807988  1322474  1384139  1194004 
"32768"   0  0  0  0  1741413  1954206  1803002  1925945  1916465  1729927  894349  1215566  1191951 
"65536"   0  0  0  0  1621212  1814653  1628907  1818880  1759592  1347646  1260694  1218296  1118627 
"131072"   0  0  0  0  79245  79230  75030  89750  76664  90896  85598  78501  86601 
"262144"   0  0  0  0  14607  14575  14547  14486  14200  14633  14599  14521  14886 
"524288"   0  0  0  0  14135  14739  15300  13766  16060  13909  14715  14805  13719 

"Backward read report"
        "4"  "8"  "16"  "32"  "64"  "128"  "256"  "512"  "1024"  "2048"  "4096"  "8192"  "16384"
"64"   481234  1947927  1879725  1124074  2278628 
"128"   1727352  2464907  3199360  4135958  1732927  4934216 
"256"   1570244  2533571  3197509  2943325  3087188  3454704  1384034 
"512"   1889050  2521095  3239989  3580298  2962840  1610042  2910635  3849877 
"1024"   1477555  1689730  1942715  2432298  1248607  2343383  1617808  1605111  2102484 
"2048"   1324624  1747411  1936062  2197585  2458618  2409650  2823959  2734946  1972971  2608697 
"4096"   1404639  1190664  1960768  2346077  2065681  2745350  2684016  3007255  2171696  2453984  1846740 
"8192"   1383810  1708521  974196  2266652  2336474  2321948  2307601  1722827  2234517  1549704  1236548  198137 
"16384"   195345  155645  205599  2525633  2324918  2065582  2940398  2465289  2905464  2414699  1596278  1388502  1211197 
"32768"   0  0  0  0  2665983  2633242  507078  2187723  2647904  1407972  1482512  1545598  1250880 
"65536"   0  0  0  0  2656292  2647924  2746010  2197936  2517132  2420535  1618654  1533619  1083165 
"131072"   0  0  0  0  2142964  2304110  1894352  2684199  2276037  2202451  1449751  1247211  1415875 
"262144"   0  0  0  0  2392896  2592815  2833713  1825173  2195235  1852777  1333333  1324153  1473092 
"524288"   0  0  0  0  234097  256591  357421  23266  290424  303232  348277  337412  530703 

"Record rewrite report"
        "4"  "8"  "16"  "32"  "64"  "128"  "256"  "512"  "1024"  "2048"  "4096"  "8192"  "16384"
"64"   1492919  2067979  2298136  2222043  2923952 
"128"   1603529  2248149  2673584  2905056  2673584  2202044 
"256"   1632308  1952947  2943325  2754556  2975955  3043436  2435861 
"512"   1640796  2405320  2391924  2722449  4000485  4131319  3220553  3877684 
"1024"   1646334  2468647  2694787  3655895  3725664  4162573  3835457  4146499  1924436 
"2048"   1650385  2228370  2929912  2645657  3357009  3871422  4550221  4493100  3189957  2190300 
"4096"   1679393  1994225  2840208  3596518  3802702  4541567  3810292  4307020  4566920  3346419  1556880 
"8192"   1663039  2450450  2140019  3212449  3521978  4228992  3951754  4268923  4703073  129303  89475  71859 
"16384"   137674  142291  2859878  3660391  3187684  4250126  3357934  3898356  4123876  3161724  1566512  1393061  1361703 
"32768"   0  0  0  0  4171667  4283347  4057381  4492525  4182203  2563834  1321391  1358820  1114175 
"65536"   0  0  0  0  4192717  4444927  4219426  4747639  4451910  3730000  1495952  1321021  946465 
"131072"   0  0  0  0  3984320  4137116  3577886  4580847  3765352  3873843  1406730  1284416  1318552 
"262144"   0  0  0  0  3851829  4369734  4640468  2461950  3959937  3083684  629202  1076434  1282127 
"524288"   0  0  0  0  4039665  4453422  4503114  307371  4475428  2762013  1401401  1164965  1369567 

"Stride read report"
        "4"  "8"  "16"  "32"  "64"  "128"  "256"  "512"  "1024"  "2048"  "4096"  "8192"  "16384"
"64"   1780008  2662899  3363612  3738358  4274062 
"128"   1852520  3445772  3657016  3199360  4889281  2175277 
"256"   1938842  3123106  3823789  3087188  5569035  3605511  3654598 
"512"   1945526  2107844  2039772  4742616  4375425  4061007  5566231  4305250 
"1024"   1678504  3229770  2974754  4146499  4265934  6569179  4488860  342233  2279941 
"2048"   1329957  1921339  1680082  2301200  2332443  5549749  6738230  4754210  4676561  1741389 
"4096"   1577755  1517012  2409584  3072878  2512850  4132949  6077484  5777065  4763181  3828122  1691963 
"8192"   267214  1830683  1653993  1851697  2012188  152528  2348612  5142283  6770651  2331243  1644336  198979 
"16384"   225166  1790977  2059331  2540103  2315439  2448338  2681965  2174405  5389422  3821611  1666055  1532794  1263601 
"32768"   0  0  0  0  2449376  2688302  1372429  2732232  1906337  3229009  1436687  1385238  1151728 
"65536"   0  0  0  0  2677874  2612242  2692853  2038823  2766740  2321921  1720699  1510253  1092811 
"131072"   0  0  0  0  2009100  2311804  2326734  2840017  2251825  2335105  1572659  1454800  1338684 
"262144"   0  0  0  0  2466263  2542988  2547041  2033369  2069225  2198791  730126  1277262  1472370 
"524288"   0  0  0  0  347197  392939  411929  133449  504557  454417  469827  383017  610571 

"Fwrite report"
        "4"  "8"  "16"  "32"  "64"  "128"  "256"  "512"  "1024"  "2048"  "4096"  "8192"  "16384"
"64"   1087638  1232453  1484662  1124074  2133730 
"128"   1102844  1319723  1684006  2035099  1642783  2058509 
"256"   1523457  2077650  1514860  1740810  2310087  1286217  1023775 
"512"   1570020  1334001  1992458  2548017  1640796  1736314  1527582  3742527 
"1024"   1253344  1784509  1697745  2306882  619871  2386350  1822368  799390  1784509 
"2048"   1094565  1732608  1906837  1510236  1620190  1924783  1998214  1208181  1617749  1969352 
"4096"   1110326  146243  1518084  1790165  1847535  2536221  1485145  2171696  2179686  1500975  1193476 
"8192"   265751  1344708  1484875  1434476  1503721  1418252  192885  286965  1352276  1582974  139400  1358801 
"16384"   89257  194429  153172  1591288  1129626  1328148  1887752  1619298  1542600  1388109  1291724  976686  992370 
"32768"   0  0  0  0  1763059  1460581  534308  1512482  1157061  965548  874072  1152829  804673 
"65536"   0  0  0  0  1490234  1547816  1454874  1214351  1268163  983949  827464  945410  843091 
"131072"   0  0  0  0  75328  89348  83107  92798  75295  89217  75173  98514  121561 
"262144"   0  0  0  0  14611  14489  14482  14324  14207  14680  15098  14866  15886 
"524288"   0  0  0  0  12860  12579  12114  40870  12097  12481  12306  12360  12179 

"Re-Fwrite report"
        "4"  "8"  "16"  "32"  "64"  "128"  "256"  "512"  "1024"  "2048"  "4096"  "8192"  "16384"
"64"   1033216  1336792  1188789  942521  1105556 
"128"   992724  2004703  1294270  2058509  1487977  3277486 
"256"   1062263  2015259  1391207  2726577  733527  1639786  1981783 
"512"   1020276  1834193  1695195  1640796  855978  1640796  1207261  1566585 
"1024"   1130014  1333507  1387350  1354535  1422266  1336827  263498  2120127  1628234 
"2048"   886949  1311279  1400881  1602358  1373553  1890887  1313685  2146514  2635914  2120026 
"4096"   1051347  1382373  1507560  1611951  1518218  1474944  1946770  1453973  861802  1195969  1091422 
"8192"   1185889  1319406  266241  1481674  1340982  1692614  1346922  149965  121776  1108242  1450953  102460 
"16384"   257841  1384724  173039  1585121  1510623  1684721  1497619  1211731  1418774  1135487  1067838  1563945  922411 
"32768"   0  0  0  0  1625000  1716853  1462928  1564102  1281902  870584  849265  1175276  1498922 
"65536"   0  0  0  0  1421323  1600390  1588790  1151105  1128802  955738  976691  1027063  1010098 
"131072"   0  0  0  0  74056  82426  68103  84020  71364  84463  94739  96441  132360 
"262144"   0  0  0  0  14410  14347  14327  14400  14401  14467  14647  15008  15810 
"524288"   0  0  0  0  11262  11022  11269  11210  11290  11297  11374  11440  11703 

"Fread report"
        "4"  "8"  "16"  "32"  "64"  "128"  "256"  "512"  "1024"  "2048"  "4096"  "8192"  "16384"
"64"   2203800  2662899  2067979  2772930  1638743 
"128"   1642783  2453642  2326073  2511022  3199360  1349580 
"256"   2509882  3823789  1487577  4070199  2613746  3770085  3410808 
"512"   1684557  2297251  3580298  3182373  3788747  4784885  2768068  3684733 
"1024"   1284839  2061116  2276316  1270773  1289855  2056183  919140  1071116  2485792 
"2048"   1586379  1965297  1718053  1715309  2635914  2832339  2432165  2438378  2947000  2107025 
"4096"   1800484  2218817  2308872  2627371  2815077  2553562  2595614  2852469  2734426  1805213  1639018 
"8192"   1704537  2057739  2096792  2398953  2166603  2388281  2231614  1826110  1919344  998051  1331163  1712779 
"16384"   1715422  2113547  297264  2489943  2323581  2746164  2863334  2835101  2663255  2474522  1584829  1517729  1391313 
"32768"   0  0  0  0  2432125  2482424  2824544  2373614  2500399  1892790  1447795  1498024  1354387 
"65536"   0  0  0  0  2742668  2708535  2724671  2919828  2323314  1767569  1576407  1526829  1274998 
"131072"   0  0  0  0  2396423  2112529  2439728  1346771  2511048  2292465  1483702  1526807  840577 
"262144"   0  0  0  0  2357960  2602802  2393355  2222161  2164513  1493987  1275534  1108779  1450489 
"524288"   0  0  0  0  241896  269985  199827  100740  279829  324972  297122  243423  250116 

"Re-Fread report"
        "4"  "8"  "16"  "32"  "64"  "128"  "256"  "512"  "1024"  "2048"  "4096"  "8192"  "16384"
"64"   1562436  3203069  1599680  2467108  1638743 
"128"   2098744  3297617  3380677  2367096  5784891  1858934 
"256"   2187712  4132864  3245838  1894373  1924938  2458168  2441400 
"512"   2942541  1842059  4827914  5227492  2906696  3459188  6909408  6821616 
"1024"   1784509  2547723  1530742  1670020  1548960  2758833  775852  1815435  2115949 
"2048"   1673209  1945270  2985927  1877250  2629459  2255875  2473485  3011047  4321315  2070459 
"4096"   2446645  2074912  3298235  2963678  3485604  2477696  2545616  2519114  2423520  2252859  1884004 
"8192"   1788283  1985904  104351  2013721  2177588  2505302  2809278  156228  2277469  1081862  104244  1767766 
"16384"   235006  502174  2320678  2463787  2466705  2826705  2880497  2852874  2914706  1592689  1470444  1578567  928330 
"32768"   0  0  0  0  2290847  2274771  2854640  2426158  2895475  1570411  1204740  1592926  1519505 
"65536"   0  0  0  0  2489299  2271215  2666780  2545193  2718527  1834454  1697261  1489798  1288251 
"131072"   0  0  0  0  2318668  2282093  2407863  2246644  2320851  2499846  1538747  1445946  812235 
"262144"   0  0  0  0  2506947  2736800  2321296  2084296  2187704  1873407  1696175  1047888  1419151 
"524288"   0  0  0  0  242869  247227  207395  92853  319670  298448  291019  230776  239061 
