	Iozone: Performance Test of File I/O
	        Version $Revision: 3.414 $
		Compiled for 64 bit mode.
		Build: linux-AMD64 

	Contributors:William Norcott, Don Capps, Isom Crawford, Kirby Collins
	             Al Slater, Scott Rhine, Mike Wisner, Ken Goss
	             Steve Landherr, Brad Smith, Mark Kelly, Dr. Alain CYR,
	             Randy Dunlap, Mark Montague, Dan Million, Gavin Brebner,
	             Jean-Marc Zucconi, Jeff Blomberg, Benny Halevy, Dave Boone,
	             Erik Habbinga, Kris Strecker, Walter Wong, Joshua Root,
	             Fabrice Bacchella, Zhenghua Xue, Qin Li, Darren Sawyer,
	             Vangel Bojaxhi, Ben England.

	Run began: Fri Feb 22 12:04:10 2013

	Auto Mode
	Excel chart generation enabled
	Command line used: ./benchmarks/iozone3_414/src/current/iozone -a -R
	Output is in Kbytes/sec
	Time Resolution = 0.000001 seconds.
	Processor cache size set to 1024 Kbytes.
	Processor cache line size set to 32 bytes.
	File stride size set to 17 * record size.
                                                            random  random    bkwd   record   stride                                   
              KB  reclen   write rewrite    read    reread    read   write    read  rewrite     read   fwrite frewrite   fread  freread
              64       4  473593 1143223  2067979  2379626 2052169  969761 1492919  1562436  2052169  1492919  1484662 1690338  2662899
              64       8  681644 1526887  3541098  3363612 3203069 1933893 1947927  2278628  3203069   969761  1452528 2892445  3541098
              64      16  380864 1210227  4274062  4564786 4274062 2379626 1562436  2203800  3541098  1421755  2379626 2561267  3588436
              64      32  942521 2467108  4897948  3057153 4988978 1599680 1526887  2133730  4018152  1690338  3203069 3958892  4564786
              64      64  780776  566551  5860307  4564786 5735102 1780008 3363612  3022727  4564786  3363612  2772930 4564786  5283570
             128       4  531131 1206978  2905056  2920861 2098744 1421023 1802755  1455701  1391557  1185654   942199 1885042  2784517
             128       8  914904 1421023  4012317  4135958 3277486 2058509 2714132  2326073  3036502  1346196  1067750 2276751  2784517
             128      16  940549 2377579  4717434  4267461 4135958 2608629 3359523  2558895  3657016  1196221  1526043 3759450  4596273
             128      32 1162547 2727923  5847904  5325799 3759450 3036502 3297617  3124872  3867787  2248149  3053774 4934216  5325799
             128      64 1142750 3036502  6406138  6406138 6114306 3445772 1749872  2367096  2727923  1240443  4012317 3468030  5847904
             128     128 1133103 3124872  6727225  4012317 4104338  830034 1858934  1471662  3199360  2326073  1377278 2202044  6114306
             256       4  589706 1286217  2533571  3009318 2131261 1479379 1463250  1642294  1752173  1523457  1123389 2285501  2911402
             256       8  794889 2170027  2509882  4132864 3326279 2081678 2747508  2371308  3197509  1362952  1495866 2539563  2192179
             256      16  826078 2413957  4132864  4840911 4197489 2665657 3197509  2975955  4197489  2397785   690151 2563818  4819184
             256      32 1137672 2557711  5428265  5687020 5117791 3159869 2880164  3275543  4819184  2563818  2726577 4819184  3605511
             256      64 1437779 2187712  2242541  4422226 6073004 2097948 4907284  3717869  4652146  2435861  3236056 3950402  6249745
             256     128 1376935 3009318  5687020  6398720 6719046 3605511 2582316  3605511  5540300  1694118  4264168 3245838  2943325
             256     256  797250 1489641  6595234  6719046 1036624 1405778 2266207  2692393  2131261  2061693  3667079 1842366  1881098
             512       4  605982  971797  1954379  2800557 1869318 1383861 1224470  1657257  1954379  1556366  1475116 1968713  2285029
             512       8  697505 1406520  2609952  3527371 3304808 1778004 1895721  2474613  2256220  1546280  1251589 2287463  4195896
             512      16 1221684 1803387  3849877  4871723 3877684 2651850 3415178  2979282  3556580  2327124  1848401 3487274  4690818
             512      32 1108203 1809465  4030519  5566231 5331314 2073249 2402629  3481620  5177083  1992458  2725905 3768799  2427068
             512      64 1103080 1736314  3415178  6174377 5684095 2198475 4457157  3481620  5822804  2009236  1429934 4000485  2285029
             512     128 1242177 2063289  4331300  6551087 6736026 2327124 3710197  3762197  5019764  1368865  1889050 2613128  2347475
             512     256  587256 2497638  6319739  7022379 7115451 3970896 4827914  4237291  5822804  1492545  2584820 3913012  6821616
             512     512  958781 1895721  6931711  7211022 7211022 2891043 4375425  2405320  1821745  1931527  3459188 2681653  1570020
            1024       4  680357 1164956  1834824  1932227 1501313  771670 1492445  1582636  2004366  1172909  1161176 1995982  2179295
            1024       8  882683 1316341  2160657  1347311 1609925  947320 2306882  2316837  3083680  1965834  1354535 2090206  3518141
            1024      16 1104727 1612948  2944166  4904018 4232305 2625597 2354947  2966535  2461573  1638171  1759651 2491561  2353657
            1024      32 1067920 2791104  3447541  5444898 5277632 3170172 3618930  2859868  3541348  1473500  1338494 3458646  5572049
            1024      64  827737 1969440  4356809  6093831 6208343 2295784 2813041  4079544  6102490  2409105  2031864 2478620  5219904
            1024     128 1236742 1954207  4805258  6650556 6787181 2387677 2908281  4321737  6609617  2409105  1464956 3140041  6559147
            1024     256 1015885 1861867  3461434  6874084 7101400 3894582 2993413  4211554  5652717  2813041  2286009 3951918  5660167
            1024     512 1539522 1532928  4594502  7101400 7269678 2592318 2926114  3140041  4943530  1741104  3179559 2646630  3390391
            1024    1024 1170352 2060128  6393168  6519323 6874084 3142339 3083680  2565989  3923040  2443368  2188177 3229770  2011877
            2048       4  575431 1283074  1873565  2896324 2096227 1174321 1166982  1710867  2008023  1321974   936456 1790388  2705656
            2048       8  845232 1570427  2343259  4088876 3297725 1815744 1952344  2525852  1901771  1356204  1339288 2035623  1807339
            2048      16  983639 1629101  2322353  3230749 3946119 2509617 1820362  2467091  2102899  1586379  1503627 2984890  2576615
            2048      32 1079570 1777789  2705656  4971585 5319484 2976615 2560486  3215029  3580921  1464907  1218291 3075736  5159722
            2048      64  879322 1129688  2316716  3999400 6058611 3483621 1917479  3489282  2214011  1674841  1835140 2340705  3396834
            2048     128 1181103 1980705  2981782  4676561 5567735 3574960 2072957  4276140  6220958  2153510  2164908 2408974  3122697
            2048     256 1208351 2228370  3465352  2905140 6092991 2273187 2715922  4136128  6802261  2144906  2015562 2925920  5820505
            2048     512 1419400 1950570  4751580  3302797 3899542 1692662 2775597  4385291  6007763  2151353  2021729 2557437  3580921
            2048    1024 1276022 2109095  4394265  6303124 6623917 3984558 2828608  3160613  4994712  1505736  2359349 2694623  5225638
            2048    2048 1108835 1969352  5306340  5836323 6340344 3065856 2989045  3638560  2875960  3185225  2070958 1853353  1722532
            4096       4  673329 1238563  1748977  1629844 1319214  947237 1390316  1684828  1802183  1204353  1112988 1801994  1821289
            4096       8  838664 1524821  2170598  2131284 2898672 1531209 1830994  2203167  2195003  1410984  1355862 2066675  2067670
            4096      16 1025736 1704384  2435200  3483484 3894067 2547125 2162674  2944881  3175103  1671062  1557444 2171971  2370354
            4096      32 1144728 1856719  2684016  2628979 4516494 2033889 2437965  3713116  2545616  1767693  1507560 2637454  3969648
            4096      64 1111547 1903416  2828983  2707279 4371684 2138979 2494606  3717133  2553562  1731875  1863567 2772822  3849566
            4096     128 1135573 1727521  2834585  2888438 4952675 2067670 2763900  3248345  2191643  1559282  1916795 2752828  2645985
            4096     256 1154421 2019544  3152960  3165159 5184332 3459633 3240380  4612286  6872481  1779964  2042837 2936325  3988078
            4096     512 1330349 1936675  3202328  2846325 4984287 2422154 1986616  4091608  6836927  2394138  1998866 2942864  3953206
            4096    1024 1259077 2078175  2315718  3332786 4357270 2765680 2983234  4566920  6243125  2574609  1751831 2903080  3656998
            4096    2048  875014 1686316  3673419  4028288 2663212 1882352 2523554  3965067  3473623  1671225  2233238 1358542  1304885
            4096    4096  224155 1072280   963115  1064704 1028931  643132 1033574   627923   732748   347265   547307 1145721  1157064
            8192       4  526071  114558   418491  1112440 1121408  816265  974998  1616107  1096046  1005764   835153 1568736  1566091
            8192       8  768763 1289450  1961194  1335925 1738958 1195004 1442788  2339178  1495670  1351797   841927 1885845  2018216
            8192      16  907288 1331370  1983955  2052699 2016794 1386826 1936544  3006152  1917630  1316424  1276848 2096281  2058849
            8192      32  981095 1385204  1959404  2033264 2010304 1838913 2467520  3533932  2440182  1798392  1692864 2155728  2301264
            8192      64 1108492 1487833  2772331  2243856 2622919 1796887 2616328  4013610  3047749  1994087  1719551 2759196  2671870
            8192     128  912759 1871159  2628940  2596557 2681462 2004441 2586783  4059608  2802633  1919881  1248591 2205685  2833604
            8192     256 1162813 1437176  2088762  2091941 2389776 1391544 2055155  3783776  1677655  1342921   795110 2413613  2228575
            8192     512 1025792 1972452  3023079  3148282 3293747 2133375 2795109  3905045  6753351  1910062  1834299 2947611  2755434
            8192    1024 1101951 1840883  2727005  2963628 3312482 2226120 2942563  4327528  6301295  1988318  1420011 2414292  1883158
            8192    2048 1073916 1699899  2791929  2866463 2742459 1762145 2297264  3586684  3742154  1333333  1560330 2209372  2373761
            8192    4096  898744 1352915  1568164  1795291 1828150 1376768 1743369  1532630  1373136  1022982  1787911 1747803  1686631
            8192    8192  894416 1313053  1613223  1600002 1291486 1210753 1495670  1371766  1564878  1169780  1384758 1543646  1622517
           16384       4  616263 1026555  1745575  1778555 1376459  947321 1372637  1677811  1383414  1077398  1068486 1558589  1757764
           16384       8  838832 1415705  2039589  1963368 1807180 1288575 1801022  2499907  1888841  1433782  1320872 2173786  2164610
           16384      16  986331 1639034  2359401  2139207 2087164 1596093 1277603  2452707  1292404   955940  1533239 2381395  2360455
           16384      32 1043769 1757360  2269632  2610544 2417928 1547986 2397430  3633489  2529538  1589448  1682288 2113287  2629423
           16384      64 1044435 1790371  2752654  2262682 2297864 1602046 2516016  4106134  2719430  1769533  1121039 2719753  2601059
           16384     128 1169279 1874774  2779373  2821829 2928244 1974481 2325626  4454549  2782074  1820634  1653945 2795428  2828217
           16384     256 1075543 1669455  2727958  2953668 2913718 2055204 2837560  4304974  2803983  1811419  1816015 2839435  2885577
           16384     512 1200386 1968035  2948346  2981088 2900314 1952989 2921646  4476312  2781623  1888634  1860561 2845432  2867396
           16384    1024 1155593 1940087  1994192  2174680 1993151 1610230 2909031  4541092  6878271  1646298  1668077 2720183  2712560
           16384    2048 1034467 1302916  1936643  2448948 2465997 1838215 2296942  4075693  4202304  1095920   986034 2400948  2335267
           16384    4096  927278 1019216  1795704  1669455 1606916 1280698 1807370  1470853  1747439  1308947  1308922 1738333  1626542
           16384    8192  905898 1234944  1551376  1591767 1628122 1321838 1386261  1436419  1581000  1034670  1536976 1575997  1552813
           16384   16384  827190 1197666  1538835  1377149 1571168 1396288 1502005  1365084  1573687  1100483  1354937 1567370  1377370
           32768      64 1095770 1680145  2777677  2308741 2592365 1739077 2598197  3906979  2611825  1673130  1589444 2407290  2710998
           32768     128 1143373 1851732  2783302  2826054 2727677 1918605 2564168  4303061  2113378  1626192  1192727 2251628  2299663
           32768     256 1048977 1617941  2503678  2146618 2419878 1690208 2484084  4484463  2001359  1617998  1783281 2402493  2963016
           32768     512 1172679 1529499  2441891  1419269 1060487 1013951 2785898  4593117  2372426  1762471  1507670 2824370  2799688
           32768    1024 1098599 1896290  2516929  2345622 2730169 2014885 2682583  3853629  2796156  1459526  1481585 2785446  2561015
           32768    2048 1004848 1668519  2274620  2316915 2367971 1570788 1894773  1984368  3285277   886652  1006202 2393039  1579852
           32768    4096  853002 1076164  1224184  1410949 1151612 1055227 1202579   975617  1517676  1027989   937543 1174101  1448573
           32768    8192  713947 1001064  1171749  1194043 1123263 1097862 1120351  1079808  1166577   858206   947464 1319108  1238771
           32768   16384  757448 1005127  1174603  1253504 1232251 1020426 1200593  1131298  1191734   847636  1618093 1212413  1207863
           65536      64  895692 1494382  2753851  2672536 2591481 1422993 2590553  3944419  2531038  1439718  1479231 2412335  2637254
           65536     128 1040881 1660865  2587188  2672874 2602596 1676403 2730327  3834053  2739224  1560230  1508968 2299679  2468575
           65536     256  954222 1513496  2427975  2396811 2394702 1509589 2870373  4243986  2267374  1131688  1406558 2867828  2865854
           65536     512 1088475 1738360  2820452  2894706 2831288 1673331 2506916  4644007  2836430  1403585  1395426 2458683  2863347
           65536    1024  997065 1560708  2706535  2567013 2402951 1689904 2361984  4819899  2870853  1290180  1319031 2516924  2803080
           65536    2048  959280 1332064  2210628  2353672 1944224 1592103 2242550  3131804  2132707  1062051   945085 2665668  2583613
           65536    4096  877148 1265320  1706089  1632487 1694321 1221800 1627326  1539847  1735868   980754   974872 1622494  1746500
           65536    8192  819907 1231251  1564287  1544172 1483286 1189078 1493862  1337170  1558787  1008726  1057882 1504393  1554125
           65536   16384  797934  920072  1190154  1283032 1225291  994371 1021794  1070743  1205484  1092485  1237671 1127598  1237298
          131072      64   81827   87136  2736249  2499323 2641624   88457 2534315  4059581  2600279    89282    91108 2673080  2550777
          131072     128   90886   94410  2646201  2677506 2577675   95551 2493474  4455511  2696113    94959    96354 2695557  2688058
          131072     256   93868   94699  2725559  2616678 2498994   95995 2680456  4705652  2474874    88763    89990 2866972  2622958
          131072     512   93868   94784  2737966  2834233 2792739   95818 2904062  4848242  2693576    97185    95275 2164437  2672378
          131072    1024   93726   93006  2081897  2278801 2309968   94647 2200116  4019981  1985396    96617    97153 2475008  2328015
          131072    2048   94318   92904  1821029  1973911 1952453   94819 2370456  3883860  2478020    98311    79930 1750988  1781348
          131072    4096   90187   94791  1666265  1582059 1610398   89193 1559879  1507614  1671133   100616    98787 1722682  1672689
          131072    8192   90695   89957  1479401  1554401 1580858   85801 1493220  1370258  1552930    99741   111625 1569426  1524838
          131072   16384   42685   37867  1530373  1530032 1494052   40989 1486413  1365504  1514951    60333    55887 1235409  1219763
          262144      64   14185   13979  2666667  2632445 2560422   14214 2539294  3964778  2514308    14166    13923 2663224  2590177
          262144     128   13616   14344  2740053  2732033 2683785   14676 2618977  4506679  2612350    14569    14391 2444462  2608322
          262144     256   14518   14306  2261774  2201833 2545355   14567 2678496  4464753  2634748    14482    14313 2006002  2009411
          262144     512   14429   14297   500931  1418736 2449347   14962 2331826  4124604  2358895    14495    14335 2048381  2071759
          262144    1024   14555   14209  1839608  2145046 2314533   14469 2151434  3729891  2165527    14541    14382 2341784  2228493
          262144    2048   14526   14208  1783934  1870440 1910417   14519 2206096  3422734  2108671    14550    14463 2248619  2261672
          262144    4096   14541   14307  1350791  1438170 1407591   14770 1678741  1519420  1693544    14828    14653 1687483  1677174
          262144    8192   14607   14308  1560084  1496555 1537086   14519 1565654  1386088  1572991    15165    15019 1502083  1494277
          262144   16384   14306   14301  1486759  1512868 1538430   14762 1451010  1295164  1496914    15883    15804 1482103  1499343
          524288      64   11355   11220    75843   108841  233970   14798  206663  4120167   321282    13056    11007  224956   191833
          524288     128   12426   11219   112618    78590  302575   14389  287380  4466320   371201    12238    11012  269174   265772
          524288     256   11932   11009    92409   110452  432808   13848  305660  3846175   387232    12451    11273  245764   253760
          524288     512   12118   11184   107672   103957  435330   13817  409425  4276509   417916    12353    11282  272867   260406
          524288    1024   12043   11260    72183    71460  326087   15808  310599  4107906   463991    12422    11296  195020   207323
          524288    2048   12474   11250    79073    75429  368225   15341  301254  2255797   115165    13479    11305  205201   179950
          524288    4096   12574   11249    66056    63145  337898   16483  351036  1277006   541159    12293    11375  211687   164990
          524288    8192   12452   11255    74593    68676  319768   16036  346653   998666   296542    12906    11482  245982   229557
          524288   16384   12250   11218    78925    79629  278506   15480  330300  1147185  1263487    12283    11707  187310   167721

iozone test complete.
Excel output is below:

"Writer report"
        "4"  "8"  "16"  "32"  "64"  "128"  "256"  "512"  "1024"  "2048"  "4096"  "8192"  "16384"
"64"   473593  681644  380864  942521  780776 
"128"   531131  914904  940549  1162547  1142750  1133103 
"256"   589706  794889  826078  1137672  1437779  1376935  797250 
"512"   605982  697505  1221684  1108203  1103080  1242177  587256  958781 
"1024"   680357  882683  1104727  1067920  827737  1236742  1015885  1539522  1170352 
"2048"   575431  845232  983639  1079570  879322  1181103  1208351  1419400  1276022  1108835 
"4096"   673329  838664  1025736  1144728  1111547  1135573  1154421  1330349  1259077  875014  224155 
"8192"   526071  768763  907288  981095  1108492  912759  1162813  1025792  1101951  1073916  898744  894416 
"16384"   616263  838832  986331  1043769  1044435  1169279  1075543  1200386  1155593  1034467  927278  905898  827190 
"32768"   0  0  0  0  1095770  1143373  1048977  1172679  1098599  1004848  853002  713947  757448 
"65536"   0  0  0  0  895692  1040881  954222  1088475  997065  959280  877148  819907  797934 
"131072"   0  0  0  0  81827  90886  93868  93868  93726  94318  90187  90695  42685 
"262144"   0  0  0  0  14185  13616  14518  14429  14555  14526  14541  14607  14306 
"524288"   0  0  0  0  11355  12426  11932  12118  12043  12474  12574  12452  12250 

"Re-writer report"
        "4"  "8"  "16"  "32"  "64"  "128"  "256"  "512"  "1024"  "2048"  "4096"  "8192"  "16384"
"64"   1143223  1526887  1210227  2467108  566551 
"128"   1206978  1421023  2377579  2727923  3036502  3124872 
"256"   1286217  2170027  2413957  2557711  2187712  3009318  1489641 
"512"   971797  1406520  1803387  1809465  1736314  2063289  2497638  1895721 
"1024"   1164956  1316341  1612948  2791104  1969440  1954207  1861867  1532928  2060128 
"2048"   1283074  1570427  1629101  1777789  1129688  1980705  2228370  1950570  2109095  1969352 
"4096"   1238563  1524821  1704384  1856719  1903416  1727521  2019544  1936675  2078175  1686316  1072280 
"8192"   114558  1289450  1331370  1385204  1487833  1871159  1437176  1972452  1840883  1699899  1352915  1313053 
"16384"   1026555  1415705  1639034  1757360  1790371  1874774  1669455  1968035  1940087  1302916  1019216  1234944  1197666 
"32768"   0  0  0  0  1680145  1851732  1617941  1529499  1896290  1668519  1076164  1001064  1005127 
"65536"   0  0  0  0  1494382  1660865  1513496  1738360  1560708  1332064  1265320  1231251  920072 
"131072"   0  0  0  0  87136  94410  94699  94784  93006  92904  94791  89957  37867 
"262144"   0  0  0  0  13979  14344  14306  14297  14209  14208  14307  14308  14301 
"524288"   0  0  0  0  11220  11219  11009  11184  11260  11250  11249  11255  11218 

"Reader report"
        "4"  "8"  "16"  "32"  "64"  "128"  "256"  "512"  "1024"  "2048"  "4096"  "8192"  "16384"
"64"   2067979  3541098  4274062  4897948  5860307 
"128"   2905056  4012317  4717434  5847904  6406138  6727225 
"256"   2533571  2509882  4132864  5428265  2242541  5687020  6595234 
"512"   1954379  2609952  3849877  4030519  3415178  4331300  6319739  6931711 
"1024"   1834824  2160657  2944166  3447541  4356809  4805258  3461434  4594502  6393168 
"2048"   1873565  2343259  2322353  2705656  2316716  2981782  3465352  4751580  4394265  5306340 
"4096"   1748977  2170598  2435200  2684016  2828983  2834585  3152960  3202328  2315718  3673419  963115 
"8192"   418491  1961194  1983955  1959404  2772331  2628940  2088762  3023079  2727005  2791929  1568164  1613223 
"16384"   1745575  2039589  2359401  2269632  2752654  2779373  2727958  2948346  1994192  1936643  1795704  1551376  1538835 
"32768"   0  0  0  0  2777677  2783302  2503678  2441891  2516929  2274620  1224184  1171749  1174603 
"65536"   0  0  0  0  2753851  2587188  2427975  2820452  2706535  2210628  1706089  1564287  1190154 
"131072"   0  0  0  0  2736249  2646201  2725559  2737966  2081897  1821029  1666265  1479401  1530373 
"262144"   0  0  0  0  2666667  2740053  2261774  500931  1839608  1783934  1350791  1560084  1486759 
"524288"   0  0  0  0  75843  112618  92409  107672  72183  79073  66056  74593  78925 

"Re-Reader report"
        "4"  "8"  "16"  "32"  "64"  "128"  "256"  "512"  "1024"  "2048"  "4096"  "8192"  "16384"
"64"   2379626  3363612  4564786  3057153  4564786 
"128"   2920861  4135958  4267461  5325799  6406138  4012317 
"256"   3009318  4132864  4840911  5687020  4422226  6398720  6719046 
"512"   2800557  3527371  4871723  5566231  6174377  6551087  7022379  7211022 
"1024"   1932227  1347311  4904018  5444898  6093831  6650556  6874084  7101400  6519323 
"2048"   2896324  4088876  3230749  4971585  3999400  4676561  2905140  3302797  6303124  5836323 
"4096"   1629844  2131284  3483484  2628979  2707279  2888438  3165159  2846325  3332786  4028288  1064704 
"8192"   1112440  1335925  2052699  2033264  2243856  2596557  2091941  3148282  2963628  2866463  1795291  1600002 
"16384"   1778555  1963368  2139207  2610544  2262682  2821829  2953668  2981088  2174680  2448948  1669455  1591767  1377149 
"32768"   0  0  0  0  2308741  2826054  2146618  1419269  2345622  2316915  1410949  1194043  1253504 
"65536"   0  0  0  0  2672536  2672874  2396811  2894706  2567013  2353672  1632487  1544172  1283032 
"131072"   0  0  0  0  2499323  2677506  2616678  2834233  2278801  1973911  1582059  1554401  1530032 
"262144"   0  0  0  0  2632445  2732033  2201833  1418736  2145046  1870440  1438170  1496555  1512868 
"524288"   0  0  0  0  108841  78590  110452  103957  71460  75429  63145  68676  79629 

"Random read report"
        "4"  "8"  "16"  "32"  "64"  "128"  "256"  "512"  "1024"  "2048"  "4096"  "8192"  "16384"
"64"   2052169  3203069  4274062  4988978  5735102 
"128"   2098744  3277486  4135958  3759450  6114306  4104338 
"256"   2131261  3326279  4197489  5117791  6073004  6719046  1036624 
"512"   1869318  3304808  3877684  5331314  5684095  6736026  7115451  7211022 
"1024"   1501313  1609925  4232305  5277632  6208343  6787181  7101400  7269678  6874084 
"2048"   2096227  3297725  3946119  5319484  6058611  5567735  6092991  3899542  6623917  6340344 
"4096"   1319214  2898672  3894067  4516494  4371684  4952675  5184332  4984287  4357270  2663212  1028931 
"8192"   1121408  1738958  2016794  2010304  2622919  2681462  2389776  3293747  3312482  2742459  1828150  1291486 
"16384"   1376459  1807180  2087164  2417928  2297864  2928244  2913718  2900314  1993151  2465997  1606916  1628122  1571168 
"32768"   0  0  0  0  2592365  2727677  2419878  1060487  2730169  2367971  1151612  1123263  1232251 
"65536"   0  0  0  0  2591481  2602596  2394702  2831288  2402951  1944224  1694321  1483286  1225291 
"131072"   0  0  0  0  2641624  2577675  2498994  2792739  2309968  1952453  1610398  1580858  1494052 
"262144"   0  0  0  0  2560422  2683785  2545355  2449347  2314533  1910417  1407591  1537086  1538430 
"524288"   0  0  0  0  233970  302575  432808  435330  326087  368225  337898  319768  278506 

"Random write report"
        "4"  "8"  "16"  "32"  "64"  "128"  "256"  "512"  "1024"  "2048"  "4096"  "8192"  "16384"
"64"   969761  1933893  2379626  1599680  1780008 
"128"   1421023  2058509  2608629  3036502  3445772  830034 
"256"   1479379  2081678  2665657  3159869  2097948  3605511  1405778 
"512"   1383861  1778004  2651850  2073249  2198475  2327124  3970896  2891043 
"1024"   771670  947320  2625597  3170172  2295784  2387677  3894582  2592318  3142339 
"2048"   1174321  1815744  2509617  2976615  3483621  3574960  2273187  1692662  3984558  3065856 
"4096"   947237  1531209  2547125  2033889  2138979  2067670  3459633  2422154  2765680  1882352  643132 
"8192"   816265  1195004  1386826  1838913  1796887  2004441  1391544  2133375  2226120  1762145  1376768  1210753 
"16384"   947321  1288575  1596093  1547986  1602046  1974481  2055204  1952989  1610230  1838215  1280698  1321838  1396288 
"32768"   0  0  0  0  1739077  1918605  1690208  1013951  2014885  1570788  1055227  1097862  1020426 
"65536"   0  0  0  0  1422993  1676403  1509589  1673331  1689904  1592103  1221800  1189078  994371 
"131072"   0  0  0  0  88457  95551  95995  95818  94647  94819  89193  85801  40989 
"262144"   0  0  0  0  14214  14676  14567  14962  14469  14519  14770  14519  14762 
"524288"   0  0  0  0  14798  14389  13848  13817  15808  15341  16483  16036  15480 

"Backward read report"
        "4"  "8"  "16"  "32"  "64"  "128"  "256"  "512"  "1024"  "2048"  "4096"  "8192"  "16384"
"64"   1492919  1947927  1562436  1526887  3363612 
"128"   1802755  2714132  3359523  3297617  1749872  1858934 
"256"   1463250  2747508  3197509  2880164  4907284  2582316  2266207 
"512"   1224470  1895721  3415178  2402629  4457157  3710197  4827914  4375425 
"1024"   1492445  2306882  2354947  3618930  2813041  2908281  2993413  2926114  3083680 
"2048"   1166982  1952344  1820362  2560486  1917479  2072957  2715922  2775597  2828608  2989045 
"4096"   1390316  1830994  2162674  2437965  2494606  2763900  3240380  1986616  2983234  2523554  1033574 
"8192"   974998  1442788  1936544  2467520  2616328  2586783  2055155  2795109  2942563  2297264  1743369  1495670 
"16384"   1372637  1801022  1277603  2397430  2516016  2325626  2837560  2921646  2909031  2296942  1807370  1386261  1502005 
"32768"   0  0  0  0  2598197  2564168  2484084  2785898  2682583  1894773  1202579  1120351  1200593 
"65536"   0  0  0  0  2590553  2730327  2870373  2506916  2361984  2242550  1627326  1493862  1021794 
"131072"   0  0  0  0  2534315  2493474  2680456  2904062  2200116  2370456  1559879  1493220  1486413 
"262144"   0  0  0  0  2539294  2618977  2678496  2331826  2151434  2206096  1678741  1565654  1451010 
"524288"   0  0  0  0  206663  287380  305660  409425  310599  301254  351036  346653  330300 

"Record rewrite report"
        "4"  "8"  "16"  "32"  "64"  "128"  "256"  "512"  "1024"  "2048"  "4096"  "8192"  "16384"
"64"   1562436  2278628  2203800  2133730  3022727 
"128"   1455701  2326073  2558895  3124872  2367096  1471662 
"256"   1642294  2371308  2975955  3275543  3717869  3605511  2692393 
"512"   1657257  2474613  2979282  3481620  3481620  3762197  4237291  2405320 
"1024"   1582636  2316837  2966535  2859868  4079544  4321737  4211554  3140041  2565989 
"2048"   1710867  2525852  2467091  3215029  3489282  4276140  4136128  4385291  3160613  3638560 
"4096"   1684828  2203167  2944881  3713116  3717133  3248345  4612286  4091608  4566920  3965067  627923 
"8192"   1616107  2339178  3006152  3533932  4013610  4059608  3783776  3905045  4327528  3586684  1532630  1371766 
"16384"   1677811  2499907  2452707  3633489  4106134  4454549  4304974  4476312  4541092  4075693  1470853  1436419  1365084 
"32768"   0  0  0  0  3906979  4303061  4484463  4593117  3853629  1984368  975617  1079808  1131298 
"65536"   0  0  0  0  3944419  3834053  4243986  4644007  4819899  3131804  1539847  1337170  1070743 
"131072"   0  0  0  0  4059581  4455511  4705652  4848242  4019981  3883860  1507614  1370258  1365504 
"262144"   0  0  0  0  3964778  4506679  4464753  4124604  3729891  3422734  1519420  1386088  1295164 
"524288"   0  0  0  0  4120167  4466320  3846175  4276509  4107906  2255797  1277006  998666  1147185 

"Stride read report"
        "4"  "8"  "16"  "32"  "64"  "128"  "256"  "512"  "1024"  "2048"  "4096"  "8192"  "16384"
"64"   2052169  3203069  3541098  4018152  4564786 
"128"   1391557  3036502  3657016  3867787  2727923  3199360 
"256"   1752173  3197509  4197489  4819184  4652146  5540300  2131261 
"512"   1954379  2256220  3556580  5177083  5822804  5019764  5822804  1821745 
"1024"   2004366  3083680  2461573  3541348  6102490  6609617  5652717  4943530  3923040 
"2048"   2008023  1901771  2102899  3580921  2214011  6220958  6802261  6007763  4994712  2875960 
"4096"   1802183  2195003  3175103  2545616  2553562  2191643  6872481  6836927  6243125  3473623  732748 
"8192"   1096046  1495670  1917630  2440182  3047749  2802633  1677655  6753351  6301295  3742154  1373136  1564878 
"16384"   1383414  1888841  1292404  2529538  2719430  2782074  2803983  2781623  6878271  4202304  1747439  1581000  1573687 
"32768"   0  0  0  0  2611825  2113378  2001359  2372426  2796156  3285277  1517676  1166577  1191734 
"65536"   0  0  0  0  2531038  2739224  2267374  2836430  2870853  2132707  1735868  1558787  1205484 
"131072"   0  0  0  0  2600279  2696113  2474874  2693576  1985396  2478020  1671133  1552930  1514951 
"262144"   0  0  0  0  2514308  2612350  2634748  2358895  2165527  2108671  1693544  1572991  1496914 
"524288"   0  0  0  0  321282  371201  387232  417916  463991  115165  541159  296542  1263487 

"Fwrite report"
        "4"  "8"  "16"  "32"  "64"  "128"  "256"  "512"  "1024"  "2048"  "4096"  "8192"  "16384"
"64"   1492919  969761  1421755  1690338  3363612 
"128"   1185654  1346196  1196221  2248149  1240443  2326073 
"256"   1523457  1362952  2397785  2563818  2435861  1694118  2061693 
"512"   1556366  1546280  2327124  1992458  2009236  1368865  1492545  1931527 
"1024"   1172909  1965834  1638171  1473500  2409105  2409105  2813041  1741104  2443368 
"2048"   1321974  1356204  1586379  1464907  1674841  2153510  2144906  2151353  1505736  3185225 
"4096"   1204353  1410984  1671062  1767693  1731875  1559282  1779964  2394138  2574609  1671225  347265 
"8192"   1005764  1351797  1316424  1798392  1994087  1919881  1342921  1910062  1988318  1333333  1022982  1169780 
"16384"   1077398  1433782  955940  1589448  1769533  1820634  1811419  1888634  1646298  1095920  1308947  1034670  1100483 
"32768"   0  0  0  0  1673130  1626192  1617998  1762471  1459526  886652  1027989  858206  847636 
"65536"   0  0  0  0  1439718  1560230  1131688  1403585  1290180  1062051  980754  1008726  1092485 
"131072"   0  0  0  0  89282  94959  88763  97185  96617  98311  100616  99741  60333 
"262144"   0  0  0  0  14166  14569  14482  14495  14541  14550  14828  15165  15883 
"524288"   0  0  0  0  13056  12238  12451  12353  12422  13479  12293  12906  12283 

"Re-Fwrite report"
        "4"  "8"  "16"  "32"  "64"  "128"  "256"  "512"  "1024"  "2048"  "4096"  "8192"  "16384"
"64"   1484662  1452528  2379626  3203069  2772930 
"128"   942199  1067750  1526043  3053774  4012317  1377278 
"256"   1123389  1495866  690151  2726577  3236056  4264168  3667079 
"512"   1475116  1251589  1848401  2725905  1429934  1889050  2584820  3459188 
"1024"   1161176  1354535  1759651  1338494  2031864  1464956  2286009  3179559  2188177 
"2048"   936456  1339288  1503627  1218291  1835140  2164908  2015562  2021729  2359349  2070958 
"4096"   1112988  1355862  1557444  1507560  1863567  1916795  2042837  1998866  1751831  2233238  547307 
"8192"   835153  841927  1276848  1692864  1719551  1248591  795110  1834299  1420011  1560330  1787911  1384758 
"16384"   1068486  1320872  1533239  1682288  1121039  1653945  1816015  1860561  1668077  986034  1308922  1536976  1354937 
"32768"   0  0  0  0  1589444  1192727  1783281  1507670  1481585  1006202  937543  947464  1618093 
"65536"   0  0  0  0  1479231  1508968  1406558  1395426  1319031  945085  974872  1057882  1237671 
"131072"   0  0  0  0  91108  96354  89990  95275  97153  79930  98787  111625  55887 
"262144"   0  0  0  0  13923  14391  14313  14335  14382  14463  14653  15019  15804 
"524288"   0  0  0  0  11007  11012  11273  11282  11296  11305  11375  11482  11707 

"Fread report"
        "4"  "8"  "16"  "32"  "64"  "128"  "256"  "512"  "1024"  "2048"  "4096"  "8192"  "16384"
"64"   1690338  2892445  2561267  3958892  4564786 
"128"   1885042  2276751  3759450  4934216  3468030  2202044 
"256"   2285501  2539563  2563818  4819184  3950402  3245838  1842366 
"512"   1968713  2287463  3487274  3768799  4000485  2613128  3913012  2681653 
"1024"   1995982  2090206  2491561  3458646  2478620  3140041  3951918  2646630  3229770 
"2048"   1790388  2035623  2984890  3075736  2340705  2408974  2925920  2557437  2694623  1853353 
"4096"   1801994  2066675  2171971  2637454  2772822  2752828  2936325  2942864  2903080  1358542  1145721 
"8192"   1568736  1885845  2096281  2155728  2759196  2205685  2413613  2947611  2414292  2209372  1747803  1543646 
"16384"   1558589  2173786  2381395  2113287  2719753  2795428  2839435  2845432  2720183  2400948  1738333  1575997  1567370 
"32768"   0  0  0  0  2407290  2251628  2402493  2824370  2785446  2393039  1174101  1319108  1212413 
"65536"   0  0  0  0  2412335  2299679  2867828  2458683  2516924  2665668  1622494  1504393  1127598 
"131072"   0  0  0  0  2673080  2695557  2866972  2164437  2475008  1750988  1722682  1569426  1235409 
"262144"   0  0  0  0  2663224  2444462  2006002  2048381  2341784  2248619  1687483  1502083  1482103 
"524288"   0  0  0  0  224956  269174  245764  272867  195020  205201  211687  245982  187310 

"Re-Fread report"
        "4"  "8"  "16"  "32"  "64"  "128"  "256"  "512"  "1024"  "2048"  "4096"  "8192"  "16384"
"64"   2662899  3541098  3588436  4564786  5283570 
"128"   2784517  2784517  4596273  5325799  5847904  6114306 
"256"   2911402  2192179  4819184  3605511  6249745  2943325  1881098 
"512"   2285029  4195896  4690818  2427068  2285029  2347475  6821616  1570020 
"1024"   2179295  3518141  2353657  5572049  5219904  6559147  5660167  3390391  2011877 
"2048"   2705656  1807339  2576615  5159722  3396834  3122697  5820505  3580921  5225638  1722532 
"4096"   1821289  2067670  2370354  3969648  3849566  2645985  3988078  3953206  3656998  1304885  1157064 
"8192"   1566091  2018216  2058849  2301264  2671870  2833604  2228575  2755434  1883158  2373761  1686631  1622517 
"16384"   1757764  2164610  2360455  2629423  2601059  2828217  2885577  2867396  2712560  2335267  1626542  1552813  1377370 
"32768"   0  0  0  0  2710998  2299663  2963016  2799688  2561015  1579852  1448573  1238771  1207863 
"65536"   0  0  0  0  2637254  2468575  2865854  2863347  2803080  2583613  1746500  1554125  1237298 
"131072"   0  0  0  0  2550777  2688058  2622958  2672378  2328015  1781348  1672689  1524838  1219763 
"262144"   0  0  0  0  2590177  2608322  2009411  2071759  2228493  2261672  1677174  1494277  1499343 
"524288"   0  0  0  0  191833  265772  253760  260406  207323  179950  164990  229557  167721 
