	Iozone: Performance Test of File I/O
	        Version $Revision: 3.414 $
		Compiled for 64 bit mode.
		Build: linux-AMD64 

	Contributors:William Norcott, Don Capps, Isom Crawford, Kirby Collins
	             Al Slater, Scott Rhine, Mike Wisner, Ken Goss
	             Steve Landherr, Brad Smith, Mark Kelly, Dr. Alain CYR,
	             Randy Dunlap, Mark Montague, Dan Million, Gavin Brebner,
	             Jean-Marc Zucconi, Jeff Blomberg, Benny Halevy, Dave Boone,
	             Erik Habbinga, Kris Strecker, Walter Wong, Joshua Root,
	             Fabrice Bacchella, Zhenghua Xue, Qin Li, Darren Sawyer,
	             Vangel Bojaxhi, Ben England.

	Run began: Tue Feb 26 21:04:42 2013

	Auto Mode
	Excel chart generation enabled
	Command line used: ./benchmarks/iozone3_414/src/current/iozone -a -R
	Output is in Kbytes/sec
	Time Resolution = 0.000001 seconds.
	Processor cache size set to 1024 Kbytes.
	Processor cache line size set to 32 bytes.
	File stride size set to 17 * record size.
                                                            random  random    bkwd   record   stride                                   
              KB  reclen   write rewrite    read    reread    read   write    read  rewrite     read   fwrite frewrite   fread  freread
              64       4  566551  799377  2467108  2662899 2067979 1066042 1599680  1452528  1768283  1087638  1484662 2379626  2801873
              64       8  771797  877797  2772930  2358717 3203069 1279447 1599680  2203800  3057153  1879725  1947927 3363612   969761
              64      16  489126  866463  4018152  3057153 4018152 1562436 1638743  2203800  2467108  1105556  1421755 3022727  2067979
              64      32  821391 1638743  5283570  5283570 4897948 1828508 3203069  2067979  2467108  1526887  1083249 3057153  4274062
              64      64  939223 2467108  5860307  5860307 5860307 3022727 1599680  1879725  4564786  2052169  1255511 2561267  1879725
             128       4  499970 1504659  2770150  1487977 2098744 1040839 1663139  1504659  1377278   571257  1185654 1939522  1391557
             128       8  706589 1196221  3867787  4012317 3359523 1492113 2098744  2202044  3277486  1093856  1185654 3124872  2409592
             128      16  776042 1319723  4596273  3445772 4012317 1543594 1471662  2132084  3218540  1663139  2326073 1455701  2969325
             128      32  766076 1332828  3657016  2843510 4934216 1827299 3445772  2727923  2511022  1603529  1206978 2098744  2326073
             128      64  448961 1266785  1911894  6406138 5784891 2175277 2464907  1663139  4717434  1406136  1231904 3359523  3657016
             128     128  615109 1152564  6114306  5122535 2066432 1878447 2202044  2238774  3468030  1732927  1065630 1755594  3277486
             256       4  596919 1089202  2392442  2205688 2135500 1128110 1673001  1610276  1007446   937924  1057034 1356067  2435861
             256       8  891956 1871263  2170027  2557711 2539563  873809 1871263  2305128  2228578  1175022  1108314 2205688  2310087
             256      16  833776 1195962  1137672  2081678 3605511 1543163 1662639  2783115  4117018  1829808  1479379 3994490  3605511
             256      32 1084800 1004618  3017775  4070199 5217259 2266207 3465855  3465855  2192179  1985448  1588832 2480886  2045979
             256      64 1103757 1652404  4332998  5569035 2588541 1894373 3756894  2345409  4332998  2131261  1347557 3994490  4350555
             256     128 1061213 1718521  5971678  6554972 6554972 2266207 3511189  2783115  3123106  1540948  3245838 2842047  4477549
             256     256 1132871 2030503  7120034  6936061 7120034 2187712 1570244  3043436  1662639  1938842  3410808 2632974  4652146
             512       4  642419 1180062  2587935  2655129 2099600 1422357 1705969  1604029  1931527  1014013  1085242 2474613  2572435
             512       8  713021 1248678  2381315  2584820 3325278 1484293 2532990  2438090  2314583  1060063  1684557 2438090  4163357
             512      16  882718 1302447  2381315  4784885 4228947 1483267 3104171  2572435  3284589  1604029  1422357 1961520  3580298
             512      32 1084694 1640796  5067142  5495016 5278892 2695115 2169601  3556580  4838792  1446306  1450212 2402629  4927617
             512      64 1410215 2039772  4163357  3437042 6174377 1640796 2668325  3768799  5699180  2124526  1589779 2958758  5951911
             512     128 1322500 1999881  3993047  3556580 4650188 2132967 4000485  4271001  6395018  3220553  1506154 2826358  4742616
             512     256 1279935 1635797  4195896  5807059 6736026 1182010 2665014  3086326  6652558  1523247  4784885 2668325  6821616
             512     512 1299295 2014892  4457157  7022379 6472112 2651850 2216629  2350044  5624545  1867692  2287463 2307123  6319739
            1024       4  683606 1256277  1834824  2852271 2129589 1211964 1589665  1641301  1848247  1289855  1114185 1865101  2653170
            1024       8  816563 1652033  2659742  2708381 1917562 1238168 2321847  2491561  1510288   962391  1302766 2688041  4211554
            1024      16  791289 1924436  3606774  2326879 3191372 1799462 1808555  2993413  2043465   851195  1861867 1852232  2835325
            1024      32 1189476 2414523  3366474  4762630 5390231 3210456 1641301  2409105  2024203  1548960   898189 3281592  4949226
            1024      64 1414304 2128533  4321737  2365323 5169641 2146618 2480051  3894582  5507740  1882266  1738286 3311958  3425544
            1024     128  876558 1947119  4356809  1759651 4762630 2004366 3556008  3941039  5310258  2043465  1841906 3112733  3821805
            1024     256 1178380 2015654  4634161  3671521 4741598 2782064 2908281  3778101  6208343  2146618  2057168 2767722  2540189
            1024     512 1195102 2150918  4470172  5950309 7160597 3643490 3447541  3541348  3955557  1841906  1351126 2966535  6025439
            1024    1024 1333093 1831694  7257394  7066349 7257394 2432298 2260740  1651398  2236023  2835325  2844715 2592318  2146618
            2048       4  639236 1281543  1273562  1844994 1954565 1169525 1478778  1677130  2013672  1451540  1259557 1984365  2677822
            2048       8  675478 1040094  1430033   883119 1122162  802812 1651654  2128958  1586379  1357275  1220368 2089598  2734075
            2048      16  629354 1237599  1735759  1569280 2039974 1501525 1978424  2884652  2295665  1325442  1365474 2013672  2013672
            2048      32  947300 1447382  2550602  2072457 3683812 1766819 2060526  3612546  1850160  1207501  1057248 2252916  2036105
            2048      64  624005 1379066  1403858  1574169 2131071 1673209 2176427  3260177  4178378  1176251  1759221 2748949  2155672
            2048     128  911031 1868674  2035623  2288326 4728042 2592166 1504945  3799501  5197183  1796754  1836709 2202092  3277593
            2048     256 1089981 1570714  2994254  2537792 5738844 3696494 2406275  4138120  2420514   632691  1153196 2905140  4130162
            2048     512  990787 1689666  3736694  5738844 7036283 3967993 1793004  3792790  4365235  2083516  1729816 1982533  1440344
            2048    1024 1094565 1921339  1860176  3704465 5119743 3465352 2169281  3698085  3251539  1522550  2223755 2104960  2077469
            2048    2048 1095262 1143524  4948672  5222461 4772701 3413030 1723915  2763987   393315    40361  1486197 2435613  1462911
            4096       4  129370 1015670  1470777  1588110 1235979  867985 1190994    80892   902171   930059  1115517 1560982   977305
            4096       8  830474 1414935  1874548  1937548 2637454 1831775 1736251  2134461  1793342  1194472  1225225 1437188  2105942
            4096      16  815456 1403721  1975877  2071909 2199781 1731875 2131020  2533229  1972021  1279139  1407055 2104652  2133401
            4096      32 1047884 1496008  2544108  2047951 2905044 1627373 2506617  1277617  2195003  1975877  1526040 2336505  2684436
            4096      64 1085286 1598156  2442471  2420789 3810292 2200909 2652521  4015108  2208264  1741531  1842581 1923018  2173070
            4096     128 1047309 1636520  2395139  2618960 5062125 2332381 1967279  3799338  1891055  1714419  1764063 1923018  2780451
            4096     256 1130268 1390316  2584291  2469150 4071246 2529871 2223699  3117487  5620203  1504260  1932970 2465960  2000030
            4096     512  763183 1743652  1946770  2015752 2086504 2099508 2758575  2418063  5953231  1553360  1361665 2868663  2117884
            4096    1024  986736 1789419  1773899  2329851 2153727 2229760 2577699  2587405  4008550  1713735  2095155 2412291  2229760
            4096    2048 1062531 1620313  1745956  2358315 3084464 2218817 2163764  1715275  3230023  1316182  2288267 2297140  1862759
            4096    4096  692462 1423257  1392683  1492240 1722326 1409016 1497051  1260278  1624757  1144119  1258800 1835102  1460152
            8192       4  578497 1069736  1477914  1436215 1312000 1016626 1342292  1544757  1306562  1121262   902498 1565163  1498213
            8192       8  685798  943021  1612617  2036759 1530650  936441 1694701  2290831  1435915  1269066  1133692 1930343  1806049
            8192      16  800855 1319153  1073781  1631221 2172905 1423718 1708096  2749921  1955056  1299300  1545035 1921276  2303733
            8192      32 1039194 1783920  2618921  2711724 2933018 1945315 2209799  3443271  2665031  1600002  1526366 1809663  1928393
            8192      64  976383 1724556  2392605  1321284  871857 1079618 2259794  3004049  2238885  1493784  1321284 1901605  1957506
            8192     128  970619 1630215  1643314  2206251 2327926 1773240 1717745  3805147  2009834  1539842  1488349 2369015  2272348
            8192     256 1011597 1693949  2176346  2002922 2087620 1637128 2034347  4152331  2347970  1270098  1674875 2580953  2122175
            8192     512 1003444 1915386  2571296  2208662 2168928 1915813 2581729  3745826  4481623  1725336  1902026 2937280  2633171
            8192    1024 1153638 1653595  2516679  2676241 3019626 1916668 2726139  4332439  5414558  1886259  1463124 2767642  2982148
            8192    2048  969797 1437236  3034024  3063783 2642689 1833516 2378691  3596445  5295233  1376823  1318141 2530022  2295269
            8192    4096  971882 1421244  1560685  1557995 1730898 1435435 1751546  1520961  1718519  1162970  1471269 1212933  1737112
            8192    8192  962759 1363546  1599108  1584872 1550613 1304677 1411436  1321690  1568736  1382863  1532972 1543646  1446798
           16384       4  658151 1142947  1700648  1523078 1255659  947151 1326635  1530950  1367176  1086391  1128754 1748951  1777589
           16384       8  816952 1445666  2102682  2271507 1786322 1336491 1834093  2104292  1822275  1408307  1382357 1872220  2026238
           16384      16  907693 1610834  2325626  2396009 2150453 1311220 1911114  2766172  1815775  1331597  1533068 2278663  2327989
           16384      32 1038861 1756641  1778923  2265815 2302715 1597800 1966402  3480030  2335903  1610985  1656777 2220065  2284723
           16384      64 1057518 1701701  2385529  2483913 2166931 1629280 2683221  4228160  2656358  1785533  1644328 2237923  2642568
           16384     128 1155185 1480965  2788282  2935248 2776566 1964041 2754529  4457150  2247511  1348582  1392836 2460082  2513256
           16384     256 1191829 1686789  2329884  2030009 2262309 1782430 2761059  4595758  2943547  1820441  1752117 2645926  2187208
           16384     512 1189828 1935061  2241938  2639624 2910139 2042134 2776454  4431854  2805929  1762091  1572211 2231528  2793610
           16384    1024 1178200 1603579  2195945  2833581 2761059 2000461 2518691  3780405  6603955  1198711  1334182 1838018  1502268
           16384    2048  769166 1675765  2671019  2620599 2598108 1821261 2455687  3223269  5316044  1246684  1111681 2194752  2117063
           16384    4096  911437 1197207  1724981  1623123 1789252 1432168 1679205  1541597  1638878  1315034  1057030 1715422  1692522
           16384    8192  772616 1294034  1547429  1547254 1584829 1402959 1508236  1326968  1558872  1040781  1344940 1370120  1530200
           16384   16384  833622 1062933  1559509  1584354 1596241 1122412 1322881  1399502  1536667  1236433  1236633 1257888  1065140
           32768      64  927564 1631868  2201107  2709448 2395834 1851084 1981136  3656769  1740112  1326966  1272302 2679758  2363532
           32768     128 1144496 1883530  2365729  2700504 2590753 1662504 2608899  4452790  2742317  1658052  1278754 1327235  2008701
           32768     256  931973 1405208  2388008  2430878 2493730 1576897 1965806  3565600  2399012  1348077  1715867 2679497  2304831
           32768     512 1114284 1892895  2522148  2840715 2810968 2010317 2734080  3927634  2836553  1582544  1634158 2824080  2629011
           32768    1024 1067853 1838825  2467848  2805746 2777172 1793731 2564838  3738532  2410287  1281902  1602509 2647904  2249306
           32768    2048 1051706 1670202  2288253  2183102 2630470 1757940 2226856  3163238  5527671  1143734  1108639 2454713  2574688
           32768    4096  894227 1323796  1608793  1552249 1532363 1334205 1517592  1612361  1588819  1052206  1033944 1706048  1736418
           32768    8192  892351 1204666  1422781  1390592 1163969 1308670 1504979  1370131  1588672  1075987  1078783 1542458  1550848
           32768   16384  873649 1261569  1410168  1527798 1449719 1307264 1512132  1229154  1343281  1116075  1540936 1447932  1547913
           65536      64 1027082 1363828  2043978  2268628 2151116 1419143 2187233  3915371  2472216  1297280  1483951 2760932  2502033
           65536     128 1005229 1645307  2530642  2632279 2346599 1576181 2714714  4054198  2754541  1450521  1352460 1887394  1376434
           65536     256  685021 1292473  2765348  2303147 2604445 1701358 2539362  4259440  2601167  1422625  1328767 2577411  2473062
           65536     512  921927 1682519  2822044  2811250 2797716 1774449 2600921  4589038  2865974  1471329  1421822 2642578  2830180
           65536    1024  999771 1613788  2378560  2130624 2748069 1777628 2506368  4153124  2655522  1135039  1201169 2130426  2782142
           65536    2048  874277 1454774  2089932  2249542 2357831 1417146 1775756  2454797  2474754  1036372   927654 2549443  2322667
           65536    4096  821561 1193451  1616255  1574511 1717763 1304824 1705909  1493935  1807446   977260   950290 1697470  1642790
           65536    8192  853610 1203046  1511440  1493189 1500951 1182724 1054465  1087355  1246522   823451   851160 1417760  1529139
           65536   16384  761656 1187440  1348367  1435837 1167533  982240 1262003  1063016   968566   839722  1089346 1318449  1208680
          131072      64   77377   84208  2407642  2168732 2203290   84695 2024713  3398887  1943933    86902    86915 2332292  2291271
          131072     128   86921   87956  2326774  2339866 2236263   88980 2324511  4328383  2423980    85887    85880 2290469  2307767
          131072     256   79669   87233  2619870  2505817 2372809   90511 2389340  4270684  2476279    88235    86972 2272555  2239707
          131072     512   84259   80367  2303107  2469416 2259897   88109 2406672  4207632  2352210    87684    91817 2340194  2111304
          131072    1024   89535   90678  1827270  2188398 1843285   90572 2022032  4525528  2385722    87499    80921 1805818  1721145
          131072    2048   78599   83888  1775388  1854258 1780142   85528 1937412  2814399  2042321    88756    91019 2228630  1735363
          131072    4096   85298   85447  1680219  1606098 1485032   85149 1578760  1538674  1650532    99733    94384 1590135  1675084
          131072    8192   90916   91938  1589506  1622599 1579010   90646 1467460  1098077  1146093    98823   102067 1499988  1466982
          131072   16384   91139   92466  1487966  1437240 1516949   88174 1441094  1281966  1445687    91038    81053 1485775  1493460
          262144      64   14422   13772  2689431  2586953 2491083   14089 2271944  3885683  2265195    14055    13805 2550439  2638168
          262144     128   14042   13721  2754047  2322880 1745672   14393 1793677  4493381  2669081    13967    13821 2482635  2726180
          262144     256   14009   13718  2347233  2491247 2615084   14192 2737992  4624424  2729665    14106    13806 2255062  2250879
          262144     512   14054   13754  2200912  2274548 2298926   14231 2212093  3710670  2415230    14165    14004 1998186  1937688
          262144    1024   14203   13872  1826352  2004543 2212836   14085 1779926  3955094  2438591    14455    14057 1816321  1721424
          262144    2048   14398   13850  1757610  1915542 1942871   14443 1826686  2330541  1635567    14349    14393 2165229  1952466
          262144    4096   14488   14201  1529321  1679138 1666459   14534 1663447  1523038  1658751    14822    14546 1644826  1671249
          262144    8192   14494   14153  1508300  1538125 1511813   14517 1521607  1420803  1540854    14823    14808 1156607  1294845
          262144   16384   14538   14132  1491674  1483261 1475023   14580 1379275  1323384  1482153    15734    15314 1233311  1208427
          524288      64   11237   11003    83362    85049  228181   15030  204842  3952392   242739    13238    11276  218971   219773
          524288     128   12198   11269   112471   108979  329776   13698  292269  4426876   347208    12270    11015  244864   240667
          524288     256   12176   11232   106532   103008  430603   13737  345275  4239066   407395    12075    11012  265429   268740
          524288     512   12012   11143   113175   108934  427439   13601  399620  4428552   446051    11968    11270  291050   277470
          524288    1024   12018   11257    59745   102740  482333   15421  325663  3896111   445725    12066    11274  272395   283494
          524288    2048   11982   11215    92797    86434  275310   14642  369896  3718851   487719    11934    11319  210767   273501
          524288    4096   12251   11261    70853    79903  344200   15621  302891  1536316   402711    12549    11372  189583   166001
          524288    8192   12728   11244    72489    73478  272468   16071  336448  1269742   257546    12666    11482  265676   273669
          524288   16384   12108   11259    87718    86886  304859   14815  351892  1329701  1319181    12300    11711  255069   228497

iozone test complete.
Excel output is below:

"Writer report"
        "4"  "8"  "16"  "32"  "64"  "128"  "256"  "512"  "1024"  "2048"  "4096"  "8192"  "16384"
"64"   566551  771797  489126  821391  939223 
"128"   499970  706589  776042  766076  448961  615109 
"256"   596919  891956  833776  1084800  1103757  1061213  1132871 
"512"   642419  713021  882718  1084694  1410215  1322500  1279935  1299295 
"1024"   683606  816563  791289  1189476  1414304  876558  1178380  1195102  1333093 
"2048"   639236  675478  629354  947300  624005  911031  1089981  990787  1094565  1095262 
"4096"   129370  830474  815456  1047884  1085286  1047309  1130268  763183  986736  1062531  692462 
"8192"   578497  685798  800855  1039194  976383  970619  1011597  1003444  1153638  969797  971882  962759 
"16384"   658151  816952  907693  1038861  1057518  1155185  1191829  1189828  1178200  769166  911437  772616  833622 
"32768"   0  0  0  0  927564  1144496  931973  1114284  1067853  1051706  894227  892351  873649 
"65536"   0  0  0  0  1027082  1005229  685021  921927  999771  874277  821561  853610  761656 
"131072"   0  0  0  0  77377  86921  79669  84259  89535  78599  85298  90916  91139 
"262144"   0  0  0  0  14422  14042  14009  14054  14203  14398  14488  14494  14538 
"524288"   0  0  0  0  11237  12198  12176  12012  12018  11982  12251  12728  12108 

"Re-writer report"
        "4"  "8"  "16"  "32"  "64"  "128"  "256"  "512"  "1024"  "2048"  "4096"  "8192"  "16384"
"64"   799377  877797  866463  1638743  2467108 
"128"   1504659  1196221  1319723  1332828  1266785  1152564 
"256"   1089202  1871263  1195962  1004618  1652404  1718521  2030503 
"512"   1180062  1248678  1302447  1640796  2039772  1999881  1635797  2014892 
"1024"   1256277  1652033  1924436  2414523  2128533  1947119  2015654  2150918  1831694 
"2048"   1281543  1040094  1237599  1447382  1379066  1868674  1570714  1689666  1921339  1143524 
"4096"   1015670  1414935  1403721  1496008  1598156  1636520  1390316  1743652  1789419  1620313  1423257 
"8192"   1069736  943021  1319153  1783920  1724556  1630215  1693949  1915386  1653595  1437236  1421244  1363546 
"16384"   1142947  1445666  1610834  1756641  1701701  1480965  1686789  1935061  1603579  1675765  1197207  1294034  1062933 
"32768"   0  0  0  0  1631868  1883530  1405208  1892895  1838825  1670202  1323796  1204666  1261569 
"65536"   0  0  0  0  1363828  1645307  1292473  1682519  1613788  1454774  1193451  1203046  1187440 
"131072"   0  0  0  0  84208  87956  87233  80367  90678  83888  85447  91938  92466 
"262144"   0  0  0  0  13772  13721  13718  13754  13872  13850  14201  14153  14132 
"524288"   0  0  0  0  11003  11269  11232  11143  11257  11215  11261  11244  11259 

"Reader report"
        "4"  "8"  "16"  "32"  "64"  "128"  "256"  "512"  "1024"  "2048"  "4096"  "8192"  "16384"
"64"   2467108  2772930  4018152  5283570  5860307 
"128"   2770150  3867787  4596273  3657016  1911894  6114306 
"256"   2392442  2170027  1137672  3017775  4332998  5971678  7120034 
"512"   2587935  2381315  2381315  5067142  4163357  3993047  4195896  4457157 
"1024"   1834824  2659742  3606774  3366474  4321737  4356809  4634161  4470172  7257394 
"2048"   1273562  1430033  1735759  2550602  1403858  2035623  2994254  3736694  1860176  4948672 
"4096"   1470777  1874548  1975877  2544108  2442471  2395139  2584291  1946770  1773899  1745956  1392683 
"8192"   1477914  1612617  1073781  2618921  2392605  1643314  2176346  2571296  2516679  3034024  1560685  1599108 
"16384"   1700648  2102682  2325626  1778923  2385529  2788282  2329884  2241938  2195945  2671019  1724981  1547429  1559509 
"32768"   0  0  0  0  2201107  2365729  2388008  2522148  2467848  2288253  1608793  1422781  1410168 
"65536"   0  0  0  0  2043978  2530642  2765348  2822044  2378560  2089932  1616255  1511440  1348367 
"131072"   0  0  0  0  2407642  2326774  2619870  2303107  1827270  1775388  1680219  1589506  1487966 
"262144"   0  0  0  0  2689431  2754047  2347233  2200912  1826352  1757610  1529321  1508300  1491674 
"524288"   0  0  0  0  83362  112471  106532  113175  59745  92797  70853  72489  87718 

"Re-Reader report"
        "4"  "8"  "16"  "32"  "64"  "128"  "256"  "512"  "1024"  "2048"  "4096"  "8192"  "16384"
"64"   2662899  2358717  3057153  5283570  5860307 
"128"   1487977  4012317  3445772  2843510  6406138  5122535 
"256"   2205688  2557711  2081678  4070199  5569035  6554972  6936061 
"512"   2655129  2584820  4784885  5495016  3437042  3556580  5807059  7022379 
"1024"   2852271  2708381  2326879  4762630  2365323  1759651  3671521  5950309  7066349 
"2048"   1844994  883119  1569280  2072457  1574169  2288326  2537792  5738844  3704465  5222461 
"4096"   1588110  1937548  2071909  2047951  2420789  2618960  2469150  2015752  2329851  2358315  1492240 
"8192"   1436215  2036759  1631221  2711724  1321284  2206251  2002922  2208662  2676241  3063783  1557995  1584872 
"16384"   1523078  2271507  2396009  2265815  2483913  2935248  2030009  2639624  2833581  2620599  1623123  1547254  1584354 
"32768"   0  0  0  0  2709448  2700504  2430878  2840715  2805746  2183102  1552249  1390592  1527798 
"65536"   0  0  0  0  2268628  2632279  2303147  2811250  2130624  2249542  1574511  1493189  1435837 
"131072"   0  0  0  0  2168732  2339866  2505817  2469416  2188398  1854258  1606098  1622599  1437240 
"262144"   0  0  0  0  2586953  2322880  2491247  2274548  2004543  1915542  1679138  1538125  1483261 
"524288"   0  0  0  0  85049  108979  103008  108934  102740  86434  79903  73478  86886 

"Random read report"
        "4"  "8"  "16"  "32"  "64"  "128"  "256"  "512"  "1024"  "2048"  "4096"  "8192"  "16384"
"64"   2067979  3203069  4018152  4897948  5860307 
"128"   2098744  3359523  4012317  4934216  5784891  2066432 
"256"   2135500  2539563  3605511  5217259  2588541  6554972  7120034 
"512"   2099600  3325278  4228947  5278892  6174377  4650188  6736026  6472112 
"1024"   2129589  1917562  3191372  5390231  5169641  4762630  4741598  7160597  7257394 
"2048"   1954565  1122162  2039974  3683812  2131071  4728042  5738844  7036283  5119743  4772701 
"4096"   1235979  2637454  2199781  2905044  3810292  5062125  4071246  2086504  2153727  3084464  1722326 
"8192"   1312000  1530650  2172905  2933018  871857  2327926  2087620  2168928  3019626  2642689  1730898  1550613 
"16384"   1255659  1786322  2150453  2302715  2166931  2776566  2262309  2910139  2761059  2598108  1789252  1584829  1596241 
"32768"   0  0  0  0  2395834  2590753  2493730  2810968  2777172  2630470  1532363  1163969  1449719 
"65536"   0  0  0  0  2151116  2346599  2604445  2797716  2748069  2357831  1717763  1500951  1167533 
"131072"   0  0  0  0  2203290  2236263  2372809  2259897  1843285  1780142  1485032  1579010  1516949 
"262144"   0  0  0  0  2491083  1745672  2615084  2298926  2212836  1942871  1666459  1511813  1475023 
"524288"   0  0  0  0  228181  329776  430603  427439  482333  275310  344200  272468  304859 

"Random write report"
        "4"  "8"  "16"  "32"  "64"  "128"  "256"  "512"  "1024"  "2048"  "4096"  "8192"  "16384"
"64"   1066042  1279447  1562436  1828508  3022727 
"128"   1040839  1492113  1543594  1827299  2175277  1878447 
"256"   1128110  873809  1543163  2266207  1894373  2266207  2187712 
"512"   1422357  1484293  1483267  2695115  1640796  2132967  1182010  2651850 
"1024"   1211964  1238168  1799462  3210456  2146618  2004366  2782064  3643490  2432298 
"2048"   1169525  802812  1501525  1766819  1673209  2592166  3696494  3967993  3465352  3413030 
"4096"   867985  1831775  1731875  1627373  2200909  2332381  2529871  2099508  2229760  2218817  1409016 
"8192"   1016626  936441  1423718  1945315  1079618  1773240  1637128  1915813  1916668  1833516  1435435  1304677 
"16384"   947151  1336491  1311220  1597800  1629280  1964041  1782430  2042134  2000461  1821261  1432168  1402959  1122412 
"32768"   0  0  0  0  1851084  1662504  1576897  2010317  1793731  1757940  1334205  1308670  1307264 
"65536"   0  0  0  0  1419143  1576181  1701358  1774449  1777628  1417146  1304824  1182724  982240 
"131072"   0  0  0  0  84695  88980  90511  88109  90572  85528  85149  90646  88174 
"262144"   0  0  0  0  14089  14393  14192  14231  14085  14443  14534  14517  14580 
"524288"   0  0  0  0  15030  13698  13737  13601  15421  14642  15621  16071  14815 

"Backward read report"
        "4"  "8"  "16"  "32"  "64"  "128"  "256"  "512"  "1024"  "2048"  "4096"  "8192"  "16384"
"64"   1599680  1599680  1638743  3203069  1599680 
"128"   1663139  2098744  1471662  3445772  2464907  2202044 
"256"   1673001  1871263  1662639  3465855  3756894  3511189  1570244 
"512"   1705969  2532990  3104171  2169601  2668325  4000485  2665014  2216629 
"1024"   1589665  2321847  1808555  1641301  2480051  3556008  2908281  3447541  2260740 
"2048"   1478778  1651654  1978424  2060526  2176427  1504945  2406275  1793004  2169281  1723915 
"4096"   1190994  1736251  2131020  2506617  2652521  1967279  2223699  2758575  2577699  2163764  1497051 
"8192"   1342292  1694701  1708096  2209799  2259794  1717745  2034347  2581729  2726139  2378691  1751546  1411436 
"16384"   1326635  1834093  1911114  1966402  2683221  2754529  2761059  2776454  2518691  2455687  1679205  1508236  1322881 
"32768"   0  0  0  0  1981136  2608899  1965806  2734080  2564838  2226856  1517592  1504979  1512132 
"65536"   0  0  0  0  2187233  2714714  2539362  2600921  2506368  1775756  1705909  1054465  1262003 
"131072"   0  0  0  0  2024713  2324511  2389340  2406672  2022032  1937412  1578760  1467460  1441094 
"262144"   0  0  0  0  2271944  1793677  2737992  2212093  1779926  1826686  1663447  1521607  1379275 
"524288"   0  0  0  0  204842  292269  345275  399620  325663  369896  302891  336448  351892 

"Record rewrite report"
        "4"  "8"  "16"  "32"  "64"  "128"  "256"  "512"  "1024"  "2048"  "4096"  "8192"  "16384"
"64"   1452528  2203800  2203800  2067979  1879725 
"128"   1504659  2202044  2132084  2727923  1663139  2238774 
"256"   1610276  2305128  2783115  3465855  2345409  2783115  3043436 
"512"   1604029  2438090  2572435  3556580  3768799  4271001  3086326  2350044 
"1024"   1641301  2491561  2993413  2409105  3894582  3941039  3778101  3541348  1651398 
"2048"   1677130  2128958  2884652  3612546  3260177  3799501  4138120  3792790  3698085  2763987 
"4096"   80892  2134461  2533229  1277617  4015108  3799338  3117487  2418063  2587405  1715275  1260278 
"8192"   1544757  2290831  2749921  3443271  3004049  3805147  4152331  3745826  4332439  3596445  1520961  1321690 
"16384"   1530950  2104292  2766172  3480030  4228160  4457150  4595758  4431854  3780405  3223269  1541597  1326968  1399502 
"32768"   0  0  0  0  3656769  4452790  3565600  3927634  3738532  3163238  1612361  1370131  1229154 
"65536"   0  0  0  0  3915371  4054198  4259440  4589038  4153124  2454797  1493935  1087355  1063016 
"131072"   0  0  0  0  3398887  4328383  4270684  4207632  4525528  2814399  1538674  1098077  1281966 
"262144"   0  0  0  0  3885683  4493381  4624424  3710670  3955094  2330541  1523038  1420803  1323384 
"524288"   0  0  0  0  3952392  4426876  4239066  4428552  3896111  3718851  1536316  1269742  1329701 

"Stride read report"
        "4"  "8"  "16"  "32"  "64"  "128"  "256"  "512"  "1024"  "2048"  "4096"  "8192"  "16384"
"64"   1768283  3057153  2467108  2467108  4564786 
"128"   1377278  3277486  3218540  2511022  4717434  3468030 
"256"   1007446  2228578  4117018  2192179  4332998  3123106  1662639 
"512"   1931527  2314583  3284589  4838792  5699180  6395018  6652558  5624545 
"1024"   1848247  1510288  2043465  2024203  5507740  5310258  6208343  3955557  2236023 
"2048"   2013672  1586379  2295665  1850160  4178378  5197183  2420514  4365235  3251539  393315 
"4096"   902171  1793342  1972021  2195003  2208264  1891055  5620203  5953231  4008550  3230023  1624757 
"8192"   1306562  1435915  1955056  2665031  2238885  2009834  2347970  4481623  5414558  5295233  1718519  1568736 
"16384"   1367176  1822275  1815775  2335903  2656358  2247511  2943547  2805929  6603955  5316044  1638878  1558872  1536667 
"32768"   0  0  0  0  1740112  2742317  2399012  2836553  2410287  5527671  1588819  1588672  1343281 
"65536"   0  0  0  0  2472216  2754541  2601167  2865974  2655522  2474754  1807446  1246522  968566 
"131072"   0  0  0  0  1943933  2423980  2476279  2352210  2385722  2042321  1650532  1146093  1445687 
"262144"   0  0  0  0  2265195  2669081  2729665  2415230  2438591  1635567  1658751  1540854  1482153 
"524288"   0  0  0  0  242739  347208  407395  446051  445725  487719  402711  257546  1319181 

"Fwrite report"
        "4"  "8"  "16"  "32"  "64"  "128"  "256"  "512"  "1024"  "2048"  "4096"  "8192"  "16384"
"64"   1087638  1879725  1105556  1526887  2052169 
"128"   571257  1093856  1663139  1603529  1406136  1732927 
"256"   937924  1175022  1829808  1985448  2131261  1540948  1938842 
"512"   1014013  1060063  1604029  1446306  2124526  3220553  1523247  1867692 
"1024"   1289855  962391  851195  1548960  1882266  2043465  2146618  1841906  2835325 
"2048"   1451540  1357275  1325442  1207501  1176251  1796754  632691  2083516  1522550  40361 
"4096"   930059  1194472  1279139  1975877  1741531  1714419  1504260  1553360  1713735  1316182  1144119 
"8192"   1121262  1269066  1299300  1600002  1493784  1539842  1270098  1725336  1886259  1376823  1162970  1382863 
"16384"   1086391  1408307  1331597  1610985  1785533  1348582  1820441  1762091  1198711  1246684  1315034  1040781  1236433 
"32768"   0  0  0  0  1326966  1658052  1348077  1582544  1281902  1143734  1052206  1075987  1116075 
"65536"   0  0  0  0  1297280  1450521  1422625  1471329  1135039  1036372  977260  823451  839722 
"131072"   0  0  0  0  86902  85887  88235  87684  87499  88756  99733  98823  91038 
"262144"   0  0  0  0  14055  13967  14106  14165  14455  14349  14822  14823  15734 
"524288"   0  0  0  0  13238  12270  12075  11968  12066  11934  12549  12666  12300 

"Re-Fwrite report"
        "4"  "8"  "16"  "32"  "64"  "128"  "256"  "512"  "1024"  "2048"  "4096"  "8192"  "16384"
"64"   1484662  1947927  1421755  1083249  1255511 
"128"   1185654  1185654  2326073  1206978  1231904  1065630 
"256"   1057034  1108314  1479379  1588832  1347557  3245838  3410808 
"512"   1085242  1684557  1422357  1450212  1589779  1506154  4784885  2287463 
"1024"   1114185  1302766  1861867  898189  1738286  1841906  2057168  1351126  2844715 
"2048"   1259557  1220368  1365474  1057248  1759221  1836709  1153196  1729816  2223755  1486197 
"4096"   1115517  1225225  1407055  1526040  1842581  1764063  1932970  1361665  2095155  2288267  1258800 
"8192"   902498  1133692  1545035  1526366  1321284  1488349  1674875  1902026  1463124  1318141  1471269  1532972 
"16384"   1128754  1382357  1533068  1656777  1644328  1392836  1752117  1572211  1334182  1111681  1057030  1344940  1236633 
"32768"   0  0  0  0  1272302  1278754  1715867  1634158  1602509  1108639  1033944  1078783  1540936 
"65536"   0  0  0  0  1483951  1352460  1328767  1421822  1201169  927654  950290  851160  1089346 
"131072"   0  0  0  0  86915  85880  86972  91817  80921  91019  94384  102067  81053 
"262144"   0  0  0  0  13805  13821  13806  14004  14057  14393  14546  14808  15314 
"524288"   0  0  0  0  11276  11015  11012  11270  11274  11319  11372  11482  11711 

"Fread report"
        "4"  "8"  "16"  "32"  "64"  "128"  "256"  "512"  "1024"  "2048"  "4096"  "8192"  "16384"
"64"   2379626  3363612  3022727  3057153  2561267 
"128"   1939522  3124872  1455701  2098744  3359523  1755594 
"256"   1356067  2205688  3994490  2480886  3994490  2842047  2632974 
"512"   2474613  2438090  1961520  2402629  2958758  2826358  2668325  2307123 
"1024"   1865101  2688041  1852232  3281592  3311958  3112733  2767722  2966535  2592318 
"2048"   1984365  2089598  2013672  2252916  2748949  2202092  2905140  1982533  2104960  2435613 
"4096"   1560982  1437188  2104652  2336505  1923018  1923018  2465960  2868663  2412291  2297140  1835102 
"8192"   1565163  1930343  1921276  1809663  1901605  2369015  2580953  2937280  2767642  2530022  1212933  1543646 
"16384"   1748951  1872220  2278663  2220065  2237923  2460082  2645926  2231528  1838018  2194752  1715422  1370120  1257888 
"32768"   0  0  0  0  2679758  1327235  2679497  2824080  2647904  2454713  1706048  1542458  1447932 
"65536"   0  0  0  0  2760932  1887394  2577411  2642578  2130426  2549443  1697470  1417760  1318449 
"131072"   0  0  0  0  2332292  2290469  2272555  2340194  1805818  2228630  1590135  1499988  1485775 
"262144"   0  0  0  0  2550439  2482635  2255062  1998186  1816321  2165229  1644826  1156607  1233311 
"524288"   0  0  0  0  218971  244864  265429  291050  272395  210767  189583  265676  255069 

"Re-Fread report"
        "4"  "8"  "16"  "32"  "64"  "128"  "256"  "512"  "1024"  "2048"  "4096"  "8192"  "16384"
"64"   2801873  969761  2067979  4274062  1879725 
"128"   1391557  2409592  2969325  2326073  3657016  3277486 
"256"   2435861  2310087  3605511  2045979  4350555  4477549  4652146 
"512"   2572435  4163357  3580298  4927617  5951911  4742616  6821616  6319739 
"1024"   2653170  4211554  2835325  4949226  3425544  3821805  2540189  6025439  2146618 
"2048"   2677822  2734075  2013672  2036105  2155672  3277593  4130162  1440344  2077469  1462911 
"4096"   977305  2105942  2133401  2684436  2173070  2780451  2000030  2117884  2229760  1862759  1460152 
"8192"   1498213  1806049  2303733  1928393  1957506  2272348  2122175  2633171  2982148  2295269  1737112  1446798 
"16384"   1777589  2026238  2327989  2284723  2642568  2513256  2187208  2793610  1502268  2117063  1692522  1530200  1065140 
"32768"   0  0  0  0  2363532  2008701  2304831  2629011  2249306  2574688  1736418  1550848  1547913 
"65536"   0  0  0  0  2502033  1376434  2473062  2830180  2782142  2322667  1642790  1529139  1208680 
"131072"   0  0  0  0  2291271  2307767  2239707  2111304  1721145  1735363  1675084  1466982  1493460 
"262144"   0  0  0  0  2638168  2726180  2250879  1937688  1721424  1952466  1671249  1294845  1208427 
"524288"   0  0  0  0  219773  240667  268740  277470  283494  273501  166001  273669  228497 
