	Iozone: Performance Test of File I/O
	        Version $Revision: 3.414 $
		Compiled for 64 bit mode.
		Build: linux-AMD64 

	Contributors:William Norcott, Don Capps, Isom Crawford, Kirby Collins
	             Al Slater, Scott Rhine, Mike Wisner, Ken Goss
	             Steve Landherr, Brad Smith, Mark Kelly, Dr. Alain CYR,
	             Randy Dunlap, Mark Montague, Dan Million, Gavin Brebner,
	             Jean-Marc Zucconi, Jeff Blomberg, Benny Halevy, Dave Boone,
	             Erik Habbinga, Kris Strecker, Walter Wong, Joshua Root,
	             Fabrice Bacchella, Zhenghua Xue, Qin Li, Darren Sawyer,
	             Vangel Bojaxhi, Ben England.

	Run began: Sat Feb 23 03:03:31 2013

	Auto Mode
	Excel chart generation enabled
	Command line used: ./benchmarks/iozone3_414/src/current/iozone -a -R
	Output is in Kbytes/sec
	Time Resolution = 0.000001 seconds.
	Processor cache size set to 1024 Kbytes.
	Processor cache line size set to 32 bytes.
	File stride size set to 17 * record size.
                                                            random  random    bkwd   record   stride                                   
              KB  reclen   write rewrite    read    reread    read   write    read  rewrite     read   fwrite frewrite   fread  freread
              64       4  474430  710511  2133730  1734015 2067979 1033216 1553394  1492919  2052169   889431   752329 1638743  2662899
              64       8  688639 1363961  3363612  3958892 3203069 1304314 2278628  2203800  2892445  1553394  1879725 3363612  3541098
              64      16  901377 2133730  3022727  2379626 3791156 1255511 2278628  2278628  3363612  1648808  2278628 3057153  1933893
              64      32  725882 2278628  4274062  4564786 4988978 2561267 3203069  3057153  2133730  1562436  3203069 2052169  4988978
              64      64  901377 1188789  1083249  5860307 5735102 1526887 1933893  1562436  2772930  3057153  2923952 4643754  5860307
             128       4  414314  962469  2660335  2905056 2098744 1105114 1852520  1584598  1967960  1471662  1526043 2727923  2784517
             128       8  426492 1017175  3560017  4012317 3199360 1487977 2558895  2248149  2985839  1155043  2035099 2166499  4012317
             128      16  927549 1319723  4717434  2326073 3536566 1521718 1705404  2464907  3199360  1377278  1377278 2175277  2511022
             128      32  799146 1579934  3867787  4934216 4759253 1939522 2464907  2420455  3053774  1939522  2098744 4889281  2969325
             128      64  969421 2969325  1802755   836500 5122535  983630 3199360  2409592  2843510  1406136  2140585 3982553  4557257
             128     128 1007629 1561553  6406138  5847904 6406138 2132084 2098744  2248149  3657016  3560017  3359523 5122535  6406138
             256       4  643419 1639786  2081678  2045979 2081678 1089202 1881098  1588832  2034350  1099237  1040643 1304976  2880164
             256       8  739590 2114473  3511189  3935921 3285566 2097948 1881098  2371308  3078337  1479379  1439707 2812272  3236056
             256      16  933846 1445521  3511189  4652146 4181144 1778290 2975955  2754556  3935921  1523457  1707589 2613746  3605511
             256      32  941213 1230218  2266207  1967260 4929815 2285501 1970871  3043436  3994490  1729594   917880 2435861  5320671
             256      64 1347557 2639446  3667079  4422226 5810112 2034350 2223962  1652404  4070199  1543163  1481420 4652146  3009318
             256     128 1158540 2065659  5687020  4652146 6554972 1967260 3368013  3935921  6073004  1897721  4652146 6107548  2077650
             256     256 1122215 2030503  7120034  6936061 6719046 2285501 5242734  2223962  5455847  1286217  2783115 3275543  6398720
             512       4  649020 1255246  1380303  1827947 1387437  839252 1369738  1635797  2073249  1421416  1187895 1933266  2922519
             512       8  631277 1458090  3220553  2875558 3259661 1451192 1677976  2438090  1766304   957072  1399189 3325278  2474613
             512      16  846197 1764853  3580298  3653390 4195896 1677976 2039772  2891043  2613128  1550747  1625889 3736016  4882800
             512      32  620694 1776533  3884698  2416145 5227492 1509330 3877684  3459188  4447925  1789859  1212715 4030519  5453155
             512      64 1358474 2427068  4305250  6571132 6156675 3487274 2413429  3556580  4340054  1711407  1145443 3762197  2958758
             512     128 1103647 1990612  5214798  5227492 6736026 2099600 2695115  4099771  4237291  1889050  1442420 2712134  3684733
             512     256 1086890 1875849  4660280  5639315 6909408 1585086 3140488  3304808  5019764  1803387  1152822 3788747  6319739
             512     512 1071167 1089094  6909408  6338392 4532414 3259661  500484  2402629  2214344  1640796  1809465 2668325  1531941
            1024       4  653842 1074599  2115949  1186518 1139005  595381 1460472  1667426  1558516  1136593  1028043 2245375  1759651
            1024       8  837257  902151  2236023  4014717 3003881 1602118 2056183  2480051  1765437   999804  1818510 3281592  2245375
            1024      16  962391 1715375  3458646  4715569 4162573 1762539 2375790  2985091  4048778  1868347  1673273 2535690  4810640
            1024      32  968686 1961346  2869422  5623115 4550690 2281152 3414650  3606774  2672984  1383774  1687075 2640123  4014717
            1024      64  902909 1957770  5529011  4228138 6199382 2222141 2837198  2942149  5720477  1787480  1575668 3066069  3390391
            1024     128  919140 1896395  2805690  3643490 5821271 2746483 3579719  4114719  5593820  1893052  1947119 3591693  3066069
            1024     256 1286378 2043465  4374559  6479979 7113161 3955557 2659742  4162573  6479979  2579861  1400469 3764854  5417427
            1024     512  638390 2069060  3646583  6364746 7160597 2767722 3191372  2178189  3553066  1602715  2455943 3447541  5845038
            1024    1024 1356245 2060128  7269678  7369466 7420395 2426801 2701567  2321847  2000631  2715230  2448941 1542286  3804877
            2048       4  693530 1226291  1382840  2080992 2031771 1203273 1577638  1667687  1383731   999898  1334295 1752044  2797290
            2048       8  932188 1543340  2031771  2142232 3292669 1515833 1791882  2565840  3240499  1830057  1238848 2412357  3908414
            2048      16 1019842 1544450  2759547  4441984 4178378 2007554 2392202  2972495  2164908  1350872  1526066 2695468  4293237
            2048      32 1301938 1763917  2683678  2709070 4623699 1728424 2868277  3669648  4502520  2683678  1648801 2656292  2432165
            2048      64 1171598 1943069  2602375  4762117 6058611 3493539 3266376  4079167  4284671  1848567  1718053 1856558  4215286
            2048     128 1107548 1771556  2585923  3436240 4196751 2482062 1670606  4267642  5719737  1761024   929666 2602375  2400894
            2048     256 1073365 2036105  2934917  3016334 6317030 2479196 2832339  4581773  3637020  1344739  1651654 1747411  2367804
            2048     512 1087635 1564421  3543986  5461535 6266340 2738433 3184044  4453499  2828608  2247611  2362594 2790021  2779189
            2048    1024 1001998 2023634  3669648  2994254 4864597 3362265 2705656  3929871  3743207  1659632  2361944 3025897  2140097
            2048    2048 1089981 1537539  3669648  2370418 2370418 2202092 2528082  2670330  1677457  2052157  1439137 2503765  2131071
            4096       4   96208 1205790  1528892  1530118 1639018 1134598 1358542   154374  1425738  1051026  1186552 1319112  1735725
            4096       8  100700 1170306  1920223  2078175 2721431 1735549 1757206  2426601   157054  1200482  1415868 2169502  3243439
            4096      16  957693 1487846  2265336  2281885 3175103   80054 2046000  2966237  2861973  1885037  1486815 2331115  2321978
            4096      32 1128338 1826906  2703445  2811391 2779102   81549 2415003  3335375  2301140    54744  1493277 2109303  2336505
            4096      64  892377 1924741  2541097  3860813 3867766 1799729 2775061  4223375  4423462  1527261  1486172 2714551  3537277
            4096     128 1099314 1997936  2818772  4196552 5312585 3007255 2199781  4196552  3757786  1676607  1700168 2512850  3096138
            4096     256 1142217 2015752  2840208  3531460 5325760 3308398 2549015  4149921  6542703  2043809  1987305 2720138  3923414
            4096     512   53611 1627219  3038100  2640698 4686519 2552044 3279348  4708354  6049663  1748977  1146027 2754594  3439547
            4096    1024   53654 1808444  2961635  2213956 3543844 2716268 2710696  4545172  4911613  2153727  2181070 2756804  2571526
            4096    2048 1177041 1394605  3577793  4011358 2942864 2099508 2568066  3991785  3596518  1637768  2307631 2652931  2426601
            4096    4096   77728 1453973    81014  1575440 2074912 1752724 1943906  1585179  2007977  1530118  1570543 2042837  1643722
            8192       4  649795  955238  1788190  1877190   91429   70581 1311550  1630215   150829   121759   188616 1642999  1666427
            8192       8   98674 1431667  2117859   127846 1696458   71721 1865977  2113040  1829416  1116852  1391769 2060330  2110185
            8192      16  176761 1572973  2119034  2002922  107357 1377264 2105401  2762968  2068641   195906  1490479 2117859  2301110
            8192      32 1021188 1796887  1688787  2486087 2214641  106702 2373105  3488721    73611   125924  1629597 2588342  2674574
            8192      64 1111972 1845035  2417179   160002 3029476 1902869 2295269  3858994  2749921   200513  1795760 2008307  2419392
            8192     128 1138878 1872383  2717085   209890 3044239 2152487 2408031  4354953  2778833  1675201  1755662 2135630  2749041
            8192     256 1151048 1737112  2972602  2706385 3288703  157256 2187430  4188268  2785366   154890  1726376 2162648  2822895
            8192     512  253355 1921599  2095130  2736997 2970290  157145 2745307  4481623  6770651  1712352  1691530 2524631  2849348
            8192    1024  109216 1615423  2974661  2972345 2525187  127385 2967211  4481039  6461262  1821656  1103012 1792949  2187430
            8192    2048   49913 1472593  2725275  2890577 2451849 1703861 2249880  3936361  4454317  1226703  1452486 2662347  2087620
            8192    4096  184554  152349   200107  1472088   81294 1509800 1682502    80821  1771686  1195919  1735269 1878422  1300086
            8192    8192  876148 1294551  1632229    72453 1493005 1336392 1544479    71936  1648280  1369852   123252  198036  1561891
           16384       4   67229 1189580  1736883  1771814  104788  132109 1355178   154226   134057   250030   148101  175177   279724
           16384       8  107879  149949  2084505   175765  139712  136241 1805992  2373827  1791584   273431   270215 1992226   293699
           16384      16  212393 1582967  2310534  2136081  156676  151976  357183   143608   287706   273431   120506 2142876   204446
           16384      32  107925  127139   231287    32195   76690  182533 1129162   162571  1702038   230270   167630 2126102   293857
           16384      64  160448 1642364   508299   291608  141520  137529 2544901   255154  2301095   172064   236763 2716205  2107584
           16384     128  165109 1496934  2605991  2813166  160930 1949057 2761059  4230243   303171   363959   135622 2745286   207203
           16384     256  254090 1848152  2912236  2783539  143607 2024507 2543300  2626408   303498   273870  1763810 2734798  2295944
           16384     512  148736  352577  1981884   209828 2885941  126038 2819398  4584108   296221   200048   114418 2729367  2798274
           16384    1024  111483  237366   158001   204133 2571662  156385 2747152   162063  6679702  1585012  1124892 2870391  2662740
           16384    2048  130363  152747  2771303  2481671  175980  136947 2458586   159627  5300463   268563  1372308  946343  1609928
           16384    4096  100761 1363513  1748551   155525  153890  137366  172947   136813   199936   327281    85098 1697833   171513
           16384    8192  141026  122340   153403   154039  137943   75339  199095   150718   198262   147601   124165   85802   350415
           16384   16384   69933  150914   138251   138926  138117  135800  125449   147290  1495175   170423   151937  173487   136342
           32768      64  127293  217908   340616   683888  270175  139975  194463  3981106   446453   283653   232326  667319   387740
           32768     128  121505  613619   385210   336811  272503  290447  439260   315449   913241   359835   121018 2813154   390285
           32768     256  120926  415130  2448285   303475  304024  263431  547565   284293   384818   200202   174745  418680   290692
           32768     512  107089  254583   237782   188809  269104  257472  340036   279326   387439   279647   137476 2761936   334309
           32768    1024  133607  230007   444789   438256  158158  261585  194717   281098   455814   276458   228877 2450512   295558
           32768    2048  106362  145796  2488086   381533  298256  152439 2395333   303491  5482469   100415   155539  122746   206918
           32768    4096  104112  143471   226756   152444  143669  135549  174467   137487   255180   139661    94529  172899   181239
           32768    8192   74650  106844    99838   100044  143446   97399  193706   140544   207127   133084    97928  112261    92198
           32768   16384   70151   90867   135116   143046  134214   88681  103537    96757   184816    95132   144871  143867   253635
           65536      64  110430  173603   418241   284697  283876  193252  405865   575982   230214   130495   159953  281904   280270
           65536     128  106085  185720   387947   285324  272240  187390  454833   282503   271827   156394   197407  420320   300788
           65536     256   99155  233559   386636   318383  273573  187681  321336   531921   322158   147357   104680  258446   364046
           65536     512  105424  199545   285853   272589  550773  149017  202697   534298   451714   177171   160372  338535   255588
           65536    1024  104221 1689198  2625415  2912310 2874786 1715865 2794133  4761125  2816695  1372366  1282984 2514806  2619785
           65536    2048  903758 1384602  2244601  2356477 2157143 1163845 1903286  2641512  1826421   812738   776638 2532997  2582400
           65536    4096  861011 1287039  1497696  1710856 1604697 1230468 1575504  1473411  1783777   968764   954262 1688119  1643703
           65536    8192  745887 1195558  1517213  1562313 1501672 1223464 1499510  1301327  1562278   984633  1028823 1519990  1502050
           65536   16384  839945 1203310  1511091  1464946 1309249 1188795 1268578  1236062  1090215  1059750  1132784 1539632  1506058
          131072      64   80520   86492  2652099  2624122 2570937   86970 2372512  4100213  2416553    88325    89523 2677349  2539360
          131072     128   89282   91529  2705693  2637682 2696615   93534 1897477  3686548  2067965    92956    91347 2150021  2256048
          131072     256   92262   92993  2262678  2378198 2355930   93752 2240501  4044320  2302615    91050    93472 2407199  2232684
          131072     512   91138   94770  2152041  2254966 2233601   93905 2535285  4392045  2406851    93418    90729 2235117  2344126
          131072    1024   92538   54787  1802473  1854809 2007691   94205 2207900  3178425  1626203    91350    96557 2049921  2250277
          131072    2048   93519   94049  1909551  1775973 1934759   91066 1887555  3377089  1959014    92986    94210 2391731  2372594
          131072    4096   90605   93171  1693918  1518638 1670153   91175 1612121  1539200  1353925    96100    98352 1625453  1657379
          131072    8192   90933   90874  1535104  1534191 1555030   90833 1371691  1065763  1462891   107909   108962 1495300  1475372
          131072   16384   92102   90853  1512662  1453224 1556099   92669 1258359  1169596  1500192   134069   134681 1499971  1496150
          262144      64   46426   14253  2162278  1893513 2029402   14743 2198826  3977371  2507788    14596    14371 2659526  2688984
          262144     128   14517   14179  2601071  2774395 2694321   14195 2689760  4510320  2681181    14486    14309 2713089  2158042
          262144     256   14369   14182  2301847  2318261 2125654   14598 2751766  4494998  2666427    14492    14327 2724370  2796438
          262144     512   14524   14188  2357262  2236821 2565943   14472 2159662  3592637  2243096    14543    14358 1862717  2257970
          262144    1024   14565   14248  2093001  1961610 1910241   14224 1987714  3432864  2252789    14624    14389 1726902  1930567
          262144    2048   14601   14309  1473769  1712240 1767016   14632 1912790  2787223  1681748    14726    14484 1894596  1919666
          262144    4096   14629   14313  1160226  1263509 1289716   14398 1588635  1407416  1621636    14985    14644 1292808  1532260
          262144    8192   14361   14440  1409664  1232877 1253695   14463 1423163  1322923  1352497    14825    14443 1421281  1477183
          262144   16384   14708   14397  1304485  1260877 1203450   14910 1439560  1259999  1335180    15942    15871 1517581  1514435
          524288      64   11351   11222    88836    84806  238717   14828  207845  4145715   307718    13207    11026  212142   219470
          524288     128   12365   11214   108479   109412  341040   13598  290861  4326122   352849    12505    11037  250368   256470
          524288     256   12106   11017    85256   105249  408832   14189  183387  4378119   394094    12801    11201  260961   264598
          524288     512   11931   11171   102267   103203  453314   13862  332959  4109841   311598    12422    11203  294265   303559
          524288    1024   11977   11176   106085   105896  460665   13625  414770  4720465   469267    11930    11279  281569   272381
          524288    2048   11954   11193    90070   102396  424367   14009  373558  3509991   515934    11939    11317  291501   291192
          524288    4096   11995   11255    98727   103696  429562   13700  321706  1523773   479326    12067    11308  272395   207746
          524288    8192   12143   11163   107446    98236  431618   13865  471233  1374579   393695    12003    11482  309148   289747
          524288   16384   11991   11252   103281   105010  344969   13874  410466  1309145  1468870    12019    11567  290020   240656

iozone test complete.
Excel output is below:

"Writer report"
        "4"  "8"  "16"  "32"  "64"  "128"  "256"  "512"  "1024"  "2048"  "4096"  "8192"  "16384"
"64"   474430  688639  901377  725882  901377 
"128"   414314  426492  927549  799146  969421  1007629 
"256"   643419  739590  933846  941213  1347557  1158540  1122215 
"512"   649020  631277  846197  620694  1358474  1103647  1086890  1071167 
"1024"   653842  837257  962391  968686  902909  919140  1286378  638390  1356245 
"2048"   693530  932188  1019842  1301938  1171598  1107548  1073365  1087635  1001998  1089981 
"4096"   96208  100700  957693  1128338  892377  1099314  1142217  53611  53654  1177041  77728 
"8192"   649795  98674  176761  1021188  1111972  1138878  1151048  253355  109216  49913  184554  876148 
"16384"   67229  107879  212393  107925  160448  165109  254090  148736  111483  130363  100761  141026  69933 
"32768"   0  0  0  0  127293  121505  120926  107089  133607  106362  104112  74650  70151 
"65536"   0  0  0  0  110430  106085  99155  105424  104221  903758  861011  745887  839945 
"131072"   0  0  0  0  80520  89282  92262  91138  92538  93519  90605  90933  92102 
"262144"   0  0  0  0  46426  14517  14369  14524  14565  14601  14629  14361  14708 
"524288"   0  0  0  0  11351  12365  12106  11931  11977  11954  11995  12143  11991 

"Re-writer report"
        "4"  "8"  "16"  "32"  "64"  "128"  "256"  "512"  "1024"  "2048"  "4096"  "8192"  "16384"
"64"   710511  1363961  2133730  2278628  1188789 
"128"   962469  1017175  1319723  1579934  2969325  1561553 
"256"   1639786  2114473  1445521  1230218  2639446  2065659  2030503 
"512"   1255246  1458090  1764853  1776533  2427068  1990612  1875849  1089094 
"1024"   1074599  902151  1715375  1961346  1957770  1896395  2043465  2069060  2060128 
"2048"   1226291  1543340  1544450  1763917  1943069  1771556  2036105  1564421  2023634  1537539 
"4096"   1205790  1170306  1487846  1826906  1924741  1997936  2015752  1627219  1808444  1394605  1453973 
"8192"   955238  1431667  1572973  1796887  1845035  1872383  1737112  1921599  1615423  1472593  152349  1294551 
"16384"   1189580  149949  1582967  127139  1642364  1496934  1848152  352577  237366  152747  1363513  122340  150914 
"32768"   0  0  0  0  217908  613619  415130  254583  230007  145796  143471  106844  90867 
"65536"   0  0  0  0  173603  185720  233559  199545  1689198  1384602  1287039  1195558  1203310 
"131072"   0  0  0  0  86492  91529  92993  94770  54787  94049  93171  90874  90853 
"262144"   0  0  0  0  14253  14179  14182  14188  14248  14309  14313  14440  14397 
"524288"   0  0  0  0  11222  11214  11017  11171  11176  11193  11255  11163  11252 

"Reader report"
        "4"  "8"  "16"  "32"  "64"  "128"  "256"  "512"  "1024"  "2048"  "4096"  "8192"  "16384"
"64"   2133730  3363612  3022727  4274062  1083249 
"128"   2660335  3560017  4717434  3867787  1802755  6406138 
"256"   2081678  3511189  3511189  2266207  3667079  5687020  7120034 
"512"   1380303  3220553  3580298  3884698  4305250  5214798  4660280  6909408 
"1024"   2115949  2236023  3458646  2869422  5529011  2805690  4374559  3646583  7269678 
"2048"   1382840  2031771  2759547  2683678  2602375  2585923  2934917  3543986  3669648  3669648 
"4096"   1528892  1920223  2265336  2703445  2541097  2818772  2840208  3038100  2961635  3577793  81014 
"8192"   1788190  2117859  2119034  1688787  2417179  2717085  2972602  2095130  2974661  2725275  200107  1632229 
"16384"   1736883  2084505  2310534  231287  508299  2605991  2912236  1981884  158001  2771303  1748551  153403  138251 
"32768"   0  0  0  0  340616  385210  2448285  237782  444789  2488086  226756  99838  135116 
"65536"   0  0  0  0  418241  387947  386636  285853  2625415  2244601  1497696  1517213  1511091 
"131072"   0  0  0  0  2652099  2705693  2262678  2152041  1802473  1909551  1693918  1535104  1512662 
"262144"   0  0  0  0  2162278  2601071  2301847  2357262  2093001  1473769  1160226  1409664  1304485 
"524288"   0  0  0  0  88836  108479  85256  102267  106085  90070  98727  107446  103281 

"Re-Reader report"
        "4"  "8"  "16"  "32"  "64"  "128"  "256"  "512"  "1024"  "2048"  "4096"  "8192"  "16384"
"64"   1734015  3958892  2379626  4564786  5860307 
"128"   2905056  4012317  2326073  4934216  836500  5847904 
"256"   2045979  3935921  4652146  1967260  4422226  4652146  6936061 
"512"   1827947  2875558  3653390  2416145  6571132  5227492  5639315  6338392 
"1024"   1186518  4014717  4715569  5623115  4228138  3643490  6479979  6364746  7369466 
"2048"   2080992  2142232  4441984  2709070  4762117  3436240  3016334  5461535  2994254  2370418 
"4096"   1530118  2078175  2281885  2811391  3860813  4196552  3531460  2640698  2213956  4011358  1575440 
"8192"   1877190  127846  2002922  2486087  160002  209890  2706385  2736997  2972345  2890577  1472088  72453 
"16384"   1771814  175765  2136081  32195  291608  2813166  2783539  209828  204133  2481671  155525  154039  138926 
"32768"   0  0  0  0  683888  336811  303475  188809  438256  381533  152444  100044  143046 
"65536"   0  0  0  0  284697  285324  318383  272589  2912310  2356477  1710856  1562313  1464946 
"131072"   0  0  0  0  2624122  2637682  2378198  2254966  1854809  1775973  1518638  1534191  1453224 
"262144"   0  0  0  0  1893513  2774395  2318261  2236821  1961610  1712240  1263509  1232877  1260877 
"524288"   0  0  0  0  84806  109412  105249  103203  105896  102396  103696  98236  105010 

"Random read report"
        "4"  "8"  "16"  "32"  "64"  "128"  "256"  "512"  "1024"  "2048"  "4096"  "8192"  "16384"
"64"   2067979  3203069  3791156  4988978  5735102 
"128"   2098744  3199360  3536566  4759253  5122535  6406138 
"256"   2081678  3285566  4181144  4929815  5810112  6554972  6719046 
"512"   1387437  3259661  4195896  5227492  6156675  6736026  6909408  4532414 
"1024"   1139005  3003881  4162573  4550690  6199382  5821271  7113161  7160597  7420395 
"2048"   2031771  3292669  4178378  4623699  6058611  4196751  6317030  6266340  4864597  2370418 
"4096"   1639018  2721431  3175103  2779102  3867766  5312585  5325760  4686519  3543844  2942864  2074912 
"8192"   91429  1696458  107357  2214641  3029476  3044239  3288703  2970290  2525187  2451849  81294  1493005 
"16384"   104788  139712  156676  76690  141520  160930  143607  2885941  2571662  175980  153890  137943  138117 
"32768"   0  0  0  0  270175  272503  304024  269104  158158  298256  143669  143446  134214 
"65536"   0  0  0  0  283876  272240  273573  550773  2874786  2157143  1604697  1501672  1309249 
"131072"   0  0  0  0  2570937  2696615  2355930  2233601  2007691  1934759  1670153  1555030  1556099 
"262144"   0  0  0  0  2029402  2694321  2125654  2565943  1910241  1767016  1289716  1253695  1203450 
"524288"   0  0  0  0  238717  341040  408832  453314  460665  424367  429562  431618  344969 

"Random write report"
        "4"  "8"  "16"  "32"  "64"  "128"  "256"  "512"  "1024"  "2048"  "4096"  "8192"  "16384"
"64"   1033216  1304314  1255511  2561267  1526887 
"128"   1105114  1487977  1521718  1939522  983630  2132084 
"256"   1089202  2097948  1778290  2285501  2034350  1967260  2285501 
"512"   839252  1451192  1677976  1509330  3487274  2099600  1585086  3259661 
"1024"   595381  1602118  1762539  2281152  2222141  2746483  3955557  2767722  2426801 
"2048"   1203273  1515833  2007554  1728424  3493539  2482062  2479196  2738433  3362265  2202092 
"4096"   1134598  1735549  80054  81549  1799729  3007255  3308398  2552044  2716268  2099508  1752724 
"8192"   70581  71721  1377264  106702  1902869  2152487  157256  157145  127385  1703861  1509800  1336392 
"16384"   132109  136241  151976  182533  137529  1949057  2024507  126038  156385  136947  137366  75339  135800 
"32768"   0  0  0  0  139975  290447  263431  257472  261585  152439  135549  97399  88681 
"65536"   0  0  0  0  193252  187390  187681  149017  1715865  1163845  1230468  1223464  1188795 
"131072"   0  0  0  0  86970  93534  93752  93905  94205  91066  91175  90833  92669 
"262144"   0  0  0  0  14743  14195  14598  14472  14224  14632  14398  14463  14910 
"524288"   0  0  0  0  14828  13598  14189  13862  13625  14009  13700  13865  13874 

"Backward read report"
        "4"  "8"  "16"  "32"  "64"  "128"  "256"  "512"  "1024"  "2048"  "4096"  "8192"  "16384"
"64"   1553394  2278628  2278628  3203069  1933893 
"128"   1852520  2558895  1705404  2464907  3199360  2098744 
"256"   1881098  1881098  2975955  1970871  2223962  3368013  5242734 
"512"   1369738  1677976  2039772  3877684  2413429  2695115  3140488  500484 
"1024"   1460472  2056183  2375790  3414650  2837198  3579719  2659742  3191372  2701567 
"2048"   1577638  1791882  2392202  2868277  3266376  1670606  2832339  3184044  2705656  2528082 
"4096"   1358542  1757206  2046000  2415003  2775061  2199781  2549015  3279348  2710696  2568066  1943906 
"8192"   1311550  1865977  2105401  2373105  2295269  2408031  2187430  2745307  2967211  2249880  1682502  1544479 
"16384"   1355178  1805992  357183  1129162  2544901  2761059  2543300  2819398  2747152  2458586  172947  199095  125449 
"32768"   0  0  0  0  194463  439260  547565  340036  194717  2395333  174467  193706  103537 
"65536"   0  0  0  0  405865  454833  321336  202697  2794133  1903286  1575504  1499510  1268578 
"131072"   0  0  0  0  2372512  1897477  2240501  2535285  2207900  1887555  1612121  1371691  1258359 
"262144"   0  0  0  0  2198826  2689760  2751766  2159662  1987714  1912790  1588635  1423163  1439560 
"524288"   0  0  0  0  207845  290861  183387  332959  414770  373558  321706  471233  410466 

"Record rewrite report"
        "4"  "8"  "16"  "32"  "64"  "128"  "256"  "512"  "1024"  "2048"  "4096"  "8192"  "16384"
"64"   1492919  2203800  2278628  3057153  1562436 
"128"   1584598  2248149  2464907  2420455  2409592  2248149 
"256"   1588832  2371308  2754556  3043436  1652404  3935921  2223962 
"512"   1635797  2438090  2891043  3459188  3556580  4099771  3304808  2402629 
"1024"   1667426  2480051  2985091  3606774  2942149  4114719  4162573  2178189  2321847 
"2048"   1667687  2565840  2972495  3669648  4079167  4267642  4581773  4453499  3929871  2670330 
"4096"   154374  2426601  2966237  3335375  4223375  4196552  4149921  4708354  4545172  3991785  1585179 
"8192"   1630215  2113040  2762968  3488721  3858994  4354953  4188268  4481623  4481039  3936361  80821  71936 
"16384"   154226  2373827  143608  162571  255154  4230243  2626408  4584108  162063  159627  136813  150718  147290 
"32768"   0  0  0  0  3981106  315449  284293  279326  281098  303491  137487  140544  96757 
"65536"   0  0  0  0  575982  282503  531921  534298  4761125  2641512  1473411  1301327  1236062 
"131072"   0  0  0  0  4100213  3686548  4044320  4392045  3178425  3377089  1539200  1065763  1169596 
"262144"   0  0  0  0  3977371  4510320  4494998  3592637  3432864  2787223  1407416  1322923  1259999 
"524288"   0  0  0  0  4145715  4326122  4378119  4109841  4720465  3509991  1523773  1374579  1309145 

"Stride read report"
        "4"  "8"  "16"  "32"  "64"  "128"  "256"  "512"  "1024"  "2048"  "4096"  "8192"  "16384"
"64"   2052169  2892445  3363612  2133730  2772930 
"128"   1967960  2985839  3199360  3053774  2843510  3657016 
"256"   2034350  3078337  3935921  3994490  4070199  6073004  5455847 
"512"   2073249  1766304  2613128  4447925  4340054  4237291  5019764  2214344 
"1024"   1558516  1765437  4048778  2672984  5720477  5593820  6479979  3553066  2000631 
"2048"   1383731  3240499  2164908  4502520  4284671  5719737  3637020  2828608  3743207  1677457 
"4096"   1425738  157054  2861973  2301140  4423462  3757786  6542703  6049663  4911613  3596518  2007977 
"8192"   150829  1829416  2068641  73611  2749921  2778833  2785366  6770651  6461262  4454317  1771686  1648280 
"16384"   134057  1791584  287706  1702038  2301095  303171  303498  296221  6679702  5300463  199936  198262  1495175 
"32768"   0  0  0  0  446453  913241  384818  387439  455814  5482469  255180  207127  184816 
"65536"   0  0  0  0  230214  271827  322158  451714  2816695  1826421  1783777  1562278  1090215 
"131072"   0  0  0  0  2416553  2067965  2302615  2406851  1626203  1959014  1353925  1462891  1500192 
"262144"   0  0  0  0  2507788  2681181  2666427  2243096  2252789  1681748  1621636  1352497  1335180 
"524288"   0  0  0  0  307718  352849  394094  311598  469267  515934  479326  393695  1468870 

"Fwrite report"
        "4"  "8"  "16"  "32"  "64"  "128"  "256"  "512"  "1024"  "2048"  "4096"  "8192"  "16384"
"64"   889431  1553394  1648808  1562436  3057153 
"128"   1471662  1155043  1377278  1939522  1406136  3560017 
"256"   1099237  1479379  1523457  1729594  1543163  1897721  1286217 
"512"   1421416  957072  1550747  1789859  1711407  1889050  1803387  1640796 
"1024"   1136593  999804  1868347  1383774  1787480  1893052  2579861  1602715  2715230 
"2048"   999898  1830057  1350872  2683678  1848567  1761024  1344739  2247611  1659632  2052157 
"4096"   1051026  1200482  1885037  54744  1527261  1676607  2043809  1748977  2153727  1637768  1530118 
"8192"   121759  1116852  195906  125924  200513  1675201  154890  1712352  1821656  1226703  1195919  1369852 
"16384"   250030  273431  273431  230270  172064  363959  273870  200048  1585012  268563  327281  147601  170423 
"32768"   0  0  0  0  283653  359835  200202  279647  276458  100415  139661  133084  95132 
"65536"   0  0  0  0  130495  156394  147357  177171  1372366  812738  968764  984633  1059750 
"131072"   0  0  0  0  88325  92956  91050  93418  91350  92986  96100  107909  134069 
"262144"   0  0  0  0  14596  14486  14492  14543  14624  14726  14985  14825  15942 
"524288"   0  0  0  0  13207  12505  12801  12422  11930  11939  12067  12003  12019 

"Re-Fwrite report"
        "4"  "8"  "16"  "32"  "64"  "128"  "256"  "512"  "1024"  "2048"  "4096"  "8192"  "16384"
"64"   752329  1879725  2278628  3203069  2923952 
"128"   1526043  2035099  1377278  2098744  2140585  3359523 
"256"   1040643  1439707  1707589  917880  1481420  4652146  2783115 
"512"   1187895  1399189  1625889  1212715  1145443  1442420  1152822  1809465 
"1024"   1028043  1818510  1673273  1687075  1575668  1947119  1400469  2455943  2448941 
"2048"   1334295  1238848  1526066  1648801  1718053  929666  1651654  2362594  2361944  1439137 
"4096"   1186552  1415868  1486815  1493277  1486172  1700168  1987305  1146027  2181070  2307631  1570543 
"8192"   188616  1391769  1490479  1629597  1795760  1755662  1726376  1691530  1103012  1452486  1735269  123252 
"16384"   148101  270215  120506  167630  236763  135622  1763810  114418  1124892  1372308  85098  124165  151937 
"32768"   0  0  0  0  232326  121018  174745  137476  228877  155539  94529  97928  144871 
"65536"   0  0  0  0  159953  197407  104680  160372  1282984  776638  954262  1028823  1132784 
"131072"   0  0  0  0  89523  91347  93472  90729  96557  94210  98352  108962  134681 
"262144"   0  0  0  0  14371  14309  14327  14358  14389  14484  14644  14443  15871 
"524288"   0  0  0  0  11026  11037  11201  11203  11279  11317  11308  11482  11567 

"Fread report"
        "4"  "8"  "16"  "32"  "64"  "128"  "256"  "512"  "1024"  "2048"  "4096"  "8192"  "16384"
"64"   1638743  3363612  3057153  2052169  4643754 
"128"   2727923  2166499  2175277  4889281  3982553  5122535 
"256"   1304976  2812272  2613746  2435861  4652146  6107548  3275543 
"512"   1933266  3325278  3736016  4030519  3762197  2712134  3788747  2668325 
"1024"   2245375  3281592  2535690  2640123  3066069  3591693  3764854  3447541  1542286 
"2048"   1752044  2412357  2695468  2656292  1856558  2602375  1747411  2790021  3025897  2503765 
"4096"   1319112  2169502  2331115  2109303  2714551  2512850  2720138  2754594  2756804  2652931  2042837 
"8192"   1642999  2060330  2117859  2588342  2008307  2135630  2162648  2524631  1792949  2662347  1878422  198036 
"16384"   175177  1992226  2142876  2126102  2716205  2745286  2734798  2729367  2870391  946343  1697833  85802  173487 
"32768"   0  0  0  0  667319  2813154  418680  2761936  2450512  122746  172899  112261  143867 
"65536"   0  0  0  0  281904  420320  258446  338535  2514806  2532997  1688119  1519990  1539632 
"131072"   0  0  0  0  2677349  2150021  2407199  2235117  2049921  2391731  1625453  1495300  1499971 
"262144"   0  0  0  0  2659526  2713089  2724370  1862717  1726902  1894596  1292808  1421281  1517581 
"524288"   0  0  0  0  212142  250368  260961  294265  281569  291501  272395  309148  290020 

"Re-Fread report"
        "4"  "8"  "16"  "32"  "64"  "128"  "256"  "512"  "1024"  "2048"  "4096"  "8192"  "16384"
"64"   2662899  3541098  1933893  4988978  5860307 
"128"   2784517  4012317  2511022  2969325  4557257  6406138 
"256"   2880164  3236056  3605511  5320671  3009318  2077650  6398720 
"512"   2922519  2474613  4882800  5453155  2958758  3684733  6319739  1531941 
"1024"   1759651  2245375  4810640  4014717  3390391  3066069  5417427  5845038  3804877 
"2048"   2797290  3908414  4293237  2432165  4215286  2400894  2367804  2779189  2140097  2131071 
"4096"   1735725  3243439  2321978  2336505  3537277  3096138  3923414  3439547  2571526  2426601  1643722 
"8192"   1666427  2110185  2301110  2674574  2419392  2749041  2822895  2849348  2187430  2087620  1300086  1561891 
"16384"   279724  293699  204446  293857  2107584  207203  2295944  2798274  2662740  1609928  171513  350415  136342 
"32768"   0  0  0  0  387740  390285  290692  334309  295558  206918  181239  92198  253635 
"65536"   0  0  0  0  280270  300788  364046  255588  2619785  2582400  1643703  1502050  1506058 
"131072"   0  0  0  0  2539360  2256048  2232684  2344126  2250277  2372594  1657379  1475372  1496150 
"262144"   0  0  0  0  2688984  2158042  2796438  2257970  1930567  1919666  1532260  1477183  1514435 
"524288"   0  0  0  0  219470  256470  264598  303559  272381  291192  207746  289747  240656 
