	Iozone: Performance Test of File I/O
	        Version $Revision: 3.414 $
		Compiled for 64 bit mode.
		Build: linux-AMD64 

	Contributors:William Norcott, Don Capps, Isom Crawford, Kirby Collins
	             Al Slater, Scott Rhine, Mike Wisner, Ken Goss
	             Steve Landherr, Brad Smith, Mark Kelly, Dr. Alain CYR,
	             Randy Dunlap, Mark Montague, Dan Million, Gavin Brebner,
	             Jean-Marc Zucconi, Jeff Blomberg, Benny Halevy, Dave Boone,
	             Erik Habbinga, Kris Strecker, Walter Wong, Joshua Root,
	             Fabrice Bacchella, Zhenghua Xue, Qin Li, Darren Sawyer,
	             Vangel Bojaxhi, Ben England.

	Run began: Sat Feb 23 12:04:27 2013

	Auto Mode
	Excel chart generation enabled
	Command line used: ./benchmarks/iozone3_414/src/current/iozone -a -R
	Output is in Kbytes/sec
	Time Resolution = 0.000001 seconds.
	Processor cache size set to 1024 Kbytes.
	Processor cache line size set to 32 bytes.
	File stride size set to 17 * record size.
                                                            random  random    bkwd   record   stride                                   
              KB  reclen   write rewrite    read    reread    read   write    read  rewrite     read   fwrite frewrite   fread  freread
              64       4  435909  725882  1599680  1484662 2067979 1143223 1066042  1492919  1780008   998622   500060 1421755  2278628
              64       8  576282 1066042  2133730  2278628  929467  528618 1330167  1933893  2801873  1336792   952555 1879725  1892980
              64      16  571375  866463  3203069  1734015 3541098 1310683 1638743  2133730  1484662  1204796   799377 2561267  2662899
              64      32  752329  855419  2067979   524487 3791156 1679761 1279447  2561267  2561267  1679761  2467108 3203069  1392258
              64      64  712397  557144  5283570  5283570 5283570 2278628 1679761  1734015  3363612  1638743  1679761 3738358  5860307
             128       4  609522 1022989  2660335  3053774 2098744 1065630 1561553  1561553  1015251   947186   380811  703810  2843510
             128       8  731625 1440082  2558895  3536566 3277486 1487977 1885042  2202044  3124872  1349580  1487977 3053774  4135958
             128      16  940549 1319723  2985839  5122535 4104338 1827299 2027414  2464907  3445772  1291158  1306873 3657016  4759253
             128      32 1209698 2673584  4135958  2905056 5122535 1663139 2367096  2843510  4135958  2286447  2784517 4104338  5074121
             128      64  859260 1526043  5325799  6406138 5325799 2098744 2035099  1939522  3124872  1175271  2098744 4934216  6406138
             128     128  992724 3124872  6727225  7176872 6727225 3468030 4557257  3468030  1997245  2098744  2004703 2558895  2409592
             256       4  532133 1099237  2435861  2903529 2114473 1147398 1376935  1619994  1740810  1219045  1185399 2065659  2114473
             256       8  733527 1354356  3159869  4132864 3285566 1540948 2783115  2435861  2903529  1437779  1471270 3410808  3557725
             256      16  944525 1732384  4332998  4755158 4264168 1775350 3557725  2754556  4132864  1368162  1340826 1855098  4652146
             256      32  904732 1842366  5347168  5687020 5320671 3197509 4197489  2330140  4132864  1610276  1868008 4496299  5022044
             256      64 1012194 1952947  4422226  4819184 6107548 2081678 2692393  3087188  4840911  1842366  1911233 2783115  5971678
             256     128  711178 1118707  4332998  3935921 6719046 2030503 2187712  2812272  4350555  1561112  3275543 5810112  6249745
             256     256 1137672 1579483  6891544  5938650 6936061 2371308 4652146  2305128  5687020  2266207  2205688 5810112  6719046
             512       4  593259 1073309  2256220  2979282 2132967 1155924 1555239  1620980  1550747  1108203  1145443 2207515  2891043
             512       8  780674 1451192  3388236  3580298 3259661 1533034 2007358  2427068  2114069  1422357   981121 2116152  4000485
             512      16 1071167 1759070  3556580  4228947 3372274 1705969 2651850  2958758  2007358  1488408  1575781 3158966  3122224
             512      32 1073846 1821745  4522868  5760329 5177083 1940253 2317080  3346002  4163357  1689859   751971 2613128  3788747
             512      64  844865 1541840  2474613  3659616 4610256 2860238 3822466  3684733  2875558  1747618  1610042 4532414  6319739
             512     128 1506154 2845081  4871723  6821616 6736026 3762197 2768068  3504346  6395018  1700565  2460437 3325278  6472112
             512     256 1299295 1842059  3905895  4916336 6999490 2244430 3122224  2875558  3628697  1652157  1747618 2613128  6652558
             512     512  984268 1550747  5744919  5115422 2584820 1556366 2024389  2815243  3068685  2796910  1910902 2089386  1524329
            1024       4  680034 1149368  1594978  1946237 2102484 1242467 1643814  1537868  1539522  1025099  1331440 1399100  2509027
            1024       8 1033237 1544504  2077065  4356809 3358576 2040552 1238168  2403712  2202766  1512415  1670669 2036682  3722435
            1024      16  833196 1633188  2789291  2421329 3447541 2081090 2444759  2976816  3748425  2155236  1590254 2281152  2686359
            1024      32  831261 1917562  2869422  4321737 5330028 2958362 3191372  3010197  4356809  2619192  1060013 3984917  4674510
            1024      64 1154621 2744728  1799462  3778101 5601115 3003881 2295784  3198502  4949226  1267398  1774922 2534194  5472650
            1024     128 1122630 2094282  2976816  2869422 6733974 2321847 2942149  3999762  6479979  2156318  2030903 3094790  6441107
            1024     256 1250425 1907343  5194651  5660167 6489770 1815435 3130886  3179559  4079544  1954207  2192645 3618930  5363307
            1024     512 1185209 1875690  4694950  6559147 7269678 2343383 2859868  3941039  4762630  1732676  2659742 3680961  6093831
            1024    1024 1284839 1987669  6059442  6776473 7319232 3369115 4555516  2468647  1422266  1311117  2877110 2173780  5451810
            2048       4  617057 1144133  1584915  1840251 2081497 1098203 1440344  1671907  1851755   952130   898265 1642495   775768
            2048       8  614497 1450315  2178635  3821475 3346546 1932143 1764279  2404254  2021729  1357919  1523630 1978880  1702391
            2048      16   78102 1645012  2470639  4531020 4257067 2375662 2202092  3003677  4016229  2072957  1548069 2183619  3569018
            2048      32 1050267 1986660  3548378  2482779 3292669 1416124 2771120  3669648  2039974  2066474  1756343 2868277  2670330
            2048      64 1198405 1889224  2324867  2767549 2579710 2074960 2569678  4188565  3108009  2534797  1839856 2812862  2745435
            2048     128 1258081 1634370  3016334  2790021 6401772 2255282 2680329  4472047  6738230  2332443  1825390 1386635  2124745
            2048     256 1113579 1832009  3080148  2760434 6132138 2836079 2509617  4138120  5535444  2039489  1695335 3256469  1965297
            2048     512 1236708 2078978  4014352  3567536 6498636 2361944 3150182  3677503  6498636  2659582  2131071 2855880  5389574
            2048    1024 1419165 2023634  4138120  4094723 6185123 2265394 1711208  2941954  3841986  1232980  2021729 3297725  5319484
            2048    2048  731132 1972971  6167360  6917293 6543188 3447273 2104960  1461667  2096227  2455806  2058551 2676988  4601407
            4096       4  675128 1199811  1432275  1643722 1526040   53532 1133400    54545   150533  1181412  1158078 1566962  1536412
            4096       8  817707 1490556  2174170  2836457 2523925 1401773 1706585  1911251  1892930  1490427  1403721 2222548  3143729
            4096      16  915536 1542759  2291014  2561557 2670249 1622915 2352824  2974454  1844361  1760989  1563397 2098482  2178581
            4096      32 1034881 1811686  2689478  3054304 4659824 2056285 2437965  3180393  2627371  1767875  1649562 2647616  2555081
            4096      64 1121269 1908703  2872020  3707507 5139356 2630589 2266830  3720353  4051086  2188015  1849324 2698349  4179197
            4096     128 1114215 1984550  3018351  4087714 5777065 3516281 3117487  4376138  3802702  2052110  1675299 2697926  4214051
            4096     256 1327778 1964355  3056478  2921843 5044289 2071909 3115226  4371684  5738471  1663618  2023588 1556880  2520592
            4096     512 1005152 1538063  3133979  4145915 5736555 3222752 2747106  4633432  5769304  2249320  1927548 2994153  3088901
            4096    1024 1166333 2009857  1591936  2075162 2675239 2261757 2705147  4536770  5184332  2381196  2163764 2261757  3240992
            4096    2048 1064704 1966378  2508447  3754501 3182750 2374285 2514321  4108241  3583016  1514872  2451183 2572681  3103408
            4096    4096  988666 1653531  1931232  2067670 1923018 1599346 1651623  1620925  1974060  1350002  1488490 1982718  1990298
            8192       4  579062 1121737  1701077  1738870 1537843  965926 1409757  1648597  1498213   957340  1160339 1783549  1826887
            8192       8  798120  952669  1394197  1238956 1441215 1054309 1844144  2448355  2082306  1533793  1308204 2148987  2102052
            8192      16 1000347 1646306  1561891  1816744 1529491 1120969 1810808  3009575  2224823  1574776  1547679 2427254  2289457
            8192      32 1118051 1672185  2427254  2328557 2490593 1671859 2215355  3465497  2378033  1671209  1378867 2460804  2490593
            8192      64  913997 1760610  2329346  2337905 2533940 1843352 2252387  3998198  2532446  1765949  1612617 2780857  2534688
            8192     128  975718 1802827  2480882  2580953 1722395 1602838 2579403  3880787  2749921  2072884  1730463 2723331  2320066
            8192     256 1205951 1972452  2870534  2444001 2700004 1898033 3025209  4545657  2131126  1157563  1897614 2447483  2452724
            8192     512 1202953 1971547  3032953  2112390 2140019 1432383 2903033  4571664  7205103  1780499  1316172 2811117  3004049
            8192    1024 1186749 1953167  3077228  3107845 3345053 2021659 1813197  4561346  5924291  1919773  1944435 2040872  2958525
            8192    2048  883992 1719895  2525187  2922540 2701915 1825237 2341250  3563251  4508675  1428690  1643943 2457812  2470358
            8192    4096  760830 1453285  1812049  1870751 1863952 1447651 1649625   874854  1410509  1230393  1832245 1469193  1842166
            8192    8192  897453 1270051  1350522  1597176 1522983 1342764 1535506  1381695  1518474  1322555  1400334 1593768  1588830
           16384       4  621902 1194253  1771083  1791584 1311245  996399 1341736  1662830  1418774  1103824  1135187 1765713  1702966
           16384       8  817283 1409606  2201573  2175024 1890608 1301140 1843343  2402039  1508236  1356623  1389428 2187695  2178402
           16384      16  938382 1602532  2166931  1903122 2156391 1654622 2006888  2950498  1891701  1505032  1536530 1935279  2331544
           16384      32 1068602 1721179  2466351  2607177 2422275 1699092 2349961  3454315  2578997  1720102  1580092 1640168  2612629
           16384      64 1135412 1584244  2688575  2755966 2691208 1790418 2556831  4093903  2725686  1635951  1768167 2598600  2650313
           16384     128 1013549 1801447  2912236  2742985 2909154 2005833 2322953  3698412  2745396  1757360  1761369 2697440  2898723
           16384     256 1191581 1890400  2783990  2483195 2235157 1925303 2880014  4666602  2812245  1612118  1732461 2631034  2372025
           16384     512 1190611 1921911  2871950  3001400 2746164 2111080 2500635  4336761  2852874  1635134  1528634 2273988  2436272
           16384    1024  685550 1515052  2121180  1885162 1978233 1516055 2427237  3993274  6291951  1323212  1101435 2282523  1851089
           16384    2048  932702 1394362  2046208  2569643 1989285 1425425 2681860  2895181  3508995   990982  1006571 2344589  2480954
           16384    4096  883422 1390356  1167788  1406088 1459731 1172791 1739301  1667066  1602345  1319376  1263508 1770308  1313350
           16384    8192  881043 1134306  1199841  1484997 1620596 1307900 1575383  1374367  1419125  1095623  1583478 1530370  1279006
           16384   16384  883479 1266139  1595611  1543917 1582530 1131113 1575961  1381329  1589411  1364326  1315764 1557565  1514785
           32768      64 1055089 1702835  2717537  2507881 2622490 1852256 2497536  4144620  2676471  1683252  1666981 2714800  2743029
           32768     128 1066983 1591450  2661853  2820949 2830186 1747257 2666656  3401297  2500626  1528427  1584204 2809302  2854403
           32768     256 1156652 1759560  2753415  2633848 2709181 1760484 2626901  4619826  2493368  1690395  1745283 1960758  2158891
           32768     512  963423 1898595  2313833  2871099 2878676 2003284 2436826  4515996  2719527  1645545  1349136 2729302  2827217
           32768    1024 1097906 1894095  2949915  2641898 2209742 2010287 2276202  3619118  1686537  1386076  1007404 1451128  1873542
           32768    2048  640977 1725280  2520992  2700716 2594470 1753790 2497355  3829363  4826008   919854  1041679 2542162  2508064
           32768    4096  866440 1239050  1667567  1566955 1496181 1271607 1529652  1507538  1568064  1113309  1050557 1652271  1738175
           32768    8192  876899 1158377  1196871  1453061 1569568 1231280 1506844  1390058  1523953  1216965  1084854 1554549  1386832
           32768   16384  896724 1209639  1569210  1437633 1538901 1252795 1311618  1333442  1351046   938535  1311668 1523378   941609
           65536      64  878687 1457033  2770253  2584123 2597210 1766376 2664273  4242348  2672328  1591651  1542638 2772712  2611721
           65536     128 1033593 1725310  2758355  2527129 2694622 1464650 2623110  4481086  2614851  1486752  1545588 2696737  2621859
           65536     256 1045931 1653114  2652114  2851377 2814157 1529182 2806313  4514424  2840504  1267350  1368179 2841238  2860695
           65536     512  884557 1474241  2681950  2913483 2906644 1718397 2818370  4667823  1690642  1072745  1115807 2878941  2780819
           65536    1024 1041710 1661206  2699862  2889230 2867977 1810291 2490900  4322944  2736606  1136870  1405415 2811480  2426260
           65536    2048  964701 1455968  2498894  2781297 2186589 1594199 2547175  4148674  2311514  1024013   940731 1891589  1814749
           65536    4096  686989  949263  1694655  1492945 1694749 1233112 1585445  1520621  1600073   934479   963764 1653402  1716680
           65536    8192  844274 1193321  1464525  1518085 1465735 1237927 1579859  1291781  1565677  1009846   834448 1550234  1576905
           65536   16384  816231 1116610  1432851  1524162 1504261 1193472 1536241  1316510  1540175  1130515  1150541 1544060  1367240
          131072      64   80889   84896  2538047  2749922 2455727   86298 2512781  4168296  2497223    89507    89027 2605443  2658126
          131072     128   88831   90590  2402308  2423349 2339985   77675 1466458  3355406  2615782    92282    93091 2354527  2153626
          131072     256   74144   86215  2483696  2264859 1962629   86286 2055547  3442281  1721479    84242    83581 2142714  2130697
          131072     512   72908   82158  1831025  1763423 1783509   84124 1713628  4266276  1674462    85464    89313 2258811  2281818
          131072    1024   87484   86212  1836100  1329412 1238655   92491 1835561  3062215  2088493    95404    93725 1911198  1764470
          131072    2048   90609   86248  1980803  1883216 1928441   93111 2150517  3189712  2004529    96309    95443 1936791  1065315
          131072    4096   65930   92649  1296264  1388251 1285699   91068 1357077  1386256  1480704    98771    94651 1419575  1247460
          131072    8192   81606   90392  1584699  1575268 1518722   92384 1469908  1356615  1598709   104671   107608 1510497  1504552
          131072   16384   91324   39926  1490318  1493358 1478665   41458 1500450  1350894  1485722    63111    57186 1467887  1511718
          262144      64   14237   13785  2745856  2671364 2579803   14265 2568407  4115819  2554041    14133    13988 2589896  2765699
          262144     128   14003   14312  2662198  2661625 2667158   14577 2541783  4362885  2650059    14521    14346 2734655  2800355
          262144     256   14534   14216  1735549  2364750 2291829   14633 2296890  4223160  2585548    14541    14346 2141474  2424807
          262144     512   14553   14314  2254752  2218005 2306468   14476 2346141  3797537  2307136    14575    14391 2263842  2336379
          262144    1024   14561   14206  2063737  2192682 2237964   14484 2100562  3649954  2055838    14560    14404 2390753  2072548
          262144    2048   14551   14204  2039506  1757046 1828749   14586 2511391  3947356  2475252    14511    14486 2422686  2471985
          262144    4096   14551   14319  1541588  1659653 1681985   14714 1614517  1513593  1667372    14843    14659 1429855  1640665
          262144    8192   14656   14312  1501776  1583099 1570966   14570 1545560  1374453  1566760    15180    15032 1519720  1475163
          262144   16384   14668   14316  1184558  1211851 1186382   14907 1549854  1357239  1461061    15894    15830 1542648  1534773
          524288      64   11357   11176   103031   106081  240953   14105  203835  4135447   313479    13029    11024  219825   222738
          524288     128   12277   11157   110566   108767  329920   13807  292772  4452664   370789    12210    11007  248928   253674
          524288     256   12098   11208    78389   101008  418340   14359  338465  4294809   376828    12143    11021  264687   273643
          524288     512   12065   11249   108316   110033  454051   13476  390699  4575618   417202    12018    11281  262331   305731
          524288    1024   11977   11258   110889   103012  488095   13586  413390  4643160   483049    11854    10989  287808   286698
          524288    2048   11844   11186   108428   105463  465202   13577  378644  4003816   491156    11971    11289  282638   262426
          524288    4096   12039   11236    75731    87753  402745   14868  370931  1484360   514446    11985    11356  263278   181303
          524288    8192   12202   11249   106113    99643  466006   13847  469568  1226883   346486    12449    11482  328320   317963
          524288   16384   11913   11253    99868   104852  365283   13991  385470  1075310  1109982    12511    11708  276153   249762

iozone test complete.
Excel output is below:

"Writer report"
        "4"  "8"  "16"  "32"  "64"  "128"  "256"  "512"  "1024"  "2048"  "4096"  "8192"  "16384"
"64"   435909  576282  571375  752329  712397 
"128"   609522  731625  940549  1209698  859260  992724 
"256"   532133  733527  944525  904732  1012194  711178  1137672 
"512"   593259  780674  1071167  1073846  844865  1506154  1299295  984268 
"1024"   680034  1033237  833196  831261  1154621  1122630  1250425  1185209  1284839 
"2048"   617057  614497  78102  1050267  1198405  1258081  1113579  1236708  1419165  731132 
"4096"   675128  817707  915536  1034881  1121269  1114215  1327778  1005152  1166333  1064704  988666 
"8192"   579062  798120  1000347  1118051  913997  975718  1205951  1202953  1186749  883992  760830  897453 
"16384"   621902  817283  938382  1068602  1135412  1013549  1191581  1190611  685550  932702  883422  881043  883479 
"32768"   0  0  0  0  1055089  1066983  1156652  963423  1097906  640977  866440  876899  896724 
"65536"   0  0  0  0  878687  1033593  1045931  884557  1041710  964701  686989  844274  816231 
"131072"   0  0  0  0  80889  88831  74144  72908  87484  90609  65930  81606  91324 
"262144"   0  0  0  0  14237  14003  14534  14553  14561  14551  14551  14656  14668 
"524288"   0  0  0  0  11357  12277  12098  12065  11977  11844  12039  12202  11913 

"Re-writer report"
        "4"  "8"  "16"  "32"  "64"  "128"  "256"  "512"  "1024"  "2048"  "4096"  "8192"  "16384"
"64"   725882  1066042  866463  855419  557144 
"128"   1022989  1440082  1319723  2673584  1526043  3124872 
"256"   1099237  1354356  1732384  1842366  1952947  1118707  1579483 
"512"   1073309  1451192  1759070  1821745  1541840  2845081  1842059  1550747 
"1024"   1149368  1544504  1633188  1917562  2744728  2094282  1907343  1875690  1987669 
"2048"   1144133  1450315  1645012  1986660  1889224  1634370  1832009  2078978  2023634  1972971 
"4096"   1199811  1490556  1542759  1811686  1908703  1984550  1964355  1538063  2009857  1966378  1653531 
"8192"   1121737  952669  1646306  1672185  1760610  1802827  1972452  1971547  1953167  1719895  1453285  1270051 
"16384"   1194253  1409606  1602532  1721179  1584244  1801447  1890400  1921911  1515052  1394362  1390356  1134306  1266139 
"32768"   0  0  0  0  1702835  1591450  1759560  1898595  1894095  1725280  1239050  1158377  1209639 
"65536"   0  0  0  0  1457033  1725310  1653114  1474241  1661206  1455968  949263  1193321  1116610 
"131072"   0  0  0  0  84896  90590  86215  82158  86212  86248  92649  90392  39926 
"262144"   0  0  0  0  13785  14312  14216  14314  14206  14204  14319  14312  14316 
"524288"   0  0  0  0  11176  11157  11208  11249  11258  11186  11236  11249  11253 

"Reader report"
        "4"  "8"  "16"  "32"  "64"  "128"  "256"  "512"  "1024"  "2048"  "4096"  "8192"  "16384"
"64"   1599680  2133730  3203069  2067979  5283570 
"128"   2660335  2558895  2985839  4135958  5325799  6727225 
"256"   2435861  3159869  4332998  5347168  4422226  4332998  6891544 
"512"   2256220  3388236  3556580  4522868  2474613  4871723  3905895  5744919 
"1024"   1594978  2077065  2789291  2869422  1799462  2976816  5194651  4694950  6059442 
"2048"   1584915  2178635  2470639  3548378  2324867  3016334  3080148  4014352  4138120  6167360 
"4096"   1432275  2174170  2291014  2689478  2872020  3018351  3056478  3133979  1591936  2508447  1931232 
"8192"   1701077  1394197  1561891  2427254  2329346  2480882  2870534  3032953  3077228  2525187  1812049  1350522 
"16384"   1771083  2201573  2166931  2466351  2688575  2912236  2783990  2871950  2121180  2046208  1167788  1199841  1595611 
"32768"   0  0  0  0  2717537  2661853  2753415  2313833  2949915  2520992  1667567  1196871  1569210 
"65536"   0  0  0  0  2770253  2758355  2652114  2681950  2699862  2498894  1694655  1464525  1432851 
"131072"   0  0  0  0  2538047  2402308  2483696  1831025  1836100  1980803  1296264  1584699  1490318 
"262144"   0  0  0  0  2745856  2662198  1735549  2254752  2063737  2039506  1541588  1501776  1184558 
"524288"   0  0  0  0  103031  110566  78389  108316  110889  108428  75731  106113  99868 

"Re-Reader report"
        "4"  "8"  "16"  "32"  "64"  "128"  "256"  "512"  "1024"  "2048"  "4096"  "8192"  "16384"
"64"   1484662  2278628  1734015  524487  5283570 
"128"   3053774  3536566  5122535  2905056  6406138  7176872 
"256"   2903529  4132864  4755158  5687020  4819184  3935921  5938650 
"512"   2979282  3580298  4228947  5760329  3659616  6821616  4916336  5115422 
"1024"   1946237  4356809  2421329  4321737  3778101  2869422  5660167  6559147  6776473 
"2048"   1840251  3821475  4531020  2482779  2767549  2790021  2760434  3567536  4094723  6917293 
"4096"   1643722  2836457  2561557  3054304  3707507  4087714  2921843  4145915  2075162  3754501  2067670 
"8192"   1738870  1238956  1816744  2328557  2337905  2580953  2444001  2112390  3107845  2922540  1870751  1597176 
"16384"   1791584  2175024  1903122  2607177  2755966  2742985  2483195  3001400  1885162  2569643  1406088  1484997  1543917 
"32768"   0  0  0  0  2507881  2820949  2633848  2871099  2641898  2700716  1566955  1453061  1437633 
"65536"   0  0  0  0  2584123  2527129  2851377  2913483  2889230  2781297  1492945  1518085  1524162 
"131072"   0  0  0  0  2749922  2423349  2264859  1763423  1329412  1883216  1388251  1575268  1493358 
"262144"   0  0  0  0  2671364  2661625  2364750  2218005  2192682  1757046  1659653  1583099  1211851 
"524288"   0  0  0  0  106081  108767  101008  110033  103012  105463  87753  99643  104852 

"Random read report"
        "4"  "8"  "16"  "32"  "64"  "128"  "256"  "512"  "1024"  "2048"  "4096"  "8192"  "16384"
"64"   2067979  929467  3541098  3791156  5283570 
"128"   2098744  3277486  4104338  5122535  5325799  6727225 
"256"   2114473  3285566  4264168  5320671  6107548  6719046  6936061 
"512"   2132967  3259661  3372274  5177083  4610256  6736026  6999490  2584820 
"1024"   2102484  3358576  3447541  5330028  5601115  6733974  6489770  7269678  7319232 
"2048"   2081497  3346546  4257067  3292669  2579710  6401772  6132138  6498636  6185123  6543188 
"4096"   1526040  2523925  2670249  4659824  5139356  5777065  5044289  5736555  2675239  3182750  1923018 
"8192"   1537843  1441215  1529491  2490593  2533940  1722395  2700004  2140019  3345053  2701915  1863952  1522983 
"16384"   1311245  1890608  2156391  2422275  2691208  2909154  2235157  2746164  1978233  1989285  1459731  1620596  1582530 
"32768"   0  0  0  0  2622490  2830186  2709181  2878676  2209742  2594470  1496181  1569568  1538901 
"65536"   0  0  0  0  2597210  2694622  2814157  2906644  2867977  2186589  1694749  1465735  1504261 
"131072"   0  0  0  0  2455727  2339985  1962629  1783509  1238655  1928441  1285699  1518722  1478665 
"262144"   0  0  0  0  2579803  2667158  2291829  2306468  2237964  1828749  1681985  1570966  1186382 
"524288"   0  0  0  0  240953  329920  418340  454051  488095  465202  402745  466006  365283 

"Random write report"
        "4"  "8"  "16"  "32"  "64"  "128"  "256"  "512"  "1024"  "2048"  "4096"  "8192"  "16384"
"64"   1143223  528618  1310683  1679761  2278628 
"128"   1065630  1487977  1827299  1663139  2098744  3468030 
"256"   1147398  1540948  1775350  3197509  2081678  2030503  2371308 
"512"   1155924  1533034  1705969  1940253  2860238  3762197  2244430  1556366 
"1024"   1242467  2040552  2081090  2958362  3003881  2321847  1815435  2343383  3369115 
"2048"   1098203  1932143  2375662  1416124  2074960  2255282  2836079  2361944  2265394  3447273 
"4096"   53532  1401773  1622915  2056285  2630589  3516281  2071909  3222752  2261757  2374285  1599346 
"8192"   965926  1054309  1120969  1671859  1843352  1602838  1898033  1432383  2021659  1825237  1447651  1342764 
"16384"   996399  1301140  1654622  1699092  1790418  2005833  1925303  2111080  1516055  1425425  1172791  1307900  1131113 
"32768"   0  0  0  0  1852256  1747257  1760484  2003284  2010287  1753790  1271607  1231280  1252795 
"65536"   0  0  0  0  1766376  1464650  1529182  1718397  1810291  1594199  1233112  1237927  1193472 
"131072"   0  0  0  0  86298  77675  86286  84124  92491  93111  91068  92384  41458 
"262144"   0  0  0  0  14265  14577  14633  14476  14484  14586  14714  14570  14907 
"524288"   0  0  0  0  14105  13807  14359  13476  13586  13577  14868  13847  13991 

"Backward read report"
        "4"  "8"  "16"  "32"  "64"  "128"  "256"  "512"  "1024"  "2048"  "4096"  "8192"  "16384"
"64"   1066042  1330167  1638743  1279447  1679761 
"128"   1561553  1885042  2027414  2367096  2035099  4557257 
"256"   1376935  2783115  3557725  4197489  2692393  2187712  4652146 
"512"   1555239  2007358  2651850  2317080  3822466  2768068  3122224  2024389 
"1024"   1643814  1238168  2444759  3191372  2295784  2942149  3130886  2859868  4555516 
"2048"   1440344  1764279  2202092  2771120  2569678  2680329  2509617  3150182  1711208  2104960 
"4096"   1133400  1706585  2352824  2437965  2266830  3117487  3115226  2747106  2705147  2514321  1651623 
"8192"   1409757  1844144  1810808  2215355  2252387  2579403  3025209  2903033  1813197  2341250  1649625  1535506 
"16384"   1341736  1843343  2006888  2349961  2556831  2322953  2880014  2500635  2427237  2681860  1739301  1575383  1575961 
"32768"   0  0  0  0  2497536  2666656  2626901  2436826  2276202  2497355  1529652  1506844  1311618 
"65536"   0  0  0  0  2664273  2623110  2806313  2818370  2490900  2547175  1585445  1579859  1536241 
"131072"   0  0  0  0  2512781  1466458  2055547  1713628  1835561  2150517  1357077  1469908  1500450 
"262144"   0  0  0  0  2568407  2541783  2296890  2346141  2100562  2511391  1614517  1545560  1549854 
"524288"   0  0  0  0  203835  292772  338465  390699  413390  378644  370931  469568  385470 

"Record rewrite report"
        "4"  "8"  "16"  "32"  "64"  "128"  "256"  "512"  "1024"  "2048"  "4096"  "8192"  "16384"
"64"   1492919  1933893  2133730  2561267  1734015 
"128"   1561553  2202044  2464907  2843510  1939522  3468030 
"256"   1619994  2435861  2754556  2330140  3087188  2812272  2305128 
"512"   1620980  2427068  2958758  3346002  3684733  3504346  2875558  2815243 
"1024"   1537868  2403712  2976816  3010197  3198502  3999762  3179559  3941039  2468647 
"2048"   1671907  2404254  3003677  3669648  4188565  4472047  4138120  3677503  2941954  1461667 
"4096"   54545  1911251  2974454  3180393  3720353  4376138  4371684  4633432  4536770  4108241  1620925 
"8192"   1648597  2448355  3009575  3465497  3998198  3880787  4545657  4571664  4561346  3563251  874854  1381695 
"16384"   1662830  2402039  2950498  3454315  4093903  3698412  4666602  4336761  3993274  2895181  1667066  1374367  1381329 
"32768"   0  0  0  0  4144620  3401297  4619826  4515996  3619118  3829363  1507538  1390058  1333442 
"65536"   0  0  0  0  4242348  4481086  4514424  4667823  4322944  4148674  1520621  1291781  1316510 
"131072"   0  0  0  0  4168296  3355406  3442281  4266276  3062215  3189712  1386256  1356615  1350894 
"262144"   0  0  0  0  4115819  4362885  4223160  3797537  3649954  3947356  1513593  1374453  1357239 
"524288"   0  0  0  0  4135447  4452664  4294809  4575618  4643160  4003816  1484360  1226883  1075310 

"Stride read report"
        "4"  "8"  "16"  "32"  "64"  "128"  "256"  "512"  "1024"  "2048"  "4096"  "8192"  "16384"
"64"   1780008  2801873  1484662  2561267  3363612 
"128"   1015251  3124872  3445772  4135958  3124872  1997245 
"256"   1740810  2903529  4132864  4132864  4840911  4350555  5687020 
"512"   1550747  2114069  2007358  4163357  2875558  6395018  3628697  3068685 
"1024"   1539522  2202766  3748425  4356809  4949226  6479979  4079544  4762630  1422266 
"2048"   1851755  2021729  4016229  2039974  3108009  6738230  5535444  6498636  3841986  2096227 
"4096"   150533  1892930  1844361  2627371  4051086  3802702  5738471  5769304  5184332  3583016  1974060 
"8192"   1498213  2082306  2224823  2378033  2532446  2749921  2131126  7205103  5924291  4508675  1410509  1518474 
"16384"   1418774  1508236  1891701  2578997  2725686  2745396  2812245  2852874  6291951  3508995  1602345  1419125  1589411 
"32768"   0  0  0  0  2676471  2500626  2493368  2719527  1686537  4826008  1568064  1523953  1351046 
"65536"   0  0  0  0  2672328  2614851  2840504  1690642  2736606  2311514  1600073  1565677  1540175 
"131072"   0  0  0  0  2497223  2615782  1721479  1674462  2088493  2004529  1480704  1598709  1485722 
"262144"   0  0  0  0  2554041  2650059  2585548  2307136  2055838  2475252  1667372  1566760  1461061 
"524288"   0  0  0  0  313479  370789  376828  417202  483049  491156  514446  346486  1109982 

"Fwrite report"
        "4"  "8"  "16"  "32"  "64"  "128"  "256"  "512"  "1024"  "2048"  "4096"  "8192"  "16384"
"64"   998622  1336792  1204796  1679761  1638743 
"128"   947186  1349580  1291158  2286447  1175271  2098744 
"256"   1219045  1437779  1368162  1610276  1842366  1561112  2266207 
"512"   1108203  1422357  1488408  1689859  1747618  1700565  1652157  2796910 
"1024"   1025099  1512415  2155236  2619192  1267398  2156318  1954207  1732676  1311117 
"2048"   952130  1357919  2072957  2066474  2534797  2332443  2039489  2659582  1232980  2455806 
"4096"   1181412  1490427  1760989  1767875  2188015  2052110  1663618  2249320  2381196  1514872  1350002 
"8192"   957340  1533793  1574776  1671209  1765949  2072884  1157563  1780499  1919773  1428690  1230393  1322555 
"16384"   1103824  1356623  1505032  1720102  1635951  1757360  1612118  1635134  1323212  990982  1319376  1095623  1364326 
"32768"   0  0  0  0  1683252  1528427  1690395  1645545  1386076  919854  1113309  1216965  938535 
"65536"   0  0  0  0  1591651  1486752  1267350  1072745  1136870  1024013  934479  1009846  1130515 
"131072"   0  0  0  0  89507  92282  84242  85464  95404  96309  98771  104671  63111 
"262144"   0  0  0  0  14133  14521  14541  14575  14560  14511  14843  15180  15894 
"524288"   0  0  0  0  13029  12210  12143  12018  11854  11971  11985  12449  12511 

"Re-Fwrite report"
        "4"  "8"  "16"  "32"  "64"  "128"  "256"  "512"  "1024"  "2048"  "4096"  "8192"  "16384"
"64"   500060  952555  799377  2467108  1679761 
"128"   380811  1487977  1306873  2784517  2098744  2004703 
"256"   1185399  1471270  1340826  1868008  1911233  3275543  2205688 
"512"   1145443  981121  1575781  751971  1610042  2460437  1747618  1910902 
"1024"   1331440  1670669  1590254  1060013  1774922  2030903  2192645  2659742  2877110 
"2048"   898265  1523630  1548069  1756343  1839856  1825390  1695335  2131071  2021729  2058551 
"4096"   1158078  1403721  1563397  1649562  1849324  1675299  2023588  1927548  2163764  2451183  1488490 
"8192"   1160339  1308204  1547679  1378867  1612617  1730463  1897614  1316172  1944435  1643943  1832245  1400334 
"16384"   1135187  1389428  1536530  1580092  1768167  1761369  1732461  1528634  1101435  1006571  1263508  1583478  1315764 
"32768"   0  0  0  0  1666981  1584204  1745283  1349136  1007404  1041679  1050557  1084854  1311668 
"65536"   0  0  0  0  1542638  1545588  1368179  1115807  1405415  940731  963764  834448  1150541 
"131072"   0  0  0  0  89027  93091  83581  89313  93725  95443  94651  107608  57186 
"262144"   0  0  0  0  13988  14346  14346  14391  14404  14486  14659  15032  15830 
"524288"   0  0  0  0  11024  11007  11021  11281  10989  11289  11356  11482  11708 

"Fread report"
        "4"  "8"  "16"  "32"  "64"  "128"  "256"  "512"  "1024"  "2048"  "4096"  "8192"  "16384"
"64"   1421755  1879725  2561267  3203069  3738358 
"128"   703810  3053774  3657016  4104338  4934216  2558895 
"256"   2065659  3410808  1855098  4496299  2783115  5810112  5810112 
"512"   2207515  2116152  3158966  2613128  4532414  3325278  2613128  2089386 
"1024"   1399100  2036682  2281152  3984917  2534194  3094790  3618930  3680961  2173780 
"2048"   1642495  1978880  2183619  2868277  2812862  1386635  3256469  2855880  3297725  2676988 
"4096"   1566962  2222548  2098482  2647616  2698349  2697926  1556880  2994153  2261757  2572681  1982718 
"8192"   1783549  2148987  2427254  2460804  2780857  2723331  2447483  2811117  2040872  2457812  1469193  1593768 
"16384"   1765713  2187695  1935279  1640168  2598600  2697440  2631034  2273988  2282523  2344589  1770308  1530370  1557565 
"32768"   0  0  0  0  2714800  2809302  1960758  2729302  1451128  2542162  1652271  1554549  1523378 
"65536"   0  0  0  0  2772712  2696737  2841238  2878941  2811480  1891589  1653402  1550234  1544060 
"131072"   0  0  0  0  2605443  2354527  2142714  2258811  1911198  1936791  1419575  1510497  1467887 
"262144"   0  0  0  0  2589896  2734655  2141474  2263842  2390753  2422686  1429855  1519720  1542648 
"524288"   0  0  0  0  219825  248928  264687  262331  287808  282638  263278  328320  276153 

"Re-Fread report"
        "4"  "8"  "16"  "32"  "64"  "128"  "256"  "512"  "1024"  "2048"  "4096"  "8192"  "16384"
"64"   2278628  1892980  2662899  1392258  5860307 
"128"   2843510  4135958  4759253  5074121  6406138  2409592 
"256"   2114473  3557725  4652146  5022044  5971678  6249745  6719046 
"512"   2891043  4000485  3122224  3788747  6319739  6472112  6652558  1524329 
"1024"   2509027  3722435  2686359  4674510  5472650  6441107  5363307  6093831  5451810 
"2048"   775768  1702391  3569018  2670330  2745435  2124745  1965297  5389574  5319484  4601407 
"4096"   1536412  3143729  2178581  2555081  4179197  4214051  2520592  3088901  3240992  3103408  1990298 
"8192"   1826887  2102052  2289457  2490593  2534688  2320066  2452724  3004049  2958525  2470358  1842166  1588830 
"16384"   1702966  2178402  2331544  2612629  2650313  2898723  2372025  2436272  1851089  2480954  1313350  1279006  1514785 
"32768"   0  0  0  0  2743029  2854403  2158891  2827217  1873542  2508064  1738175  1386832  941609 
"65536"   0  0  0  0  2611721  2621859  2860695  2780819  2426260  1814749  1716680  1576905  1367240 
"131072"   0  0  0  0  2658126  2153626  2130697  2281818  1764470  1065315  1247460  1504552  1511718 
"262144"   0  0  0  0  2765699  2800355  2424807  2336379  2072548  2471985  1640665  1475163  1534773 
"524288"   0  0  0  0  222738  253674  273643  305731  286698  262426  181303  317963  249762 
