	Iozone: Performance Test of File I/O
	        Version $Revision: 3.414 $
		Compiled for 64 bit mode.
		Build: linux-AMD64 

	Contributors:William Norcott, Don Capps, Isom Crawford, Kirby Collins
	             Al Slater, Scott Rhine, Mike Wisner, Ken Goss
	             Steve Landherr, Brad Smith, Mark Kelly, Dr. Alain CYR,
	             Randy Dunlap, Mark Montague, Dan Million, Gavin Brebner,
	             Jean-Marc Zucconi, Jeff Blomberg, Benny Halevy, Dave Boone,
	             Erik Habbinga, Kris Strecker, Walter Wong, Joshua Root,
	             Fabrice Bacchella, Zhenghua Xue, Qin Li, Darren Sawyer,
	             Vangel Bojaxhi, Ben England.

	Run began: Thu Feb 21 15:04:08 2013

	Auto Mode
	Excel chart generation enabled
	Command line used: ./benchmarks/iozone3_414/src/current/iozone -a -R
	Output is in Kbytes/sec
	Time Resolution = 0.000001 seconds.
	Processor cache size set to 1024 Kbytes.
	Processor cache line size set to 32 bytes.
	File stride size set to 17 * record size.
                                                            random  random    bkwd   record   stride                                   
              KB  reclen   write rewrite    read    reread    read   write    read  rewrite     read   fwrite frewrite   fread  freread
              64       4  542506 1304314  2379626  1679761 2067979 1033216 1599680  1336792  2067979  1168097  1163036 2379626  2561267
              64       8  633392 1780008  3541098  4018152 3057153 1879725 1392258  2052169  3165299  1492919  1492919 3203069  2561267
              64      16  743988 2133730  4564786  2662899 4274062 1518251 2662899  2222043  3541098  1421755  1204796 2772930  1828508
              64      32  877797 1638743  5389653  4988978 4897948 1828508 2133730  2278628  2379626  1392258  1083249 2923952  2052169
              64      64  863676 1562436  5860307  5735102 5283570 2067979 1734015  2006158  1828508  1933893  1460430 2689580  1879725
             128       4  584313  876086  1487977  1749872 2098744 1074159 1858934  1561553  1997245  1217930  1185654 2098744  1727352
             128       8  735635 1471662  3657016  4135958 3277486 1492113 2132084  2132084  3199360  1306873  1504659 1778862  2660335
             128      16  857887 1642783  3759450  4717434 4267461 1749872 3124872  2035099  2326073  1017175   816154 1269781  1114289
             128      32  914904 2714132  5379161  2905056 4596273 1421023 2558895  2905056  4759253  2066432  2211113 4934216  5603747
             128      64  921183 1377278  5603747  3895854 6114306 1939522 4407601  2727923  5122535  1123617  2066432 4407601  6114306
             128     128  998261 3106789  4934216  3982553 6045455 3297617 1939522  2276751  2367096  2202044  1133103 2202044  6330599
             256       4  613985  907792  1868008  2812272 2114473 1117543 1704877  1629830  1652404  1137672  1153561 2325094  2509882
             256       8  695516 2061693  2463808  4264168 3245838 1430119 2607399  2345409  2557711  1325925  2030503 3810220  3410808
             256      16  876662 2392442  3043436  2480886 4197489 1642294 3326279  2819657  4132864  1600674  1694118 2152625  2148318
             256      32 1007446 1766587  4264168  4819184 5117791 1924938 2015259  2842047  4572895  1300235  1561112 4734192  3879045
             256      64 1132871 3009318  5841722  6249745 6107548 3499745 4929815  3159869  4572895  1881098  1108314 2419396  6249745
             256     128 1090308 1924938  4332998  6719046 6761355 2486631 4907284  2975955  6249745  1461259  2880164 5569035  6719046
             256     256  941213 2872459  6761355  7073132 6761355 2247235 4332998  1707589  2557711  1694118  3087188 3123106  7120034
             512       4  415630 1169140  2337255  1809465 2116152 1112797 1723770  1571169  1600443  1147892  1176828 2360376  2830083
             512       8  856319 1039035  2196227  4061007 3279573 1662389 2497638  2474613  2860238  1334001  1264858 1772135  2910635
             512      16 1108203 2391924  2722449  4610256 4195896 1741948 2032051  2906696  3659616  1834193  2253852 1300082  2681653
             512      32 1125040 1108203  1589779  1387437 2722449 1834193 1225169  2750343  3634839  1293037  1171691 1001715  1510391
             512      64  621413 1204552  1985091  2722449 5439343 2875558 1560891  3459188  4411377  1889050  1055894 1350783  1734911
             512     128 1024169 1140576  2875558  4204110 6736026 3320137 1667552  3678421  4457157  1904125  1778004 2560168  1795846
             512     256  969603 2073249  4784885  5164632 1677976 2099600 2768068  2708713  2830083  1421416  3239989 2962840  3104171
             512     512  721163 1679288  7211022  7115451 7115451 1754758 3346002  2207515  3140488  2483197  2178404 5439343  6319739
            1024       4  642016 1224752  1845071  2875184 2128533 1286763 1824690  1617808  2094282  1226150  1153071 1738989  2115949
            1024       8  824400 1387350  2198257  2985091 3304314 1928757 1157109  2448941  2861774  1508167  1391395 1471481  2516377
            1024      16  957884 1750329  2686359  3541348 3849207 1747480 2701567  2958362  3241960  1577984  1471481 2516377  4679604
            1024      32 1033237 1732676  3544270  2934110 5277632 1992279 2716948  3631168  3012308  1910737  2015654 1747480  2579861
            1024      64 1261072 1861867  3414650  4304412 5507740 2150918 3379719  3984917  6128613  1838751  1886400 3606774  3220084
            1024     128  886509 2633647  4550690  3390391 6733974 2169388 2960401  3908759  5065980  1973059  2444759 2822283  5958564
            1024     256 1281389 2065081  3643490  6609617 7101400 2968586 2796556  4356809  6569179  2798378  1681132 3189002  6787181
            1024     512 1570483 1416169  4079544  7160597 7257394 2592318 2510493  3348104  4282950  1438461  2305644 2281152  2048338
            1024    1024 1088213 1849042  6599461  6569179 6733974 2279941 2572135  3532609  3570790  3923040  2182617 3643490  1605111
            2048       4  632691 1183055  1771556  2837016 2113766 1287883 1407538  1577928  1712231  1261962  1132668 1583746  1955900
            2048       8  929968 1517976  1928240  3230749 3297725 2035623 2423929  2461436  1643753  1357061  1501525 2087567  3915540
            2048      16  783481 1723915  2348384  4267642 4204968 2120026 2270783  3016334  3946119  1921339  1574169 2441150  4063729
            2048      32  971513 1826943  2775597  4994712 5376082 2715922 2303669  3677503  2441150  2049709  1750259 2848305  5447681
            2048      64  923767 1894223  3106885  2832339 5953632 2238241 3029098  4128177  5670651  2148662  1851356 2782790  5723548
            2048     128 1417292 1977058  2031771  4572018 6690992 2332443 2585923  2608697  5769681  1806199  2014144 2839830  5184636
            2048     256 1201086 1510236  3174630  2790021 6543188 2235910 2076967  2147051  5578583  1676148  2013672 2879817  6149699
            2048     512 1478778 1581705  1954120  1612586 2817475 1520394 2793651  4385291  2479196  2060526  2231264 1954120  1713940
            2048    1024 1120405 1858566  4130162  6114678 6873016 3500658 2868277  4293237  3771144  1790388  2625441 2670330  5200329
            2048    2048 1105268 1917479  5800851  6397004 6711905 3555722 2321725  2531062  3204236  3372826  2288326 2345819  4796687
            4096       4  690015 1156363  1845946  1764788 1868635 1145415 1422668  1540960  1386053  1186880  1144423 1773166  1689800
            4096       8  842075 1311159  2230918  2737912 2844440 1846740 2019781  2244324  2067670  1359402  1435626 1898159  2618960
            4096      16 1040081 1662974  2222548  3641495 4096486 2306392 2172795  3049966  3207110  1489910  1579641 2461367  2341919
            4096      32  967182 1864174  2614177  2492796 3220336 1419846 2382847  3352296  3942321  2336505  1760267 2622558  3743865
            4096      64  945777 2004931  2670249  3497668 5056165 3117487 2082457  3723578  2394138  1608179  1273261 2790386  2661562
            4096     128 1133999 1997239  2403852  3079488 5327412 3043482 2291930  3474326  2732251  2269226  1934930 2817385  2712408
            4096     256  981101 2016936  2996241  2856263 3935097 1801994 3029528  4566920  6861502  2238184  1965478 2912925  3682869
            4096     512 1162624 1979519  2432442  2612190 4390677 2836925 2818772  4289813  6967243  2058256  2070910 2523925  3086681
            4096    1024 1290089 2059243  3189841  3989004 4456740 3079488 2862450  4581535  5185897  2375598   914659 2850576  3561476
            4096    2048 1084806 1304786  1779411  4003879 3637640 2246966 2549015  3823862  3683658  1714591  2456792 2329851  2445252
            4096    4096  896896 1572987  2145658  1888560 1981574 1560982 1762615  1240530  1995152  1634495  1662331 2080188  1697480
            8192       4  642408  963434  1734481  1805574 1547958 1081317 1309450  1657344  1539221  1096780   985570 1657904  1706654
            8192       8  875032 1319609  2125589  2061319 2101024 1395047 1834299  2558468  1912294  1344077  1273629 2145096  2144962
            8192      16  990685 1642685  1917523  2461509 2320693 1627358 2148449  3018564  1912188  1447103  1523523 1822526  2351344
            8192      32 1016115 1448140  1620604  1529832 1002448  469563 1316172  2452724  1714916  1291680   843229 2181597   826793
            8192      64  703591 1325975  2183399  2356020 2658845 1773973 1915386  3804725  2271146  1575715  1537499 2026309  2128881
            8192     128 1064731 1690116  1594063  2511345 2498380 1684977 1918487  3286187  2276262  1676918  1653913 2681462  2142287
            8192     256 1039477 1680445  2454125  2389610 2377210 1823300 2415140  4362141  2646761  1356280  1751903 2433787  2753668
            8192     512 1137295 1960746  2775018  3155510 3291223 2256233 2958525  4162392  6491781  1777000  1662637 2784463  2729821
            8192    1024 1131974 1832245  2792156  3240626 3354851 1810045 2730472  4525898  6248582  1956058  1478677 2904996  2511345
            8192    2048 1029912 1731247  2500562  2832670 2560756 1792481 2197503  3368665  3316639  1217575  1226922 2555234  2694711
            8192    4096  921498 1126962  1397259  1483273  965030 1076068 1700320  1541016  1855898   835661  1829416 1478422  1818379
            8192    8192  878590 1432204  1613905  1639706 1589491 1374235 1609143  1365985  1601568  1344919  1313857 1586702  1618009
           16384       4  661815 1179211  1644132  1788833 1391679  952059 1228651  1486765  1366795  1121807  1102107 1633191  1534951
           16384       8  832561 1357882  1975844  1811419 1822082 1334960 1713454  2390757  1686458  1395920  1359198 2164610  2203973
           16384      16  955395 1596723  2101846  2385529 2156662 1576611 1745797  2297249  1742256  1231602  1515921 2377605  2328226
           16384      32  919880 1768531  2626007  2608562 2515187 1751180 2558736  3625438  2438520  1712216  1630711 2523778  2800669
           16384      64 1052014 1826926  1105155  1283713  944327  688635 2673617  3065944  2436964  1744290  1683524 2376208  2864886
           16384     128 1147661 1893004  2895791  2929492 2915325 2032530 2594871  4362087  2416823  1628315  1775843 2852874  2800212
           16384     256 1127439 1934136  2783088  2458586 2551610 1530507 2326256  4629505  2507112  1435429  1730280 1953267  2402039
           16384     512 1171212 1907559  2426894  2898356 2927745 2096780 2725686  4561287  2926249  1816783  1651481 2864767  2951004
           16384    1024 1115235 1895458  2900314  2588713 2403803 1696408 1866271  4463229  4760019   930694  1816399 1856740  2141740
           16384    2048  881382 1687825  2408690  1291408  633780  709847 2617305  3724470  4378485  1405139  1296500 2137809  2598207
           16384    4096  929749 1309995  1579329  1823290 1797865 1475496 1703979  1577190  1815391  1085173  1176586 1757899  1761143
           16384    8192  738610 1232817  1556083  1528362 1617849 1319047 1573579  1226699  1430529  1090079  1586952 1576431  1371049
           16384   16384  906496 1360571  1234744  1407672 1588345 1314732 1556647  1292525  1521998  1362378  1204446 1599213  1501480
           32768      64 1128798 1784346  2654142  2649180 2587875 1794527 2642558  3970410  2653527  1733943  1655535 2805460  2728598
           32768     128 1145651 1838751  2739093  2835324 2760327 1812490 2708113  4525960  2643676  1584990  1615393 2827507  2612867
           32768     256 1169615 1903354  2184247  2405352 2466918 1718485 2098118  3452909  1791300  1155961  1169615 2146752  2368338
           32768     512 1025894 1530998  2826751  2537562 2509805 2005769 2672983  4613933  2744617  1629373  1718571 2505184  2547108
           32768    1024  957263 1775747  2204674  2379532 2082635 1488371 2485971  3001518  2746427  1480372  1012831 2781669  2699178
           32768    2048 1022179 1686454  2463955  2176705 2036560 1600457 1958159  2606821  2855885   980370  1138288 2060745  2137636
           32768    4096  813827 1103415  1768754  1530640 1726906 1422030 1756435  1452354  1786201  1111913  1076974 1651378  1684986
           32768    8192  881262 1230728  1379773  1580088 1589370 1353334 1577875  1303260  1574693  1158904  1088170 1598986  1452738
           32768   16384  813364 1175658  1592003  1419768 1537816 1324868 1449964  1371156  1332562  1124614  1434872 1374089  1432359
           65536      64  958127 1512347  2768607  2789851 2439460 1726860 2123924  3364610  2079921  1165562  1536173 2492527  2672095
           65536     128 1016963 1380374  2554418  2448020 2228966 1537212 2318963  4235484  2398129  1315962  1286683 2075179  2294113
           65536     256  941556 1387033  2667194  2091872 2657036 1395186 1511233  4051688  1866111  1509067  1157737 1778111  1982805
           65536     512  798527 1675821  2689323  2719011 2754293 1384490 2694199  4675127  2681165  1534517  1235546 2670252  2744502
           65536    1024 1071286 1737975  2846534  2635863 2685566 1794912 2853715  4648955  2790190  1265442  1214104 2047678  2355790
           65536    2048  879266 1271577  1724953  2363101 1809588 1311666 1789863  3639282  2071567   850697  1057256 2627423  2292831
           65536    4096  860141 1191868  1728228  1556413 1717076 1232388 1693444  1559380  1820494   999923   961038 1537289  1522997
           65536    8192  725358 1210000  1482342  1526117 1502813 1209488 1506264  1361672  1449015  1032033   990823 1400011  1487226
           65536   16384  816769 1188389  1522356  1303425 1351675 1169221  965243  1054037  1174542   766860  1001636 1527890  1455706
          131072      64   83147   87845  2570492  2717019 2483315   90072 2435513  3649302  2223744    88965    89043 2570997  2743760
          131072     128   91263   93365  2712475  2685078 2702899   95072 2617151  4507939  2553419    95793    83105 2648662  2714537
          131072     256   94147   94413  2695280  2858535 2692191   93273 2749111  4561236  2824216    96077    84434 2092468  1943047
          131072     512   89124   96264  2300601  2447930 2385163   96489 2219757  3997212  2128511    94075    94771 2153980  2323676
          131072    1024   94064   95773  2252517  2187518 2329465   96844 2159836  3918463  2404062    95529    96611 2360846  2389777
          131072    2048   95228   95990  2066791  2091632 1957584   95562 2114170  3283108  1969322    97972    98164 1458297  1684425
          131072    4096   88736   92138  1481706  1457863 1410984   95875 1438015  1308232  1415416   102685   103747 1232747  1364582
          131072    8192   93118   95000  1423055  1518004 1525972   95643 1509158  1336009  1450230   110473    97831 1482849  1548194
          131072   16384   42851   37806  1477199  1464867 1459470   40479 1488978  1347286  1460819    59799    55783 1525617  1478152
          262144      64   14182   13898  2691274  2682083 2562804   14234 2519430  4170870  2500061    14157    13934 2624879  2588591
          262144     128   14231   13903  2773947  2707317 2641914   14234 2672156  4437705  2615948    14145    13934 2761212  2861926
          262144     256   14206   13929  2244419  2338213 2183568   14284 2086633  3639022  2045748    14070    14015 1723951  2049775
          262144     512   14283   13905  2335918  2226012 2348752   14449 2137020  3466688  1977130    14321    14379 2220859  2410766
          262144    1024   14573   14337  1836039  1846591 1815011   14539 1734240  2714945  1827245    14295    14412 2043767  1854874
          262144    2048   14631   14216  2437164  2278639 2493688   14604 1909402  2618659  1848559    14723    14502 1912005  1744694
          262144    4096   14623   14326  1695080  1654416 1698098   14839 1684882  1558618  1667147    14836    14677 1370029  1366843
          262144    8192   14700   14333  1544987  1545449 1530053   14738 1536221  1338910  1554865    15197    15035 1602600  1575859
          262144   16384   14658   14323  1200782  1250478 1502180   14869 1453650  1325941  1145428    15952    15832 1420642  1402628
          524288      64   11356   11255    69189   100096  236812   15191  202051  3903685   298957    13139    11006  212610   212837
          524288     128   12396   11218   112123   111666  346058   13772  286865  4368629   341018    12658    11012  192877   213094
          524288     256   12180   11212   109846    94391  441155   13874  356526  4534622   415661    12253    11020  296421   289296
          524288     512   11914   11020   109194   111696  429378   13539  360134  4459020   420784    12366    11285  257843   279090
          524288    1024   12071   11261   107446   110323  490458   13547  239271  3381589   381706    12754    11297  310531   318496
          524288    2048   11945   11258   110232   111182  493063   13552  419425  3816140   554054    11991    11323  315243   306394
          524288    4096   11907   11250    99912   100296  447208   14065  370460  1224219   490619    12133    11374  258340   262964
          524288    8192   12077   11259   112731   107409  507737   13717  491836  1342648   393080    12235    11479  323744   333789
          524288   16384   11733   11227   114471   114195  366286   13562  453620  1309815   434874    12264    11702  230843   212602

iozone test complete.
Excel output is below:

"Writer report"
        "4"  "8"  "16"  "32"  "64"  "128"  "256"  "512"  "1024"  "2048"  "4096"  "8192"  "16384"
"64"   542506  633392  743988  877797  863676 
"128"   584313  735635  857887  914904  921183  998261 
"256"   613985  695516  876662  1007446  1132871  1090308  941213 
"512"   415630  856319  1108203  1125040  621413  1024169  969603  721163 
"1024"   642016  824400  957884  1033237  1261072  886509  1281389  1570483  1088213 
"2048"   632691  929968  783481  971513  923767  1417292  1201086  1478778  1120405  1105268 
"4096"   690015  842075  1040081  967182  945777  1133999  981101  1162624  1290089  1084806  896896 
"8192"   642408  875032  990685  1016115  703591  1064731  1039477  1137295  1131974  1029912  921498  878590 
"16384"   661815  832561  955395  919880  1052014  1147661  1127439  1171212  1115235  881382  929749  738610  906496 
"32768"   0  0  0  0  1128798  1145651  1169615  1025894  957263  1022179  813827  881262  813364 
"65536"   0  0  0  0  958127  1016963  941556  798527  1071286  879266  860141  725358  816769 
"131072"   0  0  0  0  83147  91263  94147  89124  94064  95228  88736  93118  42851 
"262144"   0  0  0  0  14182  14231  14206  14283  14573  14631  14623  14700  14658 
"524288"   0  0  0  0  11356  12396  12180  11914  12071  11945  11907  12077  11733 

"Re-writer report"
        "4"  "8"  "16"  "32"  "64"  "128"  "256"  "512"  "1024"  "2048"  "4096"  "8192"  "16384"
"64"   1304314  1780008  2133730  1638743  1562436 
"128"   876086  1471662  1642783  2714132  1377278  3106789 
"256"   907792  2061693  2392442  1766587  3009318  1924938  2872459 
"512"   1169140  1039035  2391924  1108203  1204552  1140576  2073249  1679288 
"1024"   1224752  1387350  1750329  1732676  1861867  2633647  2065081  1416169  1849042 
"2048"   1183055  1517976  1723915  1826943  1894223  1977058  1510236  1581705  1858566  1917479 
"4096"   1156363  1311159  1662974  1864174  2004931  1997239  2016936  1979519  2059243  1304786  1572987 
"8192"   963434  1319609  1642685  1448140  1325975  1690116  1680445  1960746  1832245  1731247  1126962  1432204 
"16384"   1179211  1357882  1596723  1768531  1826926  1893004  1934136  1907559  1895458  1687825  1309995  1232817  1360571 
"32768"   0  0  0  0  1784346  1838751  1903354  1530998  1775747  1686454  1103415  1230728  1175658 
"65536"   0  0  0  0  1512347  1380374  1387033  1675821  1737975  1271577  1191868  1210000  1188389 
"131072"   0  0  0  0  87845  93365  94413  96264  95773  95990  92138  95000  37806 
"262144"   0  0  0  0  13898  13903  13929  13905  14337  14216  14326  14333  14323 
"524288"   0  0  0  0  11255  11218  11212  11020  11261  11258  11250  11259  11227 

"Reader report"
        "4"  "8"  "16"  "32"  "64"  "128"  "256"  "512"  "1024"  "2048"  "4096"  "8192"  "16384"
"64"   2379626  3541098  4564786  5389653  5860307 
"128"   1487977  3657016  3759450  5379161  5603747  4934216 
"256"   1868008  2463808  3043436  4264168  5841722  4332998  6761355 
"512"   2337255  2196227  2722449  1589779  1985091  2875558  4784885  7211022 
"1024"   1845071  2198257  2686359  3544270  3414650  4550690  3643490  4079544  6599461 
"2048"   1771556  1928240  2348384  2775597  3106885  2031771  3174630  1954120  4130162  5800851 
"4096"   1845946  2230918  2222548  2614177  2670249  2403852  2996241  2432442  3189841  1779411  2145658 
"8192"   1734481  2125589  1917523  1620604  2183399  1594063  2454125  2775018  2792156  2500562  1397259  1613905 
"16384"   1644132  1975844  2101846  2626007  1105155  2895791  2783088  2426894  2900314  2408690  1579329  1556083  1234744 
"32768"   0  0  0  0  2654142  2739093  2184247  2826751  2204674  2463955  1768754  1379773  1592003 
"65536"   0  0  0  0  2768607  2554418  2667194  2689323  2846534  1724953  1728228  1482342  1522356 
"131072"   0  0  0  0  2570492  2712475  2695280  2300601  2252517  2066791  1481706  1423055  1477199 
"262144"   0  0  0  0  2691274  2773947  2244419  2335918  1836039  2437164  1695080  1544987  1200782 
"524288"   0  0  0  0  69189  112123  109846  109194  107446  110232  99912  112731  114471 

"Re-Reader report"
        "4"  "8"  "16"  "32"  "64"  "128"  "256"  "512"  "1024"  "2048"  "4096"  "8192"  "16384"
"64"   1679761  4018152  2662899  4988978  5735102 
"128"   1749872  4135958  4717434  2905056  3895854  3982553 
"256"   2812272  4264168  2480886  4819184  6249745  6719046  7073132 
"512"   1809465  4061007  4610256  1387437  2722449  4204110  5164632  7115451 
"1024"   2875184  2985091  3541348  2934110  4304412  3390391  6609617  7160597  6569179 
"2048"   2837016  3230749  4267642  4994712  2832339  4572018  2790021  1612586  6114678  6397004 
"4096"   1764788  2737912  3641495  2492796  3497668  3079488  2856263  2612190  3989004  4003879  1888560 
"8192"   1805574  2061319  2461509  1529832  2356020  2511345  2389610  3155510  3240626  2832670  1483273  1639706 
"16384"   1788833  1811419  2385529  2608562  1283713  2929492  2458586  2898356  2588713  1291408  1823290  1528362  1407672 
"32768"   0  0  0  0  2649180  2835324  2405352  2537562  2379532  2176705  1530640  1580088  1419768 
"65536"   0  0  0  0  2789851  2448020  2091872  2719011  2635863  2363101  1556413  1526117  1303425 
"131072"   0  0  0  0  2717019  2685078  2858535  2447930  2187518  2091632  1457863  1518004  1464867 
"262144"   0  0  0  0  2682083  2707317  2338213  2226012  1846591  2278639  1654416  1545449  1250478 
"524288"   0  0  0  0  100096  111666  94391  111696  110323  111182  100296  107409  114195 

"Random read report"
        "4"  "8"  "16"  "32"  "64"  "128"  "256"  "512"  "1024"  "2048"  "4096"  "8192"  "16384"
"64"   2067979  3057153  4274062  4897948  5283570 
"128"   2098744  3277486  4267461  4596273  6114306  6045455 
"256"   2114473  3245838  4197489  5117791  6107548  6761355  6761355 
"512"   2116152  3279573  4195896  2722449  5439343  6736026  1677976  7115451 
"1024"   2128533  3304314  3849207  5277632  5507740  6733974  7101400  7257394  6733974 
"2048"   2113766  3297725  4204968  5376082  5953632  6690992  6543188  2817475  6873016  6711905 
"4096"   1868635  2844440  4096486  3220336  5056165  5327412  3935097  4390677  4456740  3637640  1981574 
"8192"   1547958  2101024  2320693  1002448  2658845  2498380  2377210  3291223  3354851  2560756  965030  1589491 
"16384"   1391679  1822082  2156662  2515187  944327  2915325  2551610  2927745  2403803  633780  1797865  1617849  1588345 
"32768"   0  0  0  0  2587875  2760327  2466918  2509805  2082635  2036560  1726906  1589370  1537816 
"65536"   0  0  0  0  2439460  2228966  2657036  2754293  2685566  1809588  1717076  1502813  1351675 
"131072"   0  0  0  0  2483315  2702899  2692191  2385163  2329465  1957584  1410984  1525972  1459470 
"262144"   0  0  0  0  2562804  2641914  2183568  2348752  1815011  2493688  1698098  1530053  1502180 
"524288"   0  0  0  0  236812  346058  441155  429378  490458  493063  447208  507737  366286 

"Random write report"
        "4"  "8"  "16"  "32"  "64"  "128"  "256"  "512"  "1024"  "2048"  "4096"  "8192"  "16384"
"64"   1033216  1879725  1518251  1828508  2067979 
"128"   1074159  1492113  1749872  1421023  1939522  3297617 
"256"   1117543  1430119  1642294  1924938  3499745  2486631  2247235 
"512"   1112797  1662389  1741948  1834193  2875558  3320137  2099600  1754758 
"1024"   1286763  1928757  1747480  1992279  2150918  2169388  2968586  2592318  2279941 
"2048"   1287883  2035623  2120026  2715922  2238241  2332443  2235910  1520394  3500658  3555722 
"4096"   1145415  1846740  2306392  1419846  3117487  3043482  1801994  2836925  3079488  2246966  1560982 
"8192"   1081317  1395047  1627358  469563  1773973  1684977  1823300  2256233  1810045  1792481  1076068  1374235 
"16384"   952059  1334960  1576611  1751180  688635  2032530  1530507  2096780  1696408  709847  1475496  1319047  1314732 
"32768"   0  0  0  0  1794527  1812490  1718485  2005769  1488371  1600457  1422030  1353334  1324868 
"65536"   0  0  0  0  1726860  1537212  1395186  1384490  1794912  1311666  1232388  1209488  1169221 
"131072"   0  0  0  0  90072  95072  93273  96489  96844  95562  95875  95643  40479 
"262144"   0  0  0  0  14234  14234  14284  14449  14539  14604  14839  14738  14869 
"524288"   0  0  0  0  15191  13772  13874  13539  13547  13552  14065  13717  13562 

"Backward read report"
        "4"  "8"  "16"  "32"  "64"  "128"  "256"  "512"  "1024"  "2048"  "4096"  "8192"  "16384"
"64"   1599680  1392258  2662899  2133730  1734015 
"128"   1858934  2132084  3124872  2558895  4407601  1939522 
"256"   1704877  2607399  3326279  2015259  4929815  4907284  4332998 
"512"   1723770  2497638  2032051  1225169  1560891  1667552  2768068  3346002 
"1024"   1824690  1157109  2701567  2716948  3379719  2960401  2796556  2510493  2572135 
"2048"   1407538  2423929  2270783  2303669  3029098  2585923  2076967  2793651  2868277  2321725 
"4096"   1422668  2019781  2172795  2382847  2082457  2291930  3029528  2818772  2862450  2549015  1762615 
"8192"   1309450  1834299  2148449  1316172  1915386  1918487  2415140  2958525  2730472  2197503  1700320  1609143 
"16384"   1228651  1713454  1745797  2558736  2673617  2594871  2326256  2725686  1866271  2617305  1703979  1573579  1556647 
"32768"   0  0  0  0  2642558  2708113  2098118  2672983  2485971  1958159  1756435  1577875  1449964 
"65536"   0  0  0  0  2123924  2318963  1511233  2694199  2853715  1789863  1693444  1506264  965243 
"131072"   0  0  0  0  2435513  2617151  2749111  2219757  2159836  2114170  1438015  1509158  1488978 
"262144"   0  0  0  0  2519430  2672156  2086633  2137020  1734240  1909402  1684882  1536221  1453650 
"524288"   0  0  0  0  202051  286865  356526  360134  239271  419425  370460  491836  453620 

"Record rewrite report"
        "4"  "8"  "16"  "32"  "64"  "128"  "256"  "512"  "1024"  "2048"  "4096"  "8192"  "16384"
"64"   1336792  2052169  2222043  2278628  2006158 
"128"   1561553  2132084  2035099  2905056  2727923  2276751 
"256"   1629830  2345409  2819657  2842047  3159869  2975955  1707589 
"512"   1571169  2474613  2906696  2750343  3459188  3678421  2708713  2207515 
"1024"   1617808  2448941  2958362  3631168  3984917  3908759  4356809  3348104  3532609 
"2048"   1577928  2461436  3016334  3677503  4128177  2608697  2147051  4385291  4293237  2531062 
"4096"   1540960  2244324  3049966  3352296  3723578  3474326  4566920  4289813  4581535  3823862  1240530 
"8192"   1657344  2558468  3018564  2452724  3804725  3286187  4362141  4162392  4525898  3368665  1541016  1365985 
"16384"   1486765  2390757  2297249  3625438  3065944  4362087  4629505  4561287  4463229  3724470  1577190  1226699  1292525 
"32768"   0  0  0  0  3970410  4525960  3452909  4613933  3001518  2606821  1452354  1303260  1371156 
"65536"   0  0  0  0  3364610  4235484  4051688  4675127  4648955  3639282  1559380  1361672  1054037 
"131072"   0  0  0  0  3649302  4507939  4561236  3997212  3918463  3283108  1308232  1336009  1347286 
"262144"   0  0  0  0  4170870  4437705  3639022  3466688  2714945  2618659  1558618  1338910  1325941 
"524288"   0  0  0  0  3903685  4368629  4534622  4459020  3381589  3816140  1224219  1342648  1309815 

"Stride read report"
        "4"  "8"  "16"  "32"  "64"  "128"  "256"  "512"  "1024"  "2048"  "4096"  "8192"  "16384"
"64"   2067979  3165299  3541098  2379626  1828508 
"128"   1997245  3199360  2326073  4759253  5122535  2367096 
"256"   1652404  2557711  4132864  4572895  4572895  6249745  2557711 
"512"   1600443  2860238  3659616  3634839  4411377  4457157  2830083  3140488 
"1024"   2094282  2861774  3241960  3012308  6128613  5065980  6569179  4282950  3570790 
"2048"   1712231  1643753  3946119  2441150  5670651  5769681  5578583  2479196  3771144  3204236 
"4096"   1386053  2067670  3207110  3942321  2394138  2732251  6861502  6967243  5185897  3683658  1995152 
"8192"   1539221  1912294  1912188  1714916  2271146  2276262  2646761  6491781  6248582  3316639  1855898  1601568 
"16384"   1366795  1686458  1742256  2438520  2436964  2416823  2507112  2926249  4760019  4378485  1815391  1430529  1521998 
"32768"   0  0  0  0  2653527  2643676  1791300  2744617  2746427  2855885  1786201  1574693  1332562 
"65536"   0  0  0  0  2079921  2398129  1866111  2681165  2790190  2071567  1820494  1449015  1174542 
"131072"   0  0  0  0  2223744  2553419  2824216  2128511  2404062  1969322  1415416  1450230  1460819 
"262144"   0  0  0  0  2500061  2615948  2045748  1977130  1827245  1848559  1667147  1554865  1145428 
"524288"   0  0  0  0  298957  341018  415661  420784  381706  554054  490619  393080  434874 

"Fwrite report"
        "4"  "8"  "16"  "32"  "64"  "128"  "256"  "512"  "1024"  "2048"  "4096"  "8192"  "16384"
"64"   1168097  1492919  1421755  1392258  1933893 
"128"   1217930  1306873  1017175  2066432  1123617  2202044 
"256"   1137672  1325925  1600674  1300235  1881098  1461259  1694118 
"512"   1147892  1334001  1834193  1293037  1889050  1904125  1421416  2483197 
"1024"   1226150  1508167  1577984  1910737  1838751  1973059  2798378  1438461  3923040 
"2048"   1261962  1357061  1921339  2049709  2148662  1806199  1676148  2060526  1790388  3372826 
"4096"   1186880  1359402  1489910  2336505  1608179  2269226  2238184  2058256  2375598  1714591  1634495 
"8192"   1096780  1344077  1447103  1291680  1575715  1676918  1356280  1777000  1956058  1217575  835661  1344919 
"16384"   1121807  1395920  1231602  1712216  1744290  1628315  1435429  1816783  930694  1405139  1085173  1090079  1362378 
"32768"   0  0  0  0  1733943  1584990  1155961  1629373  1480372  980370  1111913  1158904  1124614 
"65536"   0  0  0  0  1165562  1315962  1509067  1534517  1265442  850697  999923  1032033  766860 
"131072"   0  0  0  0  88965  95793  96077  94075  95529  97972  102685  110473  59799 
"262144"   0  0  0  0  14157  14145  14070  14321  14295  14723  14836  15197  15952 
"524288"   0  0  0  0  13139  12658  12253  12366  12754  11991  12133  12235  12264 

"Re-Fwrite report"
        "4"  "8"  "16"  "32"  "64"  "128"  "256"  "512"  "1024"  "2048"  "4096"  "8192"  "16384"
"64"   1163036  1492919  1204796  1083249  1460430 
"128"   1185654  1504659  816154  2211113  2066432  1133103 
"256"   1153561  2030503  1694118  1561112  1108314  2880164  3087188 
"512"   1176828  1264858  2253852  1171691  1055894  1778004  3239989  2178404 
"1024"   1153071  1391395  1471481  2015654  1886400  2444759  1681132  2305644  2182617 
"2048"   1132668  1501525  1574169  1750259  1851356  2014144  2013672  2231264  2625441  2288326 
"4096"   1144423  1435626  1579641  1760267  1273261  1934930  1965478  2070910  914659  2456792  1662331 
"8192"   985570  1273629  1523523  843229  1537499  1653913  1751903  1662637  1478677  1226922  1829416  1313857 
"16384"   1102107  1359198  1515921  1630711  1683524  1775843  1730280  1651481  1816399  1296500  1176586  1586952  1204446 
"32768"   0  0  0  0  1655535  1615393  1169615  1718571  1012831  1138288  1076974  1088170  1434872 
"65536"   0  0  0  0  1536173  1286683  1157737  1235546  1214104  1057256  961038  990823  1001636 
"131072"   0  0  0  0  89043  83105  84434  94771  96611  98164  103747  97831  55783 
"262144"   0  0  0  0  13934  13934  14015  14379  14412  14502  14677  15035  15832 
"524288"   0  0  0  0  11006  11012  11020  11285  11297  11323  11374  11479  11702 

"Fread report"
        "4"  "8"  "16"  "32"  "64"  "128"  "256"  "512"  "1024"  "2048"  "4096"  "8192"  "16384"
"64"   2379626  3203069  2772930  2923952  2689580 
"128"   2098744  1778862  1269781  4934216  4407601  2202044 
"256"   2325094  3810220  2152625  4734192  2419396  5569035  3123106 
"512"   2360376  1772135  1300082  1001715  1350783  2560168  2962840  5439343 
"1024"   1738989  1471481  2516377  1747480  3606774  2822283  3189002  2281152  3643490 
"2048"   1583746  2087567  2441150  2848305  2782790  2839830  2879817  1954120  2670330  2345819 
"4096"   1773166  1898159  2461367  2622558  2790386  2817385  2912925  2523925  2850576  2329851  2080188 
"8192"   1657904  2145096  1822526  2181597  2026309  2681462  2433787  2784463  2904996  2555234  1478422  1586702 
"16384"   1633191  2164610  2377605  2523778  2376208  2852874  1953267  2864767  1856740  2137809  1757899  1576431  1599213 
"32768"   0  0  0  0  2805460  2827507  2146752  2505184  2781669  2060745  1651378  1598986  1374089 
"65536"   0  0  0  0  2492527  2075179  1778111  2670252  2047678  2627423  1537289  1400011  1527890 
"131072"   0  0  0  0  2570997  2648662  2092468  2153980  2360846  1458297  1232747  1482849  1525617 
"262144"   0  0  0  0  2624879  2761212  1723951  2220859  2043767  1912005  1370029  1602600  1420642 
"524288"   0  0  0  0  212610  192877  296421  257843  310531  315243  258340  323744  230843 

"Re-Fread report"
        "4"  "8"  "16"  "32"  "64"  "128"  "256"  "512"  "1024"  "2048"  "4096"  "8192"  "16384"
"64"   2561267  2561267  1828508  2052169  1879725 
"128"   1727352  2660335  1114289  5603747  6114306  6330599 
"256"   2509882  3410808  2148318  3879045  6249745  6719046  7120034 
"512"   2830083  2910635  2681653  1510391  1734911  1795846  3104171  6319739 
"1024"   2115949  2516377  4679604  2579861  3220084  5958564  6787181  2048338  1605111 
"2048"   1955900  3915540  4063729  5447681  5723548  5184636  6149699  1713940  5200329  4796687 
"4096"   1689800  2618960  2341919  3743865  2661562  2712408  3682869  3086681  3561476  2445252  1697480 
"8192"   1706654  2144962  2351344  826793  2128881  2142287  2753668  2729821  2511345  2694711  1818379  1618009 
"16384"   1534951  2203973  2328226  2800669  2864886  2800212  2402039  2951004  2141740  2598207  1761143  1371049  1501480 
"32768"   0  0  0  0  2728598  2612867  2368338  2547108  2699178  2137636  1684986  1452738  1432359 
"65536"   0  0  0  0  2672095  2294113  1982805  2744502  2355790  2292831  1522997  1487226  1455706 
"131072"   0  0  0  0  2743760  2714537  1943047  2323676  2389777  1684425  1364582  1548194  1478152 
"262144"   0  0  0  0  2588591  2861926  2049775  2410766  1854874  1744694  1366843  1575859  1402628 
"524288"   0  0  0  0  212837  213094  289296  279090  318496  306394  262964  333789  212602 
