	Iozone: Performance Test of File I/O
	        Version $Revision: 3.414 $
		Compiled for 64 bit mode.
		Build: linux-AMD64 

	Contributors:William Norcott, Don Capps, Isom Crawford, Kirby Collins
	             Al Slater, Scott Rhine, Mike Wisner, Ken Goss
	             Steve Landherr, Brad Smith, Mark Kelly, Dr. Alain CYR,
	             Randy Dunlap, Mark Montague, Dan Million, Gavin Brebner,
	             Jean-Marc Zucconi, Jeff Blomberg, Benny Halevy, Dave Boone,
	             Erik Habbinga, Kris Strecker, Walter Wong, Joshua Root,
	             Fabrice Bacchella, Zhenghua Xue, Qin Li, Darren Sawyer,
	             Vangel Bojaxhi, Ben England.

	Run began: Thu Feb 21 18:04:47 2013

	Auto Mode
	Excel chart generation enabled
	Command line used: ./benchmarks/iozone3_414/src/current/iozone -a -R
	Output is in Kbytes/sec
	Time Resolution = 0.000001 seconds.
	Processor cache size set to 1024 Kbytes.
	Processor cache line size set to 32 bytes.
	File stride size set to 17 * record size.
                                                            random  random    bkwd   record   stride                                   
              KB  reclen   write rewrite    read    reread    read   write    read  rewrite     read   fwrite frewrite   fread  freread
              64       4  413101 1066042  1933893  2892445 2052169 1204796 1609270  1492919  1991276  1163036  1119387  983980  1279447
              64       8  743988 1188789  1210227  2561267 2923952 1255511 1599680  1562436  2379626  1336792  1083249 2467108  1768283
              64      16  653436 1033216  4274062  2467108 3958892 1518251 1879725  2203800  2662899  1363961  1049372 2662899  2662899
              64      32  598110  727850  3165299  2923952 1722886 1087638 1879725  2133730  2358717  1232453  1310683 1780008  1183548
              64      64  780776  219165  4897948  4018152 5283570 1879725  877797  1947927  2561267  1599680  1204796 2467108  4988978
             128       4  576780 1102844  2098744  2248149  821147  914904  816154   876086   978253  1048974   533241 1579934  1319723
             128       8  384631 1185654  2066432  2714132 3199360 1162547 1755594  2211113  2905056  1727352  1336145 2727923  3468030
             128      16 1000121 1584598  3785961  3759450 4104338 1749872 1175271  2558895  3124872  1196221  1409828 3036502  1858934
             128      32  934004 2326073  2985839  1939522 3053774 1391557 1997245  2843510  3657016  1663139  1057236 1618028  3468030
             128      64  718889 1663139  5122535  5325799 6045455 3199360 3277486  3560017  2770150  1220700  2464907 3277486  4135958
             128     128  631014  895074  6727225  3536566 6406138  794416 1939522  1504659  1911894  1622919  1076312 2511022  1663139
             256       4  583299  996229  1729594  1619994 1970871 1036624 1280084  1579483  1325925   882426   985259 1532153  1292410
             256       8  651223 1398455  2582316  2187712 2880164 1729594 1662639  2350543  1052888  1180188   924200 2639446  1763685
             256      16  831194 1430119  1766587  4009406 4197489 1158540 1829808  1208072  3823789  1044693  1089202 2371308  2699161
             256      32  618227 1027695  2880164  3654598 5217259 1924938 2223962  3052087  4054829  1471270  2266207 4652146  5217259
             256      64 1084800 1884399  2205688  2872459 3705040 1855098 2413957  3197509  5455847  2285501  3368013 2943325  5569035
             256     128 1292410 2639446  5687020  4070199 6761355 2049885 2719671  2935279  4840911  1829808  1622442 1694118  2223962
             256     256 1016025 1057034  6761355  6719046 6891544 1158540 2223962  2509882  3410808  1430119   625794 2557711  6073004
             512       4  537299 1185272  2307123  2736325 1347393  554074 1614885  1635797  1867692  1556366  1463057 1723770  1753325
             512       8  753025 1417662  3201349  3762197 3163620 2057359 1869318  2416145  3122224  1764853  1184618 2089386  4195896
             512      16  768658 1801873  2413429  2287463 4163357 1689859 2875558  2875558  1999881  1589779  1426135 2032051  3064306
             512      32  927716 1570020  2535981  4375425 5177083 2910635 2073249    20700  4271001  1492545   755144 1924603  2460437
             512      64  720195 1433753  2560168  2463259 3533174 1695195 1867692  3710197  5115422  1662389  1185272 2655129  2681653
             512     128  785241 1862832  5019764  3822466 6018636 2678309 1947291  3710197  5684095  2942541  2187279 2427068  2597325
             512     256 1009722 1759070  4571003  6319739 6395018 2143612 1734911  2991733  3158966  1619757  1514652 2609952  2722449
             512     512  899731 1184618  7022379  6395018 7115451 1760512 2695115  1652157  3481620  3051245  1652157 2360376  3325278
            1024       4  675011  744128  1780809  2578312 1954207 1241389 1296083  1416636  1422266  1119120  1103308 1635675  1554004
            1024       8  793922 1422266  1664841  2326879 2625597 1309518 1709231  1818510  1903961  1475525  1412443 2370545  3121783
            1024      16  854073 1111877  2202766  3618930 2529716 2011877 2098375  2666347  3179559  1503942  1436056 2188177  4265934
            1024      32  932511 1256277  2514903  4451639 5096034 2169388 2019445  3083680  2467229  2044438  1809317 1845071  3198502
            1024      64 1000037 1657133  2995501  2301937 3057339 2106609 2484355  4079544  5601115  1774922  1571057 2730767  3220084
            1024     128  828535 1935711  2375790  4374559 6355328 3040026 2220992  3751699  5472650  1319577  1900591 3160839  2796556
            1024     256  900637 1507637  2056183  2813041 1976691 2035716 3220084  3735385  3818408  2547723  1783768 1896395  1687075
            1024     512  826462 1291018  4079544  4228138 6963241 2547723 1563053  3401130  4451639  1510288  2240689 3040026  5789881
            1024    1024 1157109 1918418  7208671  7319232 7269678 2381058 2323103  1468964   625559   520866   512782 1331440  1220575
            2048       4  485093 1186650  1722532  1592555 1807339   53125 1311879  1561009  1598780  1382840   994688 1727034  1675821
            2048       8  840765 1437211  2144371  3806235 1935626 1296240 1710867  2319218  1809243  1337619  1324624 2092143  2048243
            2048      16  916376 1645012  2367151  3452815 4048407 2528827 2216868  3029098  2572756  2078978  1413560 2378952  2013672
            2048      32 1108263 1620190  2656292  5056455 2131071 1673209 1589020  3324528  2606323  2090107  1457698 2677822  2183619
            2048      64  721430 1794877  2745435  2632683 5626082 2027934 2343259  3751381  2659582  1720807  1561009 2453001  2525110
            2048     128 1177057 1810768  2467800  4611288 5225638 3121562 3016334  4441984  6280083   925060  1761024 2423245  3250308
            2048     256  727540 1805819  2905140  4180412 6167360 3465352 2809182  4164199  5197183   822175  1853353 2863496  2415069
            2048     512 1158484  154813  3363581    41569 2365196 2550602 2649737  3386122  4785996  2301200  2211731 2687877  3245396
            2048    1024 1063794 1850160  3470953  5056455 6479029 3715681 2367804  4138120  3117032  1788524  1358993 1608961  3080148
            2048    2048 1171598 1731211  3864455  3764533 5197183 2670330 1184523  2096227  2115848  1823453  1713940 2389540  1492654
            4096       4   35363 1159016  1532438  1700336 1322972   46295 1368062    54785  1148632  1109466   956786 1573564  1533532
            4096       8  745401 1280760  1657040  1482453 1611347 1190334 1198723    81606  1634495  1033822  1055935  599608  1796342
            4096      16  922517 1556315  2302374  2946902 3706707 2298370 1693297  2642729  2063448  1559848  1504260 2079181  2234690
            4096      32 1018138 1633874  2382847  2473416 1916795 1596967 1855116  3586757  3088901  2203449  1275246 2259377  1819553
            4096      64  874480 1477100  2247848  2027887  158993 1973154 2431065  4072211  2233528  1634495  1224526 2171696    45794
            4096     128  948126 1798034  1696809  2374613 3219732 1690465 3031667  4375024  3574071  2003762  1907008 2560030  4133944
            4096     256 1076446 1949642  3063563  3874745 2525409  107537 2601904  3923414  5198450  2022635  1574141 2966237  3479956
            4096     512 1216204 1997007  3212508  3824713 4768469 2352824 2799480  4226492  4307020  2046975   853327 2311668  2207980
            4096    1024  911843 1262686  2616965  2923832 2465960 1973154 1893556  4214051  4824714  2262949  2177752 2125746  3015702
            4096    2048   77978 1394718  3441614  3268741   54926 1713052 2136585  1602628  1944786  1500975  1448823 2597576  2121022
            4096    4096  828472 1504787  1633874  1257142   36937 1156363 1917651  1636364  1593117   105417  1675299 1701009  1635740
            8192       4  163637 1167435  1495474  1621522 1263606   68486 1339466  1609143   151339   256408  1113810 1245919    91357
            8192       8  815452 1181607   126410  2099996  106643 1189132 1634480  2131655  1717402   104208    90041 1643314  1768585
            8192      16   85997  973617  2220653  2012306 2038814  123817 1995129  2867420  1639393   150910   274744 2364125  2358769
            8192      32 1039069 1552084  2548222   159663 2084960 1719637 1710903    94626  1901079   106208  1676591 2347970  2683347
            8192      64 1009843 1801220  2768534   207982 2152892   80949 2624923    83255  2256826  1758358   124345 2632364  2658022
            8192     128 1054180 1919881  2455704  1996520 2552007   50865 2622319   314739  2619719   200180  1807189 2400964  2789210
            8192     256 1127924 1907835  2890577  2577662  129425 1975400 2668343  4578974  2701915  1918487  1507283 2160880  2459395
            8192     512  146636 1956503  1959292  2495295  158428 1705976 1734131   160526  6220301  1361277   913268 1810808  1943555
            8192    1024  102039 1532356   201967  1933928 1760610   71785 1618009   131241  4384965   932603  1492681 2451324   108223
            8192    2048  907096 1083329  1424426   266745 1771229   79988 2218216  3455043  2101024  1146555   123365 2012306   105385
            8192    4096  100770 1332040  1602464  1517602 1611634   72174 1627975  1794073  1668369   978859  1492421  153287   123738
            8192    8192   68466   66066    59244  1681761 1541016   71338 1461817    64914  1491126    99693  1440490 1403193  1404168
           16384       4   71018  102004  1313325   284518  149196  129985   74041   138541   449691   133295   165129 1618650   200582
           16384       8   98123  444277  2113222  2143945  139912  149418 1791958   142466   166948   436847   123506 2122556   156885
           16384      16  118848  270684  2019984  2196225 2166111 1549907 1835318  3040307  1953933  1455834  1428031 2202137  2162090
           16384      32 1014671 1742786  2565231  2464140 2326256 1862881 2457092  3607926  1972781  1621859  1222705 2171244  2587933
           16384      64 1069733 1413986  2618901  2889096 2641654 1875899 2414784  3873089  2320364  1675602  1442631 2297940  2439559
           16384     128 1050197 1931363  2718462  2754971 2903868 1903596 2578997  4354072  2777464  1575383  1663514 2657591  2725686
           16384     256 1061275 1838854  2603522  2735233 2840961 1945140 2747591  4070623  2704979  1740006  1481891 2600566  2675803
           16384     512 1059834 1680437  2785909  2733384 1973517 1666904 1855287  4080776  2524056  1402644  1411662  345464  1359548
           16384    1024  685605 1732461  2747591  2160663 2862857 1903807 2533081  4064363  6692713  1873547  1804380 2889096  2337571
           16384    2048  967691 1291797  2100240  2507112 2582584 1811610 2267086  3310536  4011924  1243390  1193734 2278738  2446072
           16384    4096  915261 1287344  1607706  1455464 1582712 1422239 1319477  1826780  1754354  1263903  1200470 1692230  1697288
           16384    8192  879577  914700  1440605  1203476 1406836 1266956 1472051  1014926  1387773  1033363  1347921 1451314  1481891
           16384   16384  835700 1126496  1256922  1345809 1389878 1153150 1274924   931021  1180832  1368510  1334960 1285730  1400700
           32768      64 1051336 1339380  1479432  2140300 2590557 1336983 1967325  3256939  2478306  1095918  1025473 1242107  2455810
           32768     128  678189 1126273  1652530  1912465 1629025 1158338 2120781  3898224  2379491  1365339  1144696 2031113  2047879
           32768     256  955699 1479766  2451255  1740575 2262525 1616495 2079987  4080752  2225054  1298617  1358484 1804209  2181058
           32768     512  870308  771358  2271462  1945960 2029973 1678688 2074431  3692232  2191421  1076333  1110817 2379862  1997345
           32768    1024 1046732 1764372  2342584  2151827 2661698 1782819 2556394  4463056  2625245  1155387  1237510 2843948  2585830
           32768    2048 1012010 1329122  2195061  2331417 2580150 1714626 2656707  2720442  3574503  1139080   924476 2384486  2501218
           32768    4096  877442 1312294  1548227  1704631 1731649 1193379 1690811  1487502  1782241  1028274  1157840 1631559  1576825
           32768    8192  920396 1276011  1461093  1423149 1543255 1215652 1516621  1298666  1259234  1000554  1126356 1406949  1523598
           32768   16384  839969 1071792  1335450  1567241 1491958 1268064 1567563  1359102  1514165  1018309  1541075 1434917  1384373
           65536      64 1012860  645630  2238641  2291703 2167041 1460253 2379322  3265366  2362858  1349950  1390450 2282208  2203857
           65536     128  839709 1716722  2123662  2546467 2495559 1615021 2525573  4448812  2732172  1639546  1453128 2658887  2523718
           65536     256  973905 1583792  1480442  2453701 2444993 1390654 2584949  3994168  2075822  1404123  1589488 2522444  2126767
           65536     512 1018512 1609432  2487789  2768273 2762652 1752167 2409058  4655885  2678004  1304068  1387768 2404801  2822769
           65536    1024 1036763 1664959  2590577  2529361 2690982 1757275 2439460  4460073  2402867  1530928   944539 2495355  2784509
           65536    2048  948146 1532071  2396623  2616319 2579637 1418096 2357427  3818925  2679649  1006772   988684 2327012  2408256
           65536    4096  830484 1209036  1693131  1615619 1662502 1215317 1507197  1573943  1787919   957176   845419 1682570  1611962
           65536    8192  791859  596709  1169012  1205082 1154309  988745 1178490  1190051  1361929   842656   844015 1320596  1379211
           65536   16384  749282  971063  1194561  1170137 1158943 1017388 1181981  1044099  1130278  1065662   424439 1046815  1031201
          131072      64   60457   57611  2414653  2276734 2097617   64577 2592040  4101651  2509282    58919    83533 2719223  2452790
          131072     128   84157   83590  2074285  2700125 2630287   85040 2603937  4487699  2655263    82415    86896 2672326  2774781
          131072     256   76564   84884  2388863  2373506 2398828   71177 2146579  3989177  2130483    90276    91468 2576503  2756057
          131072     512   89764   91793  2598362  2744911 2781492   90708 2415576  4190952  2415937    91013    92533 2082551  2075499
          131072    1024   90438   94684  2674393  2906902 2822578   97251 2639645  4183331  2708492    98324    97202 2905735  2735460
          131072    2048   94432   93522  1919459  1827908 1938443   90154 2438776  3775437  2626642    97463    96923 2321586  2528010
          131072    4096   92644   95035  1637192  1628005 1620757   93026 1274276  1059680  1296563    92398    95583 1284278  1370873
          131072    8192   87007   77395  1383681  1384002 1129024   86160 1543552  1362718  1512800   110761   109779 1441476  1514583
          131072   16384   91701   88629  1202583  1208749 1235748   94602 1499869  1349657  1446856   134961   135217 1499010  1516054
          262144      64   49156   46747  2730608  2654268 2519938   14996 2211047  3810012  2121025    14390    14463 2693159  2639124
          262144     128   14612   14362  2607827  2807972 2656936   14576 2633423  4501328  2604664    14472    14355 2680383  2722386
          262144     256   14540   13932  2825252  2713504 2382195   14569 2346016  4284994  2355711    14541    14351 2215980  2019290
          262144     512   14221   14149  2229741  2347423 2432166   14490 2133073  3578419  2059778    14174    14358 2158750  1927926
          262144    1024   14584   14210  2312021  2413693 2190027   14196 2053389  3831440  1797008    14592    14408 2278361  2263530
          262144    2048   14567   14041  2302879  2258012 2318320   14644 1521264  2075185  1938907    14462    14527 1958270  1874758
          262144    4096   14346   14328  1656969  1688517 1691054   14714 1643196  1558360  1644907    14823    14676 1416955  1398162
          262144    8192   14693   14332   780803   771801  515933   14857 1521607  1375037  1440097    15235    15075 1425532  1426190
          262144   16384   14711   14348  1526951  1493417 1527617   14811 1523509  1342393  1525388    15914    15867 1449342  1467334
          524288      64   11364   11266    95416   100263  241003   14393  174893  3982527   321173    13188    11024  235008   228548
          524288     128   12258   11251   111266   112886  354905   13580  294630  4068183   372988    12530    11274  263533   265272
          524288     256   12093   11124   112302   108765  443916   13475  354880  4600555   414300    12072    11273  289446   291755
          524288     512   12021   11257    55245    93827  446847   15954  397604  4140508   401960    12361    11266  313496   310987
          524288    1024   11891   11198   113016   112060  474171   13463  405558  4672293   477198    11903    11297  312341   301671
          524288    2048   11964   11251   112542   110241  493730   13442  400685  3645270   507396    11996    11323  239366   247918
          524288    4096   12286   11269   113455   115197  493310   13345  380542  1368612   559257    12184    11374  244612   279988
          524288    8192   11956   11264   115433   112511  521066   13326  360144  1075105   397599    12479    11483  242820   149901
          524288   16384   12370   11259    95967    86666  311969   14682  460544  1283783   377543    12372    11709  218125   223158

iozone test complete.
Excel output is below:

"Writer report"
        "4"  "8"  "16"  "32"  "64"  "128"  "256"  "512"  "1024"  "2048"  "4096"  "8192"  "16384"
"64"   413101  743988  653436  598110  780776 
"128"   576780  384631  1000121  934004  718889  631014 
"256"   583299  651223  831194  618227  1084800  1292410  1016025 
"512"   537299  753025  768658  927716  720195  785241  1009722  899731 
"1024"   675011  793922  854073  932511  1000037  828535  900637  826462  1157109 
"2048"   485093  840765  916376  1108263  721430  1177057  727540  1158484  1063794  1171598 
"4096"   35363  745401  922517  1018138  874480  948126  1076446  1216204  911843  77978  828472 
"8192"   163637  815452  85997  1039069  1009843  1054180  1127924  146636  102039  907096  100770  68466 
"16384"   71018  98123  118848  1014671  1069733  1050197  1061275  1059834  685605  967691  915261  879577  835700 
"32768"   0  0  0  0  1051336  678189  955699  870308  1046732  1012010  877442  920396  839969 
"65536"   0  0  0  0  1012860  839709  973905  1018512  1036763  948146  830484  791859  749282 
"131072"   0  0  0  0  60457  84157  76564  89764  90438  94432  92644  87007  91701 
"262144"   0  0  0  0  49156  14612  14540  14221  14584  14567  14346  14693  14711 
"524288"   0  0  0  0  11364  12258  12093  12021  11891  11964  12286  11956  12370 

"Re-writer report"
        "4"  "8"  "16"  "32"  "64"  "128"  "256"  "512"  "1024"  "2048"  "4096"  "8192"  "16384"
"64"   1066042  1188789  1033216  727850  219165 
"128"   1102844  1185654  1584598  2326073  1663139  895074 
"256"   996229  1398455  1430119  1027695  1884399  2639446  1057034 
"512"   1185272  1417662  1801873  1570020  1433753  1862832  1759070  1184618 
"1024"   744128  1422266  1111877  1256277  1657133  1935711  1507637  1291018  1918418 
"2048"   1186650  1437211  1645012  1620190  1794877  1810768  1805819  154813  1850160  1731211 
"4096"   1159016  1280760  1556315  1633874  1477100  1798034  1949642  1997007  1262686  1394718  1504787 
"8192"   1167435  1181607  973617  1552084  1801220  1919881  1907835  1956503  1532356  1083329  1332040  66066 
"16384"   102004  444277  270684  1742786  1413986  1931363  1838854  1680437  1732461  1291797  1287344  914700  1126496 
"32768"   0  0  0  0  1339380  1126273  1479766  771358  1764372  1329122  1312294  1276011  1071792 
"65536"   0  0  0  0  645630  1716722  1583792  1609432  1664959  1532071  1209036  596709  971063 
"131072"   0  0  0  0  57611  83590  84884  91793  94684  93522  95035  77395  88629 
"262144"   0  0  0  0  46747  14362  13932  14149  14210  14041  14328  14332  14348 
"524288"   0  0  0  0  11266  11251  11124  11257  11198  11251  11269  11264  11259 

"Reader report"
        "4"  "8"  "16"  "32"  "64"  "128"  "256"  "512"  "1024"  "2048"  "4096"  "8192"  "16384"
"64"   1933893  1210227  4274062  3165299  4897948 
"128"   2098744  2066432  3785961  2985839  5122535  6727225 
"256"   1729594  2582316  1766587  2880164  2205688  5687020  6761355 
"512"   2307123  3201349  2413429  2535981  2560168  5019764  4571003  7022379 
"1024"   1780809  1664841  2202766  2514903  2995501  2375790  2056183  4079544  7208671 
"2048"   1722532  2144371  2367151  2656292  2745435  2467800  2905140  3363581  3470953  3864455 
"4096"   1532438  1657040  2302374  2382847  2247848  1696809  3063563  3212508  2616965  3441614  1633874 
"8192"   1495474  126410  2220653  2548222  2768534  2455704  2890577  1959292  201967  1424426  1602464  59244 
"16384"   1313325  2113222  2019984  2565231  2618901  2718462  2603522  2785909  2747591  2100240  1607706  1440605  1256922 
"32768"   0  0  0  0  1479432  1652530  2451255  2271462  2342584  2195061  1548227  1461093  1335450 
"65536"   0  0  0  0  2238641  2123662  1480442  2487789  2590577  2396623  1693131  1169012  1194561 
"131072"   0  0  0  0  2414653  2074285  2388863  2598362  2674393  1919459  1637192  1383681  1202583 
"262144"   0  0  0  0  2730608  2607827  2825252  2229741  2312021  2302879  1656969  780803  1526951 
"524288"   0  0  0  0  95416  111266  112302  55245  113016  112542  113455  115433  95967 

"Re-Reader report"
        "4"  "8"  "16"  "32"  "64"  "128"  "256"  "512"  "1024"  "2048"  "4096"  "8192"  "16384"
"64"   2892445  2561267  2467108  2923952  4018152 
"128"   2248149  2714132  3759450  1939522  5325799  3536566 
"256"   1619994  2187712  4009406  3654598  2872459  4070199  6719046 
"512"   2736325  3762197  2287463  4375425  2463259  3822466  6319739  6395018 
"1024"   2578312  2326879  3618930  4451639  2301937  4374559  2813041  4228138  7319232 
"2048"   1592555  3806235  3452815  5056455  2632683  4611288  4180412  41569  5056455  3764533 
"4096"   1700336  1482453  2946902  2473416  2027887  2374613  3874745  3824713  2923832  3268741  1257142 
"8192"   1621522  2099996  2012306  159663  207982  1996520  2577662  2495295  1933928  266745  1517602  1681761 
"16384"   284518  2143945  2196225  2464140  2889096  2754971  2735233  2733384  2160663  2507112  1455464  1203476  1345809 
"32768"   0  0  0  0  2140300  1912465  1740575  1945960  2151827  2331417  1704631  1423149  1567241 
"65536"   0  0  0  0  2291703  2546467  2453701  2768273  2529361  2616319  1615619  1205082  1170137 
"131072"   0  0  0  0  2276734  2700125  2373506  2744911  2906902  1827908  1628005  1384002  1208749 
"262144"   0  0  0  0  2654268  2807972  2713504  2347423  2413693  2258012  1688517  771801  1493417 
"524288"   0  0  0  0  100263  112886  108765  93827  112060  110241  115197  112511  86666 

"Random read report"
        "4"  "8"  "16"  "32"  "64"  "128"  "256"  "512"  "1024"  "2048"  "4096"  "8192"  "16384"
"64"   2052169  2923952  3958892  1722886  5283570 
"128"   821147  3199360  4104338  3053774  6045455  6406138 
"256"   1970871  2880164  4197489  5217259  3705040  6761355  6891544 
"512"   1347393  3163620  4163357  5177083  3533174  6018636  6395018  7115451 
"1024"   1954207  2625597  2529716  5096034  3057339  6355328  1976691  6963241  7269678 
"2048"   1807339  1935626  4048407  2131071  5626082  5225638  6167360  2365196  6479029  5197183 
"4096"   1322972  1611347  3706707  1916795  158993  3219732  2525409  4768469  2465960  54926  36937 
"8192"   1263606  106643  2038814  2084960  2152892  2552007  129425  158428  1760610  1771229  1611634  1541016 
"16384"   149196  139912  2166111  2326256  2641654  2903868  2840961  1973517  2862857  2582584  1582712  1406836  1389878 
"32768"   0  0  0  0  2590557  1629025  2262525  2029973  2661698  2580150  1731649  1543255  1491958 
"65536"   0  0  0  0  2167041  2495559  2444993  2762652  2690982  2579637  1662502  1154309  1158943 
"131072"   0  0  0  0  2097617  2630287  2398828  2781492  2822578  1938443  1620757  1129024  1235748 
"262144"   0  0  0  0  2519938  2656936  2382195  2432166  2190027  2318320  1691054  515933  1527617 
"524288"   0  0  0  0  241003  354905  443916  446847  474171  493730  493310  521066  311969 

"Random write report"
        "4"  "8"  "16"  "32"  "64"  "128"  "256"  "512"  "1024"  "2048"  "4096"  "8192"  "16384"
"64"   1204796  1255511  1518251  1087638  1879725 
"128"   914904  1162547  1749872  1391557  3199360  794416 
"256"   1036624  1729594  1158540  1924938  1855098  2049885  1158540 
"512"   554074  2057359  1689859  2910635  1695195  2678309  2143612  1760512 
"1024"   1241389  1309518  2011877  2169388  2106609  3040026  2035716  2547723  2381058 
"2048"   53125  1296240  2528827  1673209  2027934  3121562  3465352  2550602  3715681  2670330 
"4096"   46295  1190334  2298370  1596967  1973154  1690465  107537  2352824  1973154  1713052  1156363 
"8192"   68486  1189132  123817  1719637  80949  50865  1975400  1705976  71785  79988  72174  71338 
"16384"   129985  149418  1549907  1862881  1875899  1903596  1945140  1666904  1903807  1811610  1422239  1266956  1153150 
"32768"   0  0  0  0  1336983  1158338  1616495  1678688  1782819  1714626  1193379  1215652  1268064 
"65536"   0  0  0  0  1460253  1615021  1390654  1752167  1757275  1418096  1215317  988745  1017388 
"131072"   0  0  0  0  64577  85040  71177  90708  97251  90154  93026  86160  94602 
"262144"   0  0  0  0  14996  14576  14569  14490  14196  14644  14714  14857  14811 
"524288"   0  0  0  0  14393  13580  13475  15954  13463  13442  13345  13326  14682 

"Backward read report"
        "4"  "8"  "16"  "32"  "64"  "128"  "256"  "512"  "1024"  "2048"  "4096"  "8192"  "16384"
"64"   1609270  1599680  1879725  1879725  877797 
"128"   816154  1755594  1175271  1997245  3277486  1939522 
"256"   1280084  1662639  1829808  2223962  2413957  2719671  2223962 
"512"   1614885  1869318  2875558  2073249  1867692  1947291  1734911  2695115 
"1024"   1296083  1709231  2098375  2019445  2484355  2220992  3220084  1563053  2323103 
"2048"   1311879  1710867  2216868  1589020  2343259  3016334  2809182  2649737  2367804  1184523 
"4096"   1368062  1198723  1693297  1855116  2431065  3031667  2601904  2799480  1893556  2136585  1917651 
"8192"   1339466  1634480  1995129  1710903  2624923  2622319  2668343  1734131  1618009  2218216  1627975  1461817 
"16384"   74041  1791958  1835318  2457092  2414784  2578997  2747591  1855287  2533081  2267086  1319477  1472051  1274924 
"32768"   0  0  0  0  1967325  2120781  2079987  2074431  2556394  2656707  1690811  1516621  1567563 
"65536"   0  0  0  0  2379322  2525573  2584949  2409058  2439460  2357427  1507197  1178490  1181981 
"131072"   0  0  0  0  2592040  2603937  2146579  2415576  2639645  2438776  1274276  1543552  1499869 
"262144"   0  0  0  0  2211047  2633423  2346016  2133073  2053389  1521264  1643196  1521607  1523509 
"524288"   0  0  0  0  174893  294630  354880  397604  405558  400685  380542  360144  460544 

"Record rewrite report"
        "4"  "8"  "16"  "32"  "64"  "128"  "256"  "512"  "1024"  "2048"  "4096"  "8192"  "16384"
"64"   1492919  1562436  2203800  2133730  1947927 
"128"   876086  2211113  2558895  2843510  3560017  1504659 
"256"   1579483  2350543  1208072  3052087  3197509  2935279  2509882 
"512"   1635797  2416145  2875558  20700  3710197  3710197  2991733  1652157 
"1024"   1416636  1818510  2666347  3083680  4079544  3751699  3735385  3401130  1468964 
"2048"   1561009  2319218  3029098  3324528  3751381  4441984  4164199  3386122  4138120  2096227 
"4096"   54785  81606  2642729  3586757  4072211  4375024  3923414  4226492  4214051  1602628  1636364 
"8192"   1609143  2131655  2867420  94626  83255  314739  4578974  160526  131241  3455043  1794073  64914 
"16384"   138541  142466  3040307  3607926  3873089  4354072  4070623  4080776  4064363  3310536  1826780  1014926  931021 
"32768"   0  0  0  0  3256939  3898224  4080752  3692232  4463056  2720442  1487502  1298666  1359102 
"65536"   0  0  0  0  3265366  4448812  3994168  4655885  4460073  3818925  1573943  1190051  1044099 
"131072"   0  0  0  0  4101651  4487699  3989177  4190952  4183331  3775437  1059680  1362718  1349657 
"262144"   0  0  0  0  3810012  4501328  4284994  3578419  3831440  2075185  1558360  1375037  1342393 
"524288"   0  0  0  0  3982527  4068183  4600555  4140508  4672293  3645270  1368612  1075105  1283783 

"Stride read report"
        "4"  "8"  "16"  "32"  "64"  "128"  "256"  "512"  "1024"  "2048"  "4096"  "8192"  "16384"
"64"   1991276  2379626  2662899  2358717  2561267 
"128"   978253  2905056  3124872  3657016  2770150  1911894 
"256"   1325925  1052888  3823789  4054829  5455847  4840911  3410808 
"512"   1867692  3122224  1999881  4271001  5115422  5684095  3158966  3481620 
"1024"   1422266  1903961  3179559  2467229  5601115  5472650  3818408  4451639  625559 
"2048"   1598780  1809243  2572756  2606323  2659582  6280083  5197183  4785996  3117032  2115848 
"4096"   1148632  1634495  2063448  3088901  2233528  3574071  5198450  4307020  4824714  1944786  1593117 
"8192"   151339  1717402  1639393  1901079  2256826  2619719  2701915  6220301  4384965  2101024  1668369  1491126 
"16384"   449691  166948  1953933  1972781  2320364  2777464  2704979  2524056  6692713  4011924  1754354  1387773  1180832 
"32768"   0  0  0  0  2478306  2379491  2225054  2191421  2625245  3574503  1782241  1259234  1514165 
"65536"   0  0  0  0  2362858  2732172  2075822  2678004  2402867  2679649  1787919  1361929  1130278 
"131072"   0  0  0  0  2509282  2655263  2130483  2415937  2708492  2626642  1296563  1512800  1446856 
"262144"   0  0  0  0  2121025  2604664  2355711  2059778  1797008  1938907  1644907  1440097  1525388 
"524288"   0  0  0  0  321173  372988  414300  401960  477198  507396  559257  397599  377543 

"Fwrite report"
        "4"  "8"  "16"  "32"  "64"  "128"  "256"  "512"  "1024"  "2048"  "4096"  "8192"  "16384"
"64"   1163036  1336792  1363961  1232453  1599680 
"128"   1048974  1727352  1196221  1663139  1220700  1622919 
"256"   882426  1180188  1044693  1471270  2285501  1829808  1430119 
"512"   1556366  1764853  1589779  1492545  1662389  2942541  1619757  3051245 
"1024"   1119120  1475525  1503942  2044438  1774922  1319577  2547723  1510288  520866 
"2048"   1382840  1337619  2078978  2090107  1720807  925060  822175  2301200  1788524  1823453 
"4096"   1109466  1033822  1559848  2203449  1634495  2003762  2022635  2046975  2262949  1500975  105417 
"8192"   256408  104208  150910  106208  1758358  200180  1918487  1361277  932603  1146555  978859  99693 
"16384"   133295  436847  1455834  1621859  1675602  1575383  1740006  1402644  1873547  1243390  1263903  1033363  1368510 
"32768"   0  0  0  0  1095918  1365339  1298617  1076333  1155387  1139080  1028274  1000554  1018309 
"65536"   0  0  0  0  1349950  1639546  1404123  1304068  1530928  1006772  957176  842656  1065662 
"131072"   0  0  0  0  58919  82415  90276  91013  98324  97463  92398  110761  134961 
"262144"   0  0  0  0  14390  14472  14541  14174  14592  14462  14823  15235  15914 
"524288"   0  0  0  0  13188  12530  12072  12361  11903  11996  12184  12479  12372 

"Re-Fwrite report"
        "4"  "8"  "16"  "32"  "64"  "128"  "256"  "512"  "1024"  "2048"  "4096"  "8192"  "16384"
"64"   1119387  1083249  1049372  1310683  1204796 
"128"   533241  1336145  1409828  1057236  2464907  1076312 
"256"   985259  924200  1089202  2266207  3368013  1622442  625794 
"512"   1463057  1184618  1426135  755144  1185272  2187279  1514652  1652157 
"1024"   1103308  1412443  1436056  1809317  1571057  1900591  1783768  2240689  512782 
"2048"   994688  1324624  1413560  1457698  1561009  1761024  1853353  2211731  1358993  1713940 
"4096"   956786  1055935  1504260  1275246  1224526  1907008  1574141  853327  2177752  1448823  1675299 
"8192"   1113810  90041  274744  1676591  124345  1807189  1507283  913268  1492681  123365  1492421  1440490 
"16384"   165129  123506  1428031  1222705  1442631  1663514  1481891  1411662  1804380  1193734  1200470  1347921  1334960 
"32768"   0  0  0  0  1025473  1144696  1358484  1110817  1237510  924476  1157840  1126356  1541075 
"65536"   0  0  0  0  1390450  1453128  1589488  1387768  944539  988684  845419  844015  424439 
"131072"   0  0  0  0  83533  86896  91468  92533  97202  96923  95583  109779  135217 
"262144"   0  0  0  0  14463  14355  14351  14358  14408  14527  14676  15075  15867 
"524288"   0  0  0  0  11024  11274  11273  11266  11297  11323  11374  11483  11709 

"Fread report"
        "4"  "8"  "16"  "32"  "64"  "128"  "256"  "512"  "1024"  "2048"  "4096"  "8192"  "16384"
"64"   983980  2467108  2662899  1780008  2467108 
"128"   1579934  2727923  3036502  1618028  3277486  2511022 
"256"   1532153  2639446  2371308  4652146  2943325  1694118  2557711 
"512"   1723770  2089386  2032051  1924603  2655129  2427068  2609952  2360376 
"1024"   1635675  2370545  2188177  1845071  2730767  3160839  1896395  3040026  1331440 
"2048"   1727034  2092143  2378952  2677822  2453001  2423245  2863496  2687877  1608961  2389540 
"4096"   1573564  599608  2079181  2259377  2171696  2560030  2966237  2311668  2125746  2597576  1701009 
"8192"   1245919  1643314  2364125  2347970  2632364  2400964  2160880  1810808  2451324  2012306  153287  1403193 
"16384"   1618650  2122556  2202137  2171244  2297940  2657591  2600566  345464  2889096  2278738  1692230  1451314  1285730 
"32768"   0  0  0  0  1242107  2031113  1804209  2379862  2843948  2384486  1631559  1406949  1434917 
"65536"   0  0  0  0  2282208  2658887  2522444  2404801  2495355  2327012  1682570  1320596  1046815 
"131072"   0  0  0  0  2719223  2672326  2576503  2082551  2905735  2321586  1284278  1441476  1499010 
"262144"   0  0  0  0  2693159  2680383  2215980  2158750  2278361  1958270  1416955  1425532  1449342 
"524288"   0  0  0  0  235008  263533  289446  313496  312341  239366  244612  242820  218125 

"Re-Fread report"
        "4"  "8"  "16"  "32"  "64"  "128"  "256"  "512"  "1024"  "2048"  "4096"  "8192"  "16384"
"64"   1279447  1768283  2662899  1183548  4988978 
"128"   1319723  3468030  1858934  3468030  4135958  1663139 
"256"   1292410  1763685  2699161  5217259  5569035  2223962  6073004 
"512"   1753325  4195896  3064306  2460437  2681653  2597325  2722449  3325278 
"1024"   1554004  3121783  4265934  3198502  3220084  2796556  1687075  5789881  1220575 
"2048"   1675821  2048243  2013672  2183619  2525110  3250308  2415069  3245396  3080148  1492654 
"4096"   1533532  1796342  2234690  1819553  45794  4133944  3479956  2207980  3015702  2121022  1635740 
"8192"   91357  1768585  2358769  2683347  2658022  2789210  2459395  1943555  108223  105385  123738  1404168 
"16384"   200582  156885  2162090  2587933  2439559  2725686  2675803  1359548  2337571  2446072  1697288  1481891  1400700 
"32768"   0  0  0  0  2455810  2047879  2181058  1997345  2585830  2501218  1576825  1523598  1384373 
"65536"   0  0  0  0  2203857  2523718  2126767  2822769  2784509  2408256  1611962  1379211  1031201 
"131072"   0  0  0  0  2452790  2774781  2756057  2075499  2735460  2528010  1370873  1514583  1516054 
"262144"   0  0  0  0  2639124  2722386  2019290  1927926  2263530  1874758  1398162  1426190  1467334 
"524288"   0  0  0  0  228548  265272  291755  310987  301671  247918  279988  149901  223158 
