	Iozone: Performance Test of File I/O
	        Version $Revision: 3.414 $
		Compiled for 64 bit mode.
		Build: linux-AMD64 

	Contributors:William Norcott, Don Capps, Isom Crawford, Kirby Collins
	             Al Slater, Scott Rhine, Mike Wisner, Ken Goss
	             Steve Landherr, Brad Smith, Mark Kelly, Dr. Alain CYR,
	             Randy Dunlap, Mark Montague, Dan Million, Gavin Brebner,
	             Jean-Marc Zucconi, Jeff Blomberg, Benny Halevy, Dave Boone,
	             Erik Habbinga, Kris Strecker, Walter Wong, Joshua Root,
	             Fabrice Bacchella, Zhenghua Xue, Qin Li, Darren Sawyer,
	             Vangel Bojaxhi, Ben England.

	Run began: Mon Feb 25 21:04:31 2013

	Auto Mode
	Excel chart generation enabled
	Command line used: ./benchmarks/iozone3_414/src/current/iozone -a -R
	Output is in Kbytes/sec
	Time Resolution = 0.000001 seconds.
	Processor cache size set to 1024 Kbytes.
	Processor cache line size set to 32 bytes.
	File stride size set to 17 * record size.
                                                            random  random    bkwd   record   stride                                   
              KB  reclen   write rewrite    read    reread    read   write    read  rewrite     read   fwrite frewrite   fread  freread
              64       4  546928 1143223  2662899  1638743 2067979 1083249 1163036  1421755  1933893  1124074   842003 2133730  2561267
              64       8  653436 1255511  1780008  2067979 2892445 1249666 1204796  2133730  1638743  1210227  1033216 2561267  1722886
              64      16  821391 1526887  4018152  3791156 3738358 1421755 2537060  2203800  2923952  1421755  1124074 1828508  1879725
              64      32  754443 1828508  5283570  3203069 4564786 1526887 1679761  2203800  2444640  1452528  2662899 4018152  4564786
              64      64  939223 2561267  6421025  4564786 5860307 1722886 3203069  1933893  2801873  1879725  2689580 4564786  1599680
             128       4  590094 1040839  1306873  1658003 1504659  998261 1111981  1085013  1705404  1162547   876086 2248149  2784517
             128       8  785122 1040839  2409592  2621367 3199360 1455701 2608629  2166499  2035099  1185654  1240443 2367096  2660335
             128      16  800337 1471662  4407601  3982553 4104338 1598754 2175277  2511022  2660335  1579934  1306873 3359523  4717434
             128      32  955616 1833539  5325799  5379161 5122535 1939522 2905056  2714132  4759253  1878447  2211113 2558895  3560017
             128      64  497653 1421023  3785961  3560017 5847904 2132084 4135958  2727923  5122535  1172704  1030846 2608629   505620
             128     128  870405 1997245  4407601  6406138 5325799 2035099 2286447  1911894  5325799  3759450  1705404 5122535  6406138
             256       4  495312 1112909  2754556  1802167 2000242  992545 1413179  1588832  1775350  1158540  1185399 2392442  2135500
             256       8  864661 1495866  2842047  1376935 3197509 1581810 2350543  2350543  2903529  1340826  1099237 3009318  4070199
             256      16  495084 1610276  4009406  3770085 4197489 2613746 1938842  2872459  3197509  1967260  1996523 4054829  2413957
             256      32  661250 2588541  5217259  3114048 5217259 1868008 2699161  3197509  4264168  1525622  2350543 4054829  2692393
             256      64 1108314 1802167  3316006  6107548 6107548 2285501 4572895  3368013  5841722  2152625  2350543 3879045  1897721
             256     128 1108314 2699161  5217259  4332998 6249745 2034350 5022044  2726577  4197489  1778290  4404088 4840911  4477549
             256     256 1035624 1868008  4572895  4132864 2557711 1970871 2305128  3605511  2114473  2131261  1058076 3087188  6554972
             512       4  680918  861818  2187279  1759070 2089386 1115688 1803387  1629590  2073249  1216149  1158418 2483197  2926501
             512       8  870905 1153441  2725905  4068701 3304808 1875849 2587935  2438090  1917728  1252318  1358474 2942541  3304808
             512      16  791318 1110496  2975154  2584820 3941742 1760512 3029721  2926501  3604335   904658  1523247 3388236  2039772
             512      32 1132755 1741948  2995907  5278892 5278892 2216629 3877684  3459188  4973263   899731  1815584 3993047  4784885
             512      64  764009 1783912  3487274  6414119 4340054 2486072 4650188  2678309  4701087  1753325  1205228 2979282  5684095
             512     128 1115688 1365383  4155301  6571132 6652558 3604335 3304808  4131319  5227492  3081897  1312798 2521095  2116152
             512     256 1150351 1759070  3284589  3393590 6174377 2449212 1975959  3580298  3970896  1783912  2416145  531712  2906696
             512     512  594738  878386  4411377  6491676 6652558 2560168 2124526  2047551  2471765  2381315  1248678 2275345  2796910
            1024       4  668809 1163378  2276316  2760606 2102484 1462960 1402756  1607514  1857840  1519371  1484193 2065081  2403712
            1024       8  790707 1532928  2942149  3631168 3314514 1560781 2011877  2467229  3001782  1646334  1469467 2056183  3999762
            1024      16  927677 1738286  3010197  2150918 4195100 1651398 2306882  2993413  4064103  1484193  1605111 2875184  4550690
            1024      32 1036478 1560781  3671521  5690162 5336651 2737730 3335105  3684119  4876180  2681328  2097350 2617596  5444898
            1024      64 1322828 1334750  2625597  2694787 5630486 3241960 2386350  2924122  4048778  2115949  1084640 3970183  6355328
            1024     128 1523683 1976691  3937426  2450338 5500686 2859868 2813041  4044965  4014717  1378445  1888889 3821805  6733974
            1024     256  726261 2305644  3458646  3631168 3046495 2672984 2892612  4215688  5417427  2353657  1396825 3411938  6059442
            1024     512 1535119 1812371  5169641  6874084 7269678 3955557 4060261  4044965  3835457  1803239  1771262 2892612  4300102
            1024    1024 1238168 1701108  7306780  6402699 2579861 1212991 2659742  2503178  3567824  1164956  1861867 3684119  2306882
            2048       4  595662 1133415  1890887  2876923 2113246 1254956 1410543  1680082  1557613  1110555  1236708 1870302  2794560
            2048       8  765604 1713940  2316716  3792790 3276342 2111168 1906837  2461436  2972495  2001939  1393156 2113246  3908414
            2048      16 1099327 1532875  2727131  4878411 4250747 2064488 2178635  2993211  3569018  2233585  1715309 2828608  2786401
            2048      32 1270548 2180847  2687036  4772701 5319484 2589040 2557437  3675930  4170264  2500122  1865023 2704804  5184636
            2048      64  934724 1933883  2972495  5750369 6189580 3140967 2712491  4016229  4460436  2976615  1950570 3146720  4319142
            2048     128 1158953 1350872  1363523  1727034 3287628 2738433 1715309  4240255  6080053  1986201  1427182 1353639  1317918
            2048     256  800642 1085299  2359349  3637020 6523312 3145567 2963266  4104506  5290001  2019352  2064488 2929912  5868220
            2048     512 1098765 2081497  4038890  3407614 6149699 2226060 2666186  3730203  4633675  2255875  2253507 2844532  5251194
            2048    1024  958397 1882186  4248644  6097316 6807652 3690142 2144371  1917907  3991965  1482094  2248199 2884652  4405533
            2048    2048 1144743 1980705  5564129  6097316 6340344 2837016 1185831  2681165  3127245  1978880  1211760 2408974  4511980
            4096       4  687337 1014351  1833339  2200909 1380596 1122221 1207570  1357576  1261481  1212941  1055351 1699495  2162674
            4096       8  900610 1473932  2189130  3105091 2723588 1852515 1821096  2179963  1992144  1445775  1342512 2136585  2141379
            4096      16  959672 1681530  2479484  3379332 3384658 2077169 2297140  2980646  3261295  2235854  1573564 2416362  3366089
            4096      32 1044889 1810731  2652931  3230023 4633432 2612190 1783289  3332786  2628979  2032686  1709472 2391139  3330202
            4096      64 1019649 1878031  2876348  3810292 5217395 2736168 2832715  4125010  3828122  2585847  1374520 1449924  2298677
            4096     128  997564 1532438  2805423  2379876 4253700 1698991 2882622  4516494  4275933  2508081  1804265 2813233  4334185
            4096     256 1165226 2017883  2694540  2727047 4653513 1915727 1745069  4240052  6858763  2035817  1936675 2870580  2705573
            4096     512  861586 2059243  2888438  3222752 4761860 1934058 2607037  3421735  5920406  2082457  1372215 3025260  3927899
            4096    1024 1019407 1661687  3583764  3088901 3965067 2289487 2824797  4362802  5362331  2283098  1468138 2773270  1998169
            4096    2048 1143814 1802751  3341213  3565171 3589754 2603876 2625764  3300770  3374022  1457180  2477696 2700046  2684016
            4096    4096  980149 1508090  2046000  2125483 1999797 1598156 1884004  1446871  1915727  1465008  1240441 2060231  1789419
            8192       4  604799 1169621  1804436  1814729 1523523 1038912 1256260  1600002  1397259  1194340  1104040 1753781  1723605
            8192       8  830149 1347609  2157488  2234081 2121651 1446067 1838814  2375238  1763230  1459954  1308852 1669828  2090414
            8192      16 1001338 1605009  2352632  2353276 2341250 1564237 1998495  2271747  2000473  1458962  1498474 2026309  2150062
            8192      32  987581 1705976  2586588  2548033 2764746 1771229 2143356  3631414  2359417  1539566  1714574 2433098  2471958
            8192      64  964083 1893223  2697461  2944580 2781533 1895416 2575923  3782110  2110833  1522376  1791360 2027146  2285042
            8192     128 1172454 1838814  2915101  2610564 2877505 1675937 2564770  4264684  2891550  1834691  1609445 2390441  1858910
            8192     256 1114859 1469381  2967980  2296650 3052081 2038330 2729821  4162896  2876301  1796042  1890514 2489149  2427940
            8192     512 1133356 1756021  3011949  2892524 3195123 2001871 2298493  3602478  4976927  1669828  1564807 2942311  1584872
            8192    1024 1149739 1985904  2402979  2811117 2957252 2083948 2535436  4186227  6296676  1981666  1483785 2791249  2943571
            8192    2048 1080603 1679377  2215784  2091305 1886259 1728982 1918487  2865268  4850463  1129592  1612315 2569566  2646761
            8192    4096  870951 1465996  1897090  1847118 1806334 1212719 1869937  1561607  1760159  1025271  1778932 1702763  1831854
            8192    8192  819263  978135  1578103  1556513 1560968 1384479 1552364  1364683  1552154  1366692  1337693 1527791  1521836
           16384       4  633664 1072957  1571923  1543328 1118521  961786 1253734  1652633  1402129  1052207  1096952 1648470  1724981
           16384       8  773373 1411575  1839642  2161750 1843392 1388698 1442904  2395007  1872424  1348238  1195291 2150117  2144480
           16384      16  842493 1584500  2117063  2145351 2125050 1589595 1751358  2969238  2100497  1505460  1428803 2258294  1688405
           16384      32 1036183 1394135  2433770  2385198 2215484 1535088 2137211  2969238  2079962  1499547  1231138 2189508  2057542
           16384      64  982959 1572822  2279948  2208081 2104872 1427675 2028930  3836975  2050788  1537527  1508501 2406244  2585790
           16384     128 1073443 1894779  2828799  2870870 2821366 1920299 2662740  4520778  2793610  1776624  1315864 2653281  2774100
           16384     256 1120052 1681959  2819977  2909031 2844843 1962863 2379005  4697224  2495731  1834730   992241 2263949  2791114
           16384     512 1195645 1642992  2746273  2865364 2851335 1799607 2659751  4600988  2273687  1545202  1729365 2354067  2213201
           16384    1024 1206137 1897185  2271132  2683641 2690681 1783401 2859284  4771256  3726287  1608948  1605189 2703170  2771862
           16384    2048 1090892 1642678  2528793  2837560 2360131 1580273 2280629  2910016  4967862   938588   995273 2017967  2439213
           16384    4096  900025 1369901  1677115  1678016 1700269 1411691 1696743  1526495  1802439  1075846  1043230 1501874  1632842
           16384    8192  914080 1312722  1359440  1454663 1572643 1287754 1534231  1377397  1422209  1086906  1185865 1587135  1550781
           16384   16384  776852 1092470  1434920   935483  897451 1055326 1456883  1217333  1203202   900320  1249245 1081876  1242356
           32768      64  993150 1398303  2112436  1891488 1901905 1591671 2447196  3764233  1876842  1420736  1575469 2551222  2068156
           32768     128 1029830 1631055  2429589  2286388 2516330 1801844 1839563  4045438  2610386  1567545  1493596 2409231  2160486
           32768     256  900295 1571902  2113638  2160792 2507103 1444797 2294480  4687260  2266891  1455245  1157675 2141400  2234750
           32768     512  994652 1588746  2647904  2393914 2315119 1801018 1867204  3967544  2785220  1434303  1546033 2465635  2273679
           32768    1024 1058608 1861060  2864815  2924182 2580586 1905888 2654142  4461317  2743248  1556309  1170073 2808326  2789007
           32768    2048 1079817 1725995  2186123  2612867 2475092 1643420 2397965  2906988  6063713  1098230  1133799 2274921  2411894
           32768    4096  908682 1337907  1150600  1574008 1632353 1283566 1396697   950234  1340582  1025542   979497 1379939  1357692
           32768    8192  757782 1081346  1504221  1450760 1363741 1312081 1544990  1386468  1339380  1200069  1087378 1551163  1542458
           32768   16384  910729 1197487  1411747  1526153 1542320 1174653 1506167  1274579  1414362  1091861  1530009 1550130  1447673
           65536      64 1040944 1579714  2560390  2761847 2466537 1652190 2525480  4146296  2622810  1471794  1474439 2381920  2708642
           65536     128 1054518 1636472  2815973  2795070 2447017 1790947 2729866  4243199  2371481  1393728  1537135 2732716  2834616
           65536     256 1079884 1667242  2789709  2869594 2799511 1762571 2130146  3029865  2023648  1173830  1559778 2569029  2875779
           65536     512 1023038 1690466  2661358  2395308 2744283 1734630 2731711  4487230  2336308  1582953  1361167 2515888  2593535
           65536    1024  975007 1703023  2115164  2638343 2467002 1592730 1951816  4685887  2643417  1203663  1089739 2338832  2248383
           65536    2048  730157 1534158  2585266  2099028 2555914 1630415 2505773  3817971  2378972  1062306   968078 2243849  2347621
           65536    4096  858983 1152644  1452476  1707244 1675606 1258565 1466791  1019698  1223758   781343  1006573 1673719  1575269
           65536    8192  824311 1125064  1575720  1521294 1507544 1249400 1404453  1377704  1507230  1018572   911236 1469677  1483150
           65536   16384  842504 1142835  1528213  1449680 1427953 1174943 1396135  1286202  1457652  1177662  1181849 1369385  1509772
          131072      64   82932   85035  2604974  2708826 2371356   87845 2329090  3372139  2192097    91499    73339 1896816  2210057
          131072     128   89751   90300  2378250  2145733 2476045   90861 2406715  4079553  2332866    92716    91152 2101418  2160023
          131072     256   92193   95537  2078300  2168270 2208601   94796 2093934  3771526  2185735    94532    95797 2639176  2384687
          131072     512   94707   97594  2279037  2664012 2249043   95425 2332084  4296752  2482518    97199    95286 2199561  1769309
          131072    1024   84116   87976  1958811  2342917 2228693   96647 2249936  3559792  2434337    97030    95309 2747435  2646316
          131072    2048   93604   96128  1839012  2642792 2489680   93360 2345596  3448630  2363617    96026    93799 2330413  2431484
          131072    4096   93910   94256  1521618  1392101 1395093   89987 1539251  1207024  1615699   100736   102943 1418147  1410784
          131072    8192   87522   94302  1519675  1521774 1423349   93381 1454077  1299490  1496937   110482   108997 1596879  1547579
          131072   16384   42886   37680  1181541  1144002 1147840   41587 1472041  1252933  1460229    60183    56093 1461635  1508098
          262144      64   14166   13878  2591251  2614462 2488383   14192 1952158  2793192  2013363    14162    13896 2682332  2736711
          262144     128   14200   13905  2774094  2709526 2592198   14211 2633000  4447182  2596974    14121    13922 2257330  2494825
          262144     256   14209   13885  2732576  2801040 2616882   14190 2721679  4567675  2669139    14483    14304 2145540  2272024
          262144     512   14535   14183  2256807  2253435 2135451   14498 1880542  3865058  1949157    14213    14386 2248564  2264546
          262144    1024   14577   14259  2247714  2391018 2352083   14129 2306812  3648029  2151472    14589    14369 2329030  2231659
          262144    2048   14535   13858  1934939  2095422 2021314   14554 1960337  2805779  1953705    14538    14470 1994293  1936186
          262144    4096   14568   14300  1591403  1613164 1525582   14711 1578828  1552581  1442444    14736    14637 1435092  1405387
          262144    8192   14653   14291  1502862  1527129 1546745   14901 1545980  1339164  1528197    14825    14964 1502008  1408180
          262144   16384   14597   14257  1439117  1397602 1356171   14741 1489912  1336631  1475912    15921    15746 1510907  1489819
          524288      64   11303   11169   110805   109710  235206   13896  183204  4075965   304021    13168    11013  190833   210742
          524288     128   12127   11248   109756   112960  347712   13599  288671  4421615   341399    12571    11274  231123   256784
          524288     256   12213   11254   111654    95217  396672   13863  341731  4673673   410999    12069    11019  247024   246146
          524288     512   12130   11211    62473   104889  460813   14712  285735  4066393   351399    12630    11200  281125   294249
          524288    1024   12007   11247    96493   102648  491761   13705  434425  4613421   474895    11975    11289  300029   303805
          524288    2048   11932   11182    88113    90283  380247   14308  316362  2779201   466219    12417    11321  283672   282720
          524288    4096   11849   11200    79058    83398  382423   14999  281250  1387174   505480    12511    11373  201049   215104
          524288    8192   12394   11256    80399    73899  401672   15189  312736  1353486   283927    12675    11408  242886   248569
          524288   16384   12169   11199    66725    71999  268542   16441  280884  1007334  1149063    12784    11707  310469   270493

iozone test complete.
Excel output is below:

"Writer report"
        "4"  "8"  "16"  "32"  "64"  "128"  "256"  "512"  "1024"  "2048"  "4096"  "8192"  "16384"
"64"   546928  653436  821391  754443  939223 
"128"   590094  785122  800337  955616  497653  870405 
"256"   495312  864661  495084  661250  1108314  1108314  1035624 
"512"   680918  870905  791318  1132755  764009  1115688  1150351  594738 
"1024"   668809  790707  927677  1036478  1322828  1523683  726261  1535119  1238168 
"2048"   595662  765604  1099327  1270548  934724  1158953  800642  1098765  958397  1144743 
"4096"   687337  900610  959672  1044889  1019649  997564  1165226  861586  1019407  1143814  980149 
"8192"   604799  830149  1001338  987581  964083  1172454  1114859  1133356  1149739  1080603  870951  819263 
"16384"   633664  773373  842493  1036183  982959  1073443  1120052  1195645  1206137  1090892  900025  914080  776852 
"32768"   0  0  0  0  993150  1029830  900295  994652  1058608  1079817  908682  757782  910729 
"65536"   0  0  0  0  1040944  1054518  1079884  1023038  975007  730157  858983  824311  842504 
"131072"   0  0  0  0  82932  89751  92193  94707  84116  93604  93910  87522  42886 
"262144"   0  0  0  0  14166  14200  14209  14535  14577  14535  14568  14653  14597 
"524288"   0  0  0  0  11303  12127  12213  12130  12007  11932  11849  12394  12169 

"Re-writer report"
        "4"  "8"  "16"  "32"  "64"  "128"  "256"  "512"  "1024"  "2048"  "4096"  "8192"  "16384"
"64"   1143223  1255511  1526887  1828508  2561267 
"128"   1040839  1040839  1471662  1833539  1421023  1997245 
"256"   1112909  1495866  1610276  2588541  1802167  2699161  1868008 
"512"   861818  1153441  1110496  1741948  1783912  1365383  1759070  878386 
"1024"   1163378  1532928  1738286  1560781  1334750  1976691  2305644  1812371  1701108 
"2048"   1133415  1713940  1532875  2180847  1933883  1350872  1085299  2081497  1882186  1980705 
"4096"   1014351  1473932  1681530  1810731  1878031  1532438  2017883  2059243  1661687  1802751  1508090 
"8192"   1169621  1347609  1605009  1705976  1893223  1838814  1469381  1756021  1985904  1679377  1465996  978135 
"16384"   1072957  1411575  1584500  1394135  1572822  1894779  1681959  1642992  1897185  1642678  1369901  1312722  1092470 
"32768"   0  0  0  0  1398303  1631055  1571902  1588746  1861060  1725995  1337907  1081346  1197487 
"65536"   0  0  0  0  1579714  1636472  1667242  1690466  1703023  1534158  1152644  1125064  1142835 
"131072"   0  0  0  0  85035  90300  95537  97594  87976  96128  94256  94302  37680 
"262144"   0  0  0  0  13878  13905  13885  14183  14259  13858  14300  14291  14257 
"524288"   0  0  0  0  11169  11248  11254  11211  11247  11182  11200  11256  11199 

"Reader report"
        "4"  "8"  "16"  "32"  "64"  "128"  "256"  "512"  "1024"  "2048"  "4096"  "8192"  "16384"
"64"   2662899  1780008  4018152  5283570  6421025 
"128"   1306873  2409592  4407601  5325799  3785961  4407601 
"256"   2754556  2842047  4009406  5217259  3316006  5217259  4572895 
"512"   2187279  2725905  2975154  2995907  3487274  4155301  3284589  4411377 
"1024"   2276316  2942149  3010197  3671521  2625597  3937426  3458646  5169641  7306780 
"2048"   1890887  2316716  2727131  2687036  2972495  1363523  2359349  4038890  4248644  5564129 
"4096"   1833339  2189130  2479484  2652931  2876348  2805423  2694540  2888438  3583764  3341213  2046000 
"8192"   1804436  2157488  2352632  2586588  2697461  2915101  2967980  3011949  2402979  2215784  1897090  1578103 
"16384"   1571923  1839642  2117063  2433770  2279948  2828799  2819977  2746273  2271132  2528793  1677115  1359440  1434920 
"32768"   0  0  0  0  2112436  2429589  2113638  2647904  2864815  2186123  1150600  1504221  1411747 
"65536"   0  0  0  0  2560390  2815973  2789709  2661358  2115164  2585266  1452476  1575720  1528213 
"131072"   0  0  0  0  2604974  2378250  2078300  2279037  1958811  1839012  1521618  1519675  1181541 
"262144"   0  0  0  0  2591251  2774094  2732576  2256807  2247714  1934939  1591403  1502862  1439117 
"524288"   0  0  0  0  110805  109756  111654  62473  96493  88113  79058  80399  66725 

"Re-Reader report"
        "4"  "8"  "16"  "32"  "64"  "128"  "256"  "512"  "1024"  "2048"  "4096"  "8192"  "16384"
"64"   1638743  2067979  3791156  3203069  4564786 
"128"   1658003  2621367  3982553  5379161  3560017  6406138 
"256"   1802167  1376935  3770085  3114048  6107548  4332998  4132864 
"512"   1759070  4068701  2584820  5278892  6414119  6571132  3393590  6491676 
"1024"   2760606  3631168  2150918  5690162  2694787  2450338  3631168  6874084  6402699 
"2048"   2876923  3792790  4878411  4772701  5750369  1727034  3637020  3407614  6097316  6097316 
"4096"   2200909  3105091  3379332  3230023  3810292  2379876  2727047  3222752  3088901  3565171  2125483 
"8192"   1814729  2234081  2353276  2548033  2944580  2610564  2296650  2892524  2811117  2091305  1847118  1556513 
"16384"   1543328  2161750  2145351  2385198  2208081  2870870  2909031  2865364  2683641  2837560  1678016  1454663  935483 
"32768"   0  0  0  0  1891488  2286388  2160792  2393914  2924182  2612867  1574008  1450760  1526153 
"65536"   0  0  0  0  2761847  2795070  2869594  2395308  2638343  2099028  1707244  1521294  1449680 
"131072"   0  0  0  0  2708826  2145733  2168270  2664012  2342917  2642792  1392101  1521774  1144002 
"262144"   0  0  0  0  2614462  2709526  2801040  2253435  2391018  2095422  1613164  1527129  1397602 
"524288"   0  0  0  0  109710  112960  95217  104889  102648  90283  83398  73899  71999 

"Random read report"
        "4"  "8"  "16"  "32"  "64"  "128"  "256"  "512"  "1024"  "2048"  "4096"  "8192"  "16384"
"64"   2067979  2892445  3738358  4564786  5860307 
"128"   1504659  3199360  4104338  5122535  5847904  5325799 
"256"   2000242  3197509  4197489  5217259  6107548  6249745  2557711 
"512"   2089386  3304808  3941742  5278892  4340054  6652558  6174377  6652558 
"1024"   2102484  3314514  4195100  5336651  5630486  5500686  3046495  7269678  2579861 
"2048"   2113246  3276342  4250747  5319484  6189580  3287628  6523312  6149699  6807652  6340344 
"4096"   1380596  2723588  3384658  4633432  5217395  4253700  4653513  4761860  3965067  3589754  1999797 
"8192"   1523523  2121651  2341250  2764746  2781533  2877505  3052081  3195123  2957252  1886259  1806334  1560968 
"16384"   1118521  1843392  2125050  2215484  2104872  2821366  2844843  2851335  2690681  2360131  1700269  1572643  897451 
"32768"   0  0  0  0  1901905  2516330  2507103  2315119  2580586  2475092  1632353  1363741  1542320 
"65536"   0  0  0  0  2466537  2447017  2799511  2744283  2467002  2555914  1675606  1507544  1427953 
"131072"   0  0  0  0  2371356  2476045  2208601  2249043  2228693  2489680  1395093  1423349  1147840 
"262144"   0  0  0  0  2488383  2592198  2616882  2135451  2352083  2021314  1525582  1546745  1356171 
"524288"   0  0  0  0  235206  347712  396672  460813  491761  380247  382423  401672  268542 

"Random write report"
        "4"  "8"  "16"  "32"  "64"  "128"  "256"  "512"  "1024"  "2048"  "4096"  "8192"  "16384"
"64"   1083249  1249666  1421755  1526887  1722886 
"128"   998261  1455701  1598754  1939522  2132084  2035099 
"256"   992545  1581810  2613746  1868008  2285501  2034350  1970871 
"512"   1115688  1875849  1760512  2216629  2486072  3604335  2449212  2560168 
"1024"   1462960  1560781  1651398  2737730  3241960  2859868  2672984  3955557  1212991 
"2048"   1254956  2111168  2064488  2589040  3140967  2738433  3145567  2226060  3690142  2837016 
"4096"   1122221  1852515  2077169  2612190  2736168  1698991  1915727  1934058  2289487  2603876  1598156 
"8192"   1038912  1446067  1564237  1771229  1895416  1675937  2038330  2001871  2083948  1728982  1212719  1384479 
"16384"   961786  1388698  1589595  1535088  1427675  1920299  1962863  1799607  1783401  1580273  1411691  1287754  1055326 
"32768"   0  0  0  0  1591671  1801844  1444797  1801018  1905888  1643420  1283566  1312081  1174653 
"65536"   0  0  0  0  1652190  1790947  1762571  1734630  1592730  1630415  1258565  1249400  1174943 
"131072"   0  0  0  0  87845  90861  94796  95425  96647  93360  89987  93381  41587 
"262144"   0  0  0  0  14192  14211  14190  14498  14129  14554  14711  14901  14741 
"524288"   0  0  0  0  13896  13599  13863  14712  13705  14308  14999  15189  16441 

"Backward read report"
        "4"  "8"  "16"  "32"  "64"  "128"  "256"  "512"  "1024"  "2048"  "4096"  "8192"  "16384"
"64"   1163036  1204796  2537060  1679761  3203069 
"128"   1111981  2608629  2175277  2905056  4135958  2286447 
"256"   1413179  2350543  1938842  2699161  4572895  5022044  2305128 
"512"   1803387  2587935  3029721  3877684  4650188  3304808  1975959  2124526 
"1024"   1402756  2011877  2306882  3335105  2386350  2813041  2892612  4060261  2659742 
"2048"   1410543  1906837  2178635  2557437  2712491  1715309  2963266  2666186  2144371  1185831 
"4096"   1207570  1821096  2297140  1783289  2832715  2882622  1745069  2607037  2824797  2625764  1884004 
"8192"   1256260  1838814  1998495  2143356  2575923  2564770  2729821  2298493  2535436  1918487  1869937  1552364 
"16384"   1253734  1442904  1751358  2137211  2028930  2662740  2379005  2659751  2859284  2280629  1696743  1534231  1456883 
"32768"   0  0  0  0  2447196  1839563  2294480  1867204  2654142  2397965  1396697  1544990  1506167 
"65536"   0  0  0  0  2525480  2729866  2130146  2731711  1951816  2505773  1466791  1404453  1396135 
"131072"   0  0  0  0  2329090  2406715  2093934  2332084  2249936  2345596  1539251  1454077  1472041 
"262144"   0  0  0  0  1952158  2633000  2721679  1880542  2306812  1960337  1578828  1545980  1489912 
"524288"   0  0  0  0  183204  288671  341731  285735  434425  316362  281250  312736  280884 

"Record rewrite report"
        "4"  "8"  "16"  "32"  "64"  "128"  "256"  "512"  "1024"  "2048"  "4096"  "8192"  "16384"
"64"   1421755  2133730  2203800  2203800  1933893 
"128"   1085013  2166499  2511022  2714132  2727923  1911894 
"256"   1588832  2350543  2872459  3197509  3368013  2726577  3605511 
"512"   1629590  2438090  2926501  3459188  2678309  4131319  3580298  2047551 
"1024"   1607514  2467229  2993413  3684119  2924122  4044965  4215688  4044965  2503178 
"2048"   1680082  2461436  2993211  3675930  4016229  4240255  4104506  3730203  1917907  2681165 
"4096"   1357576  2179963  2980646  3332786  4125010  4516494  4240052  3421735  4362802  3300770  1446871 
"8192"   1600002  2375238  2271747  3631414  3782110  4264684  4162896  3602478  4186227  2865268  1561607  1364683 
"16384"   1652633  2395007  2969238  2969238  3836975  4520778  4697224  4600988  4771256  2910016  1526495  1377397  1217333 
"32768"   0  0  0  0  3764233  4045438  4687260  3967544  4461317  2906988  950234  1386468  1274579 
"65536"   0  0  0  0  4146296  4243199  3029865  4487230  4685887  3817971  1019698  1377704  1286202 
"131072"   0  0  0  0  3372139  4079553  3771526  4296752  3559792  3448630  1207024  1299490  1252933 
"262144"   0  0  0  0  2793192  4447182  4567675  3865058  3648029  2805779  1552581  1339164  1336631 
"524288"   0  0  0  0  4075965  4421615  4673673  4066393  4613421  2779201  1387174  1353486  1007334 

"Stride read report"
        "4"  "8"  "16"  "32"  "64"  "128"  "256"  "512"  "1024"  "2048"  "4096"  "8192"  "16384"
"64"   1933893  1638743  2923952  2444640  2801873 
"128"   1705404  2035099  2660335  4759253  5122535  5325799 
"256"   1775350  2903529  3197509  4264168  5841722  4197489  2114473 
"512"   2073249  1917728  3604335  4973263  4701087  5227492  3970896  2471765 
"1024"   1857840  3001782  4064103  4876180  4048778  4014717  5417427  3835457  3567824 
"2048"   1557613  2972495  3569018  4170264  4460436  6080053  5290001  4633675  3991965  3127245 
"4096"   1261481  1992144  3261295  2628979  3828122  4275933  6858763  5920406  5362331  3374022  1915727 
"8192"   1397259  1763230  2000473  2359417  2110833  2891550  2876301  4976927  6296676  4850463  1760159  1552154 
"16384"   1402129  1872424  2100497  2079962  2050788  2793610  2495731  2273687  3726287  4967862  1802439  1422209  1203202 
"32768"   0  0  0  0  1876842  2610386  2266891  2785220  2743248  6063713  1340582  1339380  1414362 
"65536"   0  0  0  0  2622810  2371481  2023648  2336308  2643417  2378972  1223758  1507230  1457652 
"131072"   0  0  0  0  2192097  2332866  2185735  2482518  2434337  2363617  1615699  1496937  1460229 
"262144"   0  0  0  0  2013363  2596974  2669139  1949157  2151472  1953705  1442444  1528197  1475912 
"524288"   0  0  0  0  304021  341399  410999  351399  474895  466219  505480  283927  1149063 

"Fwrite report"
        "4"  "8"  "16"  "32"  "64"  "128"  "256"  "512"  "1024"  "2048"  "4096"  "8192"  "16384"
"64"   1124074  1210227  1421755  1452528  1879725 
"128"   1162547  1185654  1579934  1878447  1172704  3759450 
"256"   1158540  1340826  1967260  1525622  2152625  1778290  2131261 
"512"   1216149  1252318  904658  899731  1753325  3081897  1783912  2381315 
"1024"   1519371  1646334  1484193  2681328  2115949  1378445  2353657  1803239  1164956 
"2048"   1110555  2001939  2233585  2500122  2976615  1986201  2019352  2255875  1482094  1978880 
"4096"   1212941  1445775  2235854  2032686  2585847  2508081  2035817  2082457  2283098  1457180  1465008 
"8192"   1194340  1459954  1458962  1539566  1522376  1834691  1796042  1669828  1981666  1129592  1025271  1366692 
"16384"   1052207  1348238  1505460  1499547  1537527  1776624  1834730  1545202  1608948  938588  1075846  1086906  900320 
"32768"   0  0  0  0  1420736  1567545  1455245  1434303  1556309  1098230  1025542  1200069  1091861 
"65536"   0  0  0  0  1471794  1393728  1173830  1582953  1203663  1062306  781343  1018572  1177662 
"131072"   0  0  0  0  91499  92716  94532  97199  97030  96026  100736  110482  60183 
"262144"   0  0  0  0  14162  14121  14483  14213  14589  14538  14736  14825  15921 
"524288"   0  0  0  0  13168  12571  12069  12630  11975  12417  12511  12675  12784 

"Re-Fwrite report"
        "4"  "8"  "16"  "32"  "64"  "128"  "256"  "512"  "1024"  "2048"  "4096"  "8192"  "16384"
"64"   842003  1033216  1124074  2662899  2689580 
"128"   876086  1240443  1306873  2211113  1030846  1705404 
"256"   1185399  1099237  1996523  2350543  2350543  4404088  1058076 
"512"   1158418  1358474  1523247  1815584  1205228  1312798  2416145  1248678 
"1024"   1484193  1469467  1605111  2097350  1084640  1888889  1396825  1771262  1861867 
"2048"   1236708  1393156  1715309  1865023  1950570  1427182  2064488  2253507  2248199  1211760 
"4096"   1055351  1342512  1573564  1709472  1374520  1804265  1936675  1372215  1468138  2477696  1240441 
"8192"   1104040  1308852  1498474  1714574  1791360  1609445  1890514  1564807  1483785  1612315  1778932  1337693 
"16384"   1096952  1195291  1428803  1231138  1508501  1315864  992241  1729365  1605189  995273  1043230  1185865  1249245 
"32768"   0  0  0  0  1575469  1493596  1157675  1546033  1170073  1133799  979497  1087378  1530009 
"65536"   0  0  0  0  1474439  1537135  1559778  1361167  1089739  968078  1006573  911236  1181849 
"131072"   0  0  0  0  73339  91152  95797  95286  95309  93799  102943  108997  56093 
"262144"   0  0  0  0  13896  13922  14304  14386  14369  14470  14637  14964  15746 
"524288"   0  0  0  0  11013  11274  11019  11200  11289  11321  11373  11408  11707 

"Fread report"
        "4"  "8"  "16"  "32"  "64"  "128"  "256"  "512"  "1024"  "2048"  "4096"  "8192"  "16384"
"64"   2133730  2561267  1828508  4018152  4564786 
"128"   2248149  2367096  3359523  2558895  2608629  5122535 
"256"   2392442  3009318  4054829  4054829  3879045  4840911  3087188 
"512"   2483197  2942541  3388236  3993047  2979282  2521095  531712  2275345 
"1024"   2065081  2056183  2875184  2617596  3970183  3821805  3411938  2892612  3684119 
"2048"   1870302  2113246  2828608  2704804  3146720  1353639  2929912  2844532  2884652  2408974 
"4096"   1699495  2136585  2416362  2391139  1449924  2813233  2870580  3025260  2773270  2700046  2060231 
"8192"   1753781  1669828  2026309  2433098  2027146  2390441  2489149  2942311  2791249  2569566  1702763  1527791 
"16384"   1648470  2150117  2258294  2189508  2406244  2653281  2263949  2354067  2703170  2017967  1501874  1587135  1081876 
"32768"   0  0  0  0  2551222  2409231  2141400  2465635  2808326  2274921  1379939  1551163  1550130 
"65536"   0  0  0  0  2381920  2732716  2569029  2515888  2338832  2243849  1673719  1469677  1369385 
"131072"   0  0  0  0  1896816  2101418  2639176  2199561  2747435  2330413  1418147  1596879  1461635 
"262144"   0  0  0  0  2682332  2257330  2145540  2248564  2329030  1994293  1435092  1502008  1510907 
"524288"   0  0  0  0  190833  231123  247024  281125  300029  283672  201049  242886  310469 

"Re-Fread report"
        "4"  "8"  "16"  "32"  "64"  "128"  "256"  "512"  "1024"  "2048"  "4096"  "8192"  "16384"
"64"   2561267  1722886  1879725  4564786  1599680 
"128"   2784517  2660335  4717434  3560017  505620  6406138 
"256"   2135500  4070199  2413957  2692393  1897721  4477549  6554972 
"512"   2926501  3304808  2039772  4784885  5684095  2116152  2906696  2796910 
"1024"   2403712  3999762  4550690  5444898  6355328  6733974  6059442  4300102  2306882 
"2048"   2794560  3908414  2786401  5184636  4319142  1317918  5868220  5251194  4405533  4511980 
"4096"   2162674  2141379  3366089  3330202  2298677  4334185  2705573  3927899  1998169  2684016  1789419 
"8192"   1723605  2090414  2150062  2471958  2285042  1858910  2427940  1584872  2943571  2646761  1831854  1521836 
"16384"   1724981  2144480  1688405  2057542  2585790  2774100  2791114  2213201  2771862  2439213  1632842  1550781  1242356 
"32768"   0  0  0  0  2068156  2160486  2234750  2273679  2789007  2411894  1357692  1542458  1447673 
"65536"   0  0  0  0  2708642  2834616  2875779  2593535  2248383  2347621  1575269  1483150  1509772 
"131072"   0  0  0  0  2210057  2160023  2384687  1769309  2646316  2431484  1410784  1547579  1508098 
"262144"   0  0  0  0  2736711  2494825  2272024  2264546  2231659  1936186  1405387  1408180  1489819 
"524288"   0  0  0  0  210742  256784  246146  294249  303805  282720  215104  248569  270493 
