	Iozone: Performance Test of File I/O
	        Version $Revision: 3.414 $
		Compiled for 64 bit mode.
		Build: linux-AMD64 

	Contributors:William Norcott, Don Capps, Isom Crawford, Kirby Collins
	             Al Slater, Scott Rhine, Mike Wisner, Ken Goss
	             Steve Landherr, Brad Smith, Mark Kelly, Dr. Alain CYR,
	             Randy Dunlap, Mark Montague, Dan Million, Gavin Brebner,
	             Jean-Marc Zucconi, Jeff Blomberg, Benny Halevy, Dave Boone,
	             Erik Habbinga, Kris Strecker, Walter Wong, Joshua Root,
	             Fabrice Bacchella, Zhenghua Xue, Qin Li, Darren Sawyer,
	             Vangel Bojaxhi, Ben England.

	Run began: Wed Feb 20 21:03:45 2013

	Auto Mode
	Excel chart generation enabled
	Command line used: ./benchmarks/iozone3_414/src/current/iozone -a -R
	Output is in Kbytes/sec
	Time Resolution = 0.000001 seconds.
	Processor cache size set to 1024 Kbytes.
	Processor cache line size set to 32 bytes.
	File stride size set to 17 * record size.
                                                            random  random    bkwd   record   stride                                   
              KB  reclen   write rewrite    read    reread    read   write    read  rewrite     read   fwrite frewrite   fread  freread
              64       4  404998 1033216  2067979  2133730 2133730 1070292 1183548   983980  2006158  1083249  1460430 1304314  2467108
              64       8  703068 1734015  2067979  3363612 3363612 1210227 1304314  1947927  2662899  1518251   913649 1492919  3203069
              64      16  620221 1484662  3541098  4564786 4018152 1679761 1879725  2203800  2133730  1183548  1599680 3203069  3958892
              64      32  769584 1780008  5283570  4897948 5389653 2662899 3363612  2892445  4018152  1105556  2444640 2923952  4897948
              64      64  752329 2278628  5283570  5389653 1105556 1232453 2561267  1933893  2662899  1421755  1879725 2772930  4564786
             128       4  667081 1254941  2784517  2660335 2066432 1359835 1539168  1598754  1967960  1504659  1142750 2499332  1319723
             128       8  630273 1424795  1967960  1997245 3053774 1332828  908709  2166499  3053774  1231904  1732927 2660335  3895854
             128      16  743788 1121270  4267461  4557257 4135958 2511022 2714132  2660335  3759450  1579934  1598754 3536566  3199360
             128      32  794416 1421023  5325799  3199360 5325799 1939522 3277486  2367096  3982553  1967960  2098744 3359523  5325799
             128      64  955616 1487977  5545860  5325799 1778862 1561553 2098744  1997245  2843510  1436229  2132084 4717434  5847904
             128     128 1048974 1684006  1373754  5545860 6406138 2843510 4135958  3759450  4717434  2905056  2326073 1294270  5325799
             256       4  632056 1570244  2413957  1938842 2114473 1103757 1292410  1619994  1897721  1280084  1201314 1778290  1855098
             256       8  768712 1855098  3994490  1907837 2872459 1019886 1561112  2330140  3197509  1400278  2015259 3511189  4197489
             256      16  907792 2371308  2842047  4070199 4197489 1763685 2247235  2061693  3935921  1543163  1463250 2943325  4264168
             256      32  809878 1479379  3454704  5428265 2533571 2975955 1525622  1384034  4264168  1755037  2842047 5117791  5569035
             256      64 1312954 1579483  3285566  3197509 6073004 2015259 4929815  3879045  5810112  3123106  3285566 1514860  4840911
             256     128 1052888 2747508  3717869  5687020 6554972 3465855 3275543  4070199  6249745  1817419  4652146 2463808  6213578
             256     256 1254656 3285566  7120034  7314033 6936061 3770085 3756894  3865082  1740810  1570244  1686137 2943325  6936061
             512       4  516618 1187895  2845081  2906696 2141475 1150968 2007358  1527582  1099128   932550  1180062 2782414  2483197
             512       8  785241 1524329  3346002  4271001 3346002 1429934 1916017  2178404  2958758  1387437  1258188 1201856  2815243
             512      16  814117 1279935  2768068  4610256 4228947 1875849 2427068  2891043  2150051  1442420  1365383 3177664  4494470
             512      32  964378 2486072  3086326  2782414 2695115 1580419 3415178  3556580  5115422  2695115  2486072 2891043  4340054
             512      64 1174254 1689859  2975154  3140488 6156675 1630828 3409755  3710197  4237291  1329871  1463057 2910635  4155301
             512     128 1273861 2024389  2722449  3220553 2207515 1546280 1875849  3388236  5331314  2216629  2544997 2198475  2572435
             512     256 1264113 1064266  4827914  6246213 6931711 2207515 5495016  3099691  5067142  1078159  1614885 1520013  2063289
             512     512  982467 1848401  7309196  7022379 7211022 2339802 3580298  2246778  4411377  1630828  2169601 4784885  2460437
            1024       4  673318 1262555  1888889  3003881 2128533 1170352 1430318  1689730  1984913  1072185  1227903 2559871  2592318
            1024       8  820463 1271902  2138070  2311849 3112733 1492963 2015654  2472911  3112733  1345201  1452570 2316837  1976691
            1024      16  996094 1602118  1949771  2160657 2509027 1659694 2976816  2942149  1723636  1612948  1563053 3271594  4876180
            1024      32  877454 1909888  2674649  4146499 4654248 1720874 3618930  3606774  5042191  1777125  1174192 2666347  5277632
            1024      64 1233545 1790460  4282950  6137371 5720477 2987168 2472911  3458646  4300102  1834824  1861867 3160839  4451639
            1024     128 1372717 1607514  3355952  5821271 6733974 2617596 4589593  3712781  4415030  2019445  2225595 2934110  6364746
            1024     256 1331440 1939207  3461434  3271594 6819511 2255990 1514549  3495237  6208343  2201637  1452570 2659742  4146499
            1024     512 1137798 2987168  6172653  3955557 6199382 2133821 2619192  1848247  3447541  1544504  2751762 4531485  6244448
            1024    1024 1140214 2085132  7113161  7319232 7208671 3324778 2222141  2491561  2875184  3532609  2343383 2375790  5472650
            2048       4  602007 1194738  1708146  1625402 1831618 1070556 1520394  1670281  1462911   874043  1124660 1799389  2327387
            2048       8  861249 1750259  1670606  2272586 2868277 1773385 1647536  2540795  3034448  1299574  1384623 2285282  3423913
            2048      16  968337 1503891  1875201  3302797 2446713 1701042 2202092  3047366  3894239  1673209  1566989 2324867  3230749
            2048      32   11247 1810768  2913021  5433896 5319484 2491420 2612664  3730203  5107566  2190300  1660915 2669500  4957240
            2048      64 1091782 1997749  2941954  5937172 6243566 2925920 2720222  4172290  5629769  1820362  1809243 2378952  2601586
            2048     128  970635 1541955  2646472  2569678 3819776 2525852 2662880  4481379  5640860  2687036  1801275 2955111  2741055
            2048     256 1055040 1908532  2412357  2756890 5904523 2730599 3155969  4423683  6479029  1504681  1392253 3255235  3567536
            2048     512 1235996 2243502  3482209  6321679 7183386 3530875 2917969  4432815  6543188  2573527  2252916 2848305  4911886
            2048    1024 1025075 1703741  4248644  6114678 6802261 2639154 2960203  4104506  1793378  1621413  1480817 3070239  5444228
            2048    2048   23729 1961707  4365235  6629029 6649556 3043048 1830057  2303669  1984824  1711208  2219159 2534797  3871422
            4096       4  538658  960638  1782364  2360908 1602479   53719 1300736  1343457  1597413  1116097  1071077 1649562   105960
            4096       8  833860 1447358  1881528  2149147 2752828 1430605 1863567  2405199  1591346  1286418  1168952 2138979  2640698
            4096      16  959511 1400859  2358315  2173070 1664424   80768 2143249  2888438  2323234    54573  1352233 2254337  3522048
            4096      32 1229345 1610138  2506617  2532855 4581535 2070660 2552044  2803592  2598755  2373301  1754873 2642322  3968731
            4096      64  994907 1938423  2929815  4196552 5572803 3136268 2597184  3540193  2767462  2482351  1117840 2307631  2353791
            4096     128 1234824 1912315  3070682  4192455 5696610 3410865 2406546  4253700  2842558  1826906  1626603 2832715  4052041
            4096     256 1232255 1955189  2040896  2852469 4132949   82316 2582737  3835814  5013377  1074157  1907008 2927818  3549702
            4096     512  969912 1999797  2494244  3516281 5497899 2878758 1887523  4184286  5746149  1923879  1415401 1914019  2117884
            4096    1024 1270530 2011740  3500519  4293029 4882301  108054 2854365  4520059  5044289  2243152  2134461 2083467  2015752
            4096    2048  664397 1051862  1795779  3072878 3202328   47164 2714122  3489144  2790386   978029  2167039 2719708  1300736
            4096    4096  839155 1452007  1666362  1118786   47359 1466634 1460276  1219398  1274016    40550  1460276 1288927    64194
            8192       4   75434 1173135  1775806    92209 1370836   71085 1362140  1591922   194828   149160  1147665 1724643   106950
            8192       8  174320 1374730  2099996  2347970   92804 1454761 1828929  2230890   127192   152477  1405834 1905084  2011363
            8192      16  182404  153961  2062433   128633 2506764 1522376 2014784    94275  2045976  1320827  1588536 2344445  2144560
            8192      32 1000114  148737  2602260  2413613   93854 1822913 2460099  3681608  2384138   200137   200332 2644316  2681462
            8192      64 1090238 1799334    77364   120173 1652959   54396 1673162  4019714  1586043  1258008   155242 2788304  2619719
            8192     128 1124013 1395557  2060330   108988 2944580 1935235 2700004  3165394  2821736  1818764   283127 2728954   203289
            8192     256 1217618 1969287  2808359  2877505 3027341 1892388 1845431  4083733  2867180  1870344  1738166 2793064  1907305
            8192     512  121033 1899397  2618123  2339815 2632364 1826887 2879434  3978753  5461897  1987398  1925259 2033264  2621318
            8192    1024  147484 1882745   307025  2855505 3098317   92062 2518339  4602281  6936028  1740015  1214906 2830803  2677909
            8192    2048 1009754 1417784  2918568  2602260 2697461   81296 2218789  2391106  4640821  1733781   150618  124081  1899397
            8192    4096  115979  152562   148713  1406352 1723173   80378 1791827  1549494  1926663  1050955  1656625 1829805   126697
            8192    8192   76927  149492  1582682    72409 1495735 1274196  199288  1456859  1495995  1332247   149653  105374   126003
           16384       4   90374  164724  1799278  1765124  136094   74071  135176   138756   191722    89409    78892  150394   229995
           16384       8  139821 1438464  1995408   141218   66925   47801  114993   233743   174755    99995   312415  239067   368295
           16384      16   93794  337335   288404   289669  139446  135276 1839002   160573  1834681   170851   231703 2171519  2312789
           16384      32  215936 1812375  2652359  1910264  180502  139348  205942  3647374   530088   233809  1640991 2560356  2371452
           16384      64  156135 1631717  2665321   246802 2415463  140190 2603128   162484  2552842   126849   124150 2777015  2549244
           16384     128  131297  172160  2265143  2074938  176583  154414 2780723  4332113  2836505  1706476  1627968 2777015  2509859
           16384     256  190919  127140  2688575  2703595  179491  127930  247320   216050  2716098   152549    96128 2068691  2458938
           16384     512  119088 1714908  2824265   239788  177091  139841 2457092   164166  2696488   192952   171167 2320678   303071
           16384    1024  148529  137279  1740579  2883519  160381 1964490 2663668  4321760  6751231   172291   147670 2397012  2778924
           16384    2048  212705 1630246   115860   246257 2363865   74770  129311   143655  3589833   122777   148006 2220998  2544524
           16384    4096   87712   85233  1629589  1765532  115898  152379 1732461   136449  1829406   132542   335654  139441   235534
           16384    8192   77293   95154   137902   152766  168080  135848  196608   136303   280851   147369   352230  173990   137119
           16384   16384   77398  269251   138033   138536 1491217  136454  172138   149512   113169    74041   122044  192707   152612
           32768      64  123636  172145  2512328   328899  263769  145948  183374   277987   376687   170159   119122  122301   167845
           32768     128  112598  216112  2593833   447662  297134  140130  264121   282750   327945   173108   171932  236530   203613
           32768     256  131308  152755   288418   169379  298191  256312  336444   281894   383708   149747   172192  680880  2859807
           32768     512  166739  168974   388477   303511  245849  287113  445932  4791350  2797864   162638   187573  433846   389608
           32768    1024  126732  610693  2753415   441017  303435  262915  296287   279635   439362   256147   255574  326579   386712
           32768    2048  126147  252187  2128466  2522750 2497945 1804612 2529389  4052954  6010413  1020562  1171799 2294672  2354019
           32768    4096  933639 1310929  1677152  1752113 1640537 1277897 1314138  1047203  1813494  1095010  1094313 1763330  1470001
           32768    8192  910802 1258946  1557191  1615697 1540056 1215243 1355002  1315295  1522889  1065312  1232108 1471071  1593166
           32768   16384  858608 1137063   756660   635915  582541  561076 1410399  1251552  1417308  1099381  1589683 1533714  1411921
           65536      64 1010874 1609112  2464216  2551928 2626896 1656162 2653061  3912640  2276180  1335429  1574854 2731901  2679309
           65536     128 1028696 1721960  2520825  2696948 2774476 1707413 2577532  4482913  2814387  1358879  1209371 2237038  2383986
           65536     256  955502 1498137  2845326  2331829 2698749 1676372 2821175  4602561  2805941  1424852  1270542 2843972  2549939
           65536     512 1037471 1680503  2570638  2782592 2339728 1812332 2756032  4594868  2882987  1271724  1481208 2561416  2539573
           65536    1024 1080453 1691475  2987452  2423309 2660379 1769469 2796606  4289015  2698749  1172313  1350646 2722727  2707308
           65536    2048  936884 1481511  2354277  2262838 2626569 1493091 2573864  4238750  2502238   943641   780125 2521288  2124137
           65536    4096  848768 1216355  1537719  1728587 1640290 1216178 1736471  1483382  1797224   904629   947394 1593035  1674575
           65536    8192  817627 1121562  1481304  1553273 1432171 1258905 1489386  1351842  1552799  1006050   865196 1332736  1105384
           65536   16384  735881  829527  1432015  1491997 1523242 1194602 1443301  1316567  1518966  1157167  1230700 1509739  1503389
          131072      64   83567   85405  2736195  2696959 2573271   88811 2652636  4168707  2513895    89779    90244 2725222  2628325
          131072     128   89041   92570  2784013  2611309 2600993   95299 2665588  4386928  2756168    92805    95496 2684199  2705693
          131072     256   94444   95813  1759163  2330542 2543307   94167 2133575  4129813  2234400    92400    95796 2568426  2510956
          131072     512   94330   95731  2440681  2383984 2190150   95372 2355122  4122411  2321056    97024    95909 2503238  2583975
          131072    1024   94978   95319  2103347  2418797 2692917   94587 2485201  3689987  2286792    97573    96417 2546712  2358294
          131072    2048   93717   96212  1681787  1725699 1637314   95640 1993697  2128898  1713223    73322    93276 2201561  1939106
          131072    4096   89210   93165  1292646  1395883 1281115   91567 1446581  1364423  1438583   102428   100674 1487037  1184670
          131072    8192   92156   94953  1126290  1350838 1135538   92534 1154828  1109313  1197934   107816   110367 1267203  1328080
          131072   16384   89672   93516  1331637  1361817 1307909   90264 1073727  1109481  1101362    91045    82758  943268  1194755
          262144      64   14285   13982  1997380  2071693 1829476   14328 1945698  3547328  1542440    14121    13938 2074218  2162014
          262144     128   14300   13925  2329509  2381612 2282708   14148 2389251  4087893  2408902    14423    14004 2258731  2297792
          262144     256   14405   13897  1955918  2372368 2332553   14176 2197556  3996889  2113738    14400    14010 2510261  2468700
          262144     512   14368   13937  1974957  2150466 1974914   14257 2141803  4354625  2350117    14611    14401 2306425  2483319
          262144    1024   14565   14261  2813605  2807370 2698897   14324 2760921  4590233  2491033    14545    14412 2182389  1941218
          262144    2048   14582   14312  2470097  2608012 2573698   14579 1707311  2975023  2338815    14595    14495 2556505  2556832
          262144    4096   14545   14319  1666871  1700654 1688278   14700  944567  1123846   874054    15218    14667 1662926  1669643
          262144    8192   14637   14308  1549398  1541670 1522323   14748 1578334  1390551  1536609    15178    15029 1382112  1457950
          262144   16384   14550   14312  1522296  1515378 1498309   14782 1482445  1271001  1352038    15904    15830 1499396  1525591
          524288      64   11264   11222   109482   103130  238427   14081  204969  3492881   291343    13116    11002  219543   219825
          524288     128   12284   11208   103884    93196  309590   14106  281523  2960659   326659    12455    11272  245170   250179
          524288     256   12153   11020   109353   111663  432676   13412  353010  4130173   406093    12088    11277  213874   197988
          524288     512   12346   11258    66657   105413  420896   14861  417704  4608606   344489    11961    10980  307273   313164
          524288    1024   11838   11143   100211   103716  348541   13991  337659  4677461   484836    12058    11294  314539   313924
          524288    2048   11927   11181   100610    99579  454134   13955  343861  2908284   490831    12116    11319  319507   306345
          524288    4096   11682   11259   110031   111101  469392   13437  349574  1277872   495017    12274    11373  291136   284466
          524288    8192   11974   11254   103184   110414  539229   13693  512786  1159713   373311    12297    11483  327930   331677
          524288   16384   11926   11263   117892   115849  397434   13456  642638  1380955   588881    12066    11754  309765   309452

iozone test complete.
Excel output is below:

"Writer report"
        "4"  "8"  "16"  "32"  "64"  "128"  "256"  "512"  "1024"  "2048"  "4096"  "8192"  "16384"
"64"   404998  703068  620221  769584  752329 
"128"   667081  630273  743788  794416  955616  1048974 
"256"   632056  768712  907792  809878  1312954  1052888  1254656 
"512"   516618  785241  814117  964378  1174254  1273861  1264113  982467 
"1024"   673318  820463  996094  877454  1233545  1372717  1331440  1137798  1140214 
"2048"   602007  861249  968337  11247  1091782  970635  1055040  1235996  1025075  23729 
"4096"   538658  833860  959511  1229345  994907  1234824  1232255  969912  1270530  664397  839155 
"8192"   75434  174320  182404  1000114  1090238  1124013  1217618  121033  147484  1009754  115979  76927 
"16384"   90374  139821  93794  215936  156135  131297  190919  119088  148529  212705  87712  77293  77398 
"32768"   0  0  0  0  123636  112598  131308  166739  126732  126147  933639  910802  858608 
"65536"   0  0  0  0  1010874  1028696  955502  1037471  1080453  936884  848768  817627  735881 
"131072"   0  0  0  0  83567  89041  94444  94330  94978  93717  89210  92156  89672 
"262144"   0  0  0  0  14285  14300  14405  14368  14565  14582  14545  14637  14550 
"524288"   0  0  0  0  11264  12284  12153  12346  11838  11927  11682  11974  11926 

"Re-writer report"
        "4"  "8"  "16"  "32"  "64"  "128"  "256"  "512"  "1024"  "2048"  "4096"  "8192"  "16384"
"64"   1033216  1734015  1484662  1780008  2278628 
"128"   1254941  1424795  1121270  1421023  1487977  1684006 
"256"   1570244  1855098  2371308  1479379  1579483  2747508  3285566 
"512"   1187895  1524329  1279935  2486072  1689859  2024389  1064266  1848401 
"1024"   1262555  1271902  1602118  1909888  1790460  1607514  1939207  2987168  2085132 
"2048"   1194738  1750259  1503891  1810768  1997749  1541955  1908532  2243502  1703741  1961707 
"4096"   960638  1447358  1400859  1610138  1938423  1912315  1955189  1999797  2011740  1051862  1452007 
"8192"   1173135  1374730  153961  148737  1799334  1395557  1969287  1899397  1882745  1417784  152562  149492 
"16384"   164724  1438464  337335  1812375  1631717  172160  127140  1714908  137279  1630246  85233  95154  269251 
"32768"   0  0  0  0  172145  216112  152755  168974  610693  252187  1310929  1258946  1137063 
"65536"   0  0  0  0  1609112  1721960  1498137  1680503  1691475  1481511  1216355  1121562  829527 
"131072"   0  0  0  0  85405  92570  95813  95731  95319  96212  93165  94953  93516 
"262144"   0  0  0  0  13982  13925  13897  13937  14261  14312  14319  14308  14312 
"524288"   0  0  0  0  11222  11208  11020  11258  11143  11181  11259  11254  11263 

"Reader report"
        "4"  "8"  "16"  "32"  "64"  "128"  "256"  "512"  "1024"  "2048"  "4096"  "8192"  "16384"
"64"   2067979  2067979  3541098  5283570  5283570 
"128"   2784517  1967960  4267461  5325799  5545860  1373754 
"256"   2413957  3994490  2842047  3454704  3285566  3717869  7120034 
"512"   2845081  3346002  2768068  3086326  2975154  2722449  4827914  7309196 
"1024"   1888889  2138070  1949771  2674649  4282950  3355952  3461434  6172653  7113161 
"2048"   1708146  1670606  1875201  2913021  2941954  2646472  2412357  3482209  4248644  4365235 
"4096"   1782364  1881528  2358315  2506617  2929815  3070682  2040896  2494244  3500519  1795779  1666362 
"8192"   1775806  2099996  2062433  2602260  77364  2060330  2808359  2618123  307025  2918568  148713  1582682 
"16384"   1799278  1995408  288404  2652359  2665321  2265143  2688575  2824265  1740579  115860  1629589  137902  138033 
"32768"   0  0  0  0  2512328  2593833  288418  388477  2753415  2128466  1677152  1557191  756660 
"65536"   0  0  0  0  2464216  2520825  2845326  2570638  2987452  2354277  1537719  1481304  1432015 
"131072"   0  0  0  0  2736195  2784013  1759163  2440681  2103347  1681787  1292646  1126290  1331637 
"262144"   0  0  0  0  1997380  2329509  1955918  1974957  2813605  2470097  1666871  1549398  1522296 
"524288"   0  0  0  0  109482  103884  109353  66657  100211  100610  110031  103184  117892 

"Re-Reader report"
        "4"  "8"  "16"  "32"  "64"  "128"  "256"  "512"  "1024"  "2048"  "4096"  "8192"  "16384"
"64"   2133730  3363612  4564786  4897948  5389653 
"128"   2660335  1997245  4557257  3199360  5325799  5545860 
"256"   1938842  1907837  4070199  5428265  3197509  5687020  7314033 
"512"   2906696  4271001  4610256  2782414  3140488  3220553  6246213  7022379 
"1024"   3003881  2311849  2160657  4146499  6137371  5821271  3271594  3955557  7319232 
"2048"   1625402  2272586  3302797  5433896  5937172  2569678  2756890  6321679  6114678  6629029 
"4096"   2360908  2149147  2173070  2532855  4196552  4192455  2852469  3516281  4293029  3072878  1118786 
"8192"   92209  2347970  128633  2413613  120173  108988  2877505  2339815  2855505  2602260  1406352  72409 
"16384"   1765124  141218  289669  1910264  246802  2074938  2703595  239788  2883519  246257  1765532  152766  138536 
"32768"   0  0  0  0  328899  447662  169379  303511  441017  2522750  1752113  1615697  635915 
"65536"   0  0  0  0  2551928  2696948  2331829  2782592  2423309  2262838  1728587  1553273  1491997 
"131072"   0  0  0  0  2696959  2611309  2330542  2383984  2418797  1725699  1395883  1350838  1361817 
"262144"   0  0  0  0  2071693  2381612  2372368  2150466  2807370  2608012  1700654  1541670  1515378 
"524288"   0  0  0  0  103130  93196  111663  105413  103716  99579  111101  110414  115849 

"Random read report"
        "4"  "8"  "16"  "32"  "64"  "128"  "256"  "512"  "1024"  "2048"  "4096"  "8192"  "16384"
"64"   2133730  3363612  4018152  5389653  1105556 
"128"   2066432  3053774  4135958  5325799  1778862  6406138 
"256"   2114473  2872459  4197489  2533571  6073004  6554972  6936061 
"512"   2141475  3346002  4228947  2695115  6156675  2207515  6931711  7211022 
"1024"   2128533  3112733  2509027  4654248  5720477  6733974  6819511  6199382  7208671 
"2048"   1831618  2868277  2446713  5319484  6243566  3819776  5904523  7183386  6802261  6649556 
"4096"   1602479  2752828  1664424  4581535  5572803  5696610  4132949  5497899  4882301  3202328  47359 
"8192"   1370836  92804  2506764  93854  1652959  2944580  3027341  2632364  3098317  2697461  1723173  1495735 
"16384"   136094  66925  139446  180502  2415463  176583  179491  177091  160381  2363865  115898  168080  1491217 
"32768"   0  0  0  0  263769  297134  298191  245849  303435  2497945  1640537  1540056  582541 
"65536"   0  0  0  0  2626896  2774476  2698749  2339728  2660379  2626569  1640290  1432171  1523242 
"131072"   0  0  0  0  2573271  2600993  2543307  2190150  2692917  1637314  1281115  1135538  1307909 
"262144"   0  0  0  0  1829476  2282708  2332553  1974914  2698897  2573698  1688278  1522323  1498309 
"524288"   0  0  0  0  238427  309590  432676  420896  348541  454134  469392  539229  397434 

"Random write report"
        "4"  "8"  "16"  "32"  "64"  "128"  "256"  "512"  "1024"  "2048"  "4096"  "8192"  "16384"
"64"   1070292  1210227  1679761  2662899  1232453 
"128"   1359835  1332828  2511022  1939522  1561553  2843510 
"256"   1103757  1019886  1763685  2975955  2015259  3465855  3770085 
"512"   1150968  1429934  1875849  1580419  1630828  1546280  2207515  2339802 
"1024"   1170352  1492963  1659694  1720874  2987168  2617596  2255990  2133821  3324778 
"2048"   1070556  1773385  1701042  2491420  2925920  2525852  2730599  3530875  2639154  3043048 
"4096"   53719  1430605  80768  2070660  3136268  3410865  82316  2878758  108054  47164  1466634 
"8192"   71085  1454761  1522376  1822913  54396  1935235  1892388  1826887  92062  81296  80378  1274196 
"16384"   74071  47801  135276  139348  140190  154414  127930  139841  1964490  74770  152379  135848  136454 
"32768"   0  0  0  0  145948  140130  256312  287113  262915  1804612  1277897  1215243  561076 
"65536"   0  0  0  0  1656162  1707413  1676372  1812332  1769469  1493091  1216178  1258905  1194602 
"131072"   0  0  0  0  88811  95299  94167  95372  94587  95640  91567  92534  90264 
"262144"   0  0  0  0  14328  14148  14176  14257  14324  14579  14700  14748  14782 
"524288"   0  0  0  0  14081  14106  13412  14861  13991  13955  13437  13693  13456 

"Backward read report"
        "4"  "8"  "16"  "32"  "64"  "128"  "256"  "512"  "1024"  "2048"  "4096"  "8192"  "16384"
"64"   1183548  1304314  1879725  3363612  2561267 
"128"   1539168  908709  2714132  3277486  2098744  4135958 
"256"   1292410  1561112  2247235  1525622  4929815  3275543  3756894 
"512"   2007358  1916017  2427068  3415178  3409755  1875849  5495016  3580298 
"1024"   1430318  2015654  2976816  3618930  2472911  4589593  1514549  2619192  2222141 
"2048"   1520394  1647536  2202092  2612664  2720222  2662880  3155969  2917969  2960203  1830057 
"4096"   1300736  1863567  2143249  2552044  2597184  2406546  2582737  1887523  2854365  2714122  1460276 
"8192"   1362140  1828929  2014784  2460099  1673162  2700004  1845431  2879434  2518339  2218789  1791827  199288 
"16384"   135176  114993  1839002  205942  2603128  2780723  247320  2457092  2663668  129311  1732461  196608  172138 
"32768"   0  0  0  0  183374  264121  336444  445932  296287  2529389  1314138  1355002  1410399 
"65536"   0  0  0  0  2653061  2577532  2821175  2756032  2796606  2573864  1736471  1489386  1443301 
"131072"   0  0  0  0  2652636  2665588  2133575  2355122  2485201  1993697  1446581  1154828  1073727 
"262144"   0  0  0  0  1945698  2389251  2197556  2141803  2760921  1707311  944567  1578334  1482445 
"524288"   0  0  0  0  204969  281523  353010  417704  337659  343861  349574  512786  642638 

"Record rewrite report"
        "4"  "8"  "16"  "32"  "64"  "128"  "256"  "512"  "1024"  "2048"  "4096"  "8192"  "16384"
"64"   983980  1947927  2203800  2892445  1933893 
"128"   1598754  2166499  2660335  2367096  1997245  3759450 
"256"   1619994  2330140  2061693  1384034  3879045  4070199  3865082 
"512"   1527582  2178404  2891043  3556580  3710197  3388236  3099691  2246778 
"1024"   1689730  2472911  2942149  3606774  3458646  3712781  3495237  1848247  2491561 
"2048"   1670281  2540795  3047366  3730203  4172290  4481379  4423683  4432815  4104506  2303669 
"4096"   1343457  2405199  2888438  2803592  3540193  4253700  3835814  4184286  4520059  3489144  1219398 
"8192"   1591922  2230890  94275  3681608  4019714  3165394  4083733  3978753  4602281  2391106  1549494  1456859 
"16384"   138756  233743  160573  3647374  162484  4332113  216050  164166  4321760  143655  136449  136303  149512 
"32768"   0  0  0  0  277987  282750  281894  4791350  279635  4052954  1047203  1315295  1251552 
"65536"   0  0  0  0  3912640  4482913  4602561  4594868  4289015  4238750  1483382  1351842  1316567 
"131072"   0  0  0  0  4168707  4386928  4129813  4122411  3689987  2128898  1364423  1109313  1109481 
"262144"   0  0  0  0  3547328  4087893  3996889  4354625  4590233  2975023  1123846  1390551  1271001 
"524288"   0  0  0  0  3492881  2960659  4130173  4608606  4677461  2908284  1277872  1159713  1380955 

"Stride read report"
        "4"  "8"  "16"  "32"  "64"  "128"  "256"  "512"  "1024"  "2048"  "4096"  "8192"  "16384"
"64"   2006158  2662899  2133730  4018152  2662899 
"128"   1967960  3053774  3759450  3982553  2843510  4717434 
"256"   1897721  3197509  3935921  4264168  5810112  6249745  1740810 
"512"   1099128  2958758  2150051  5115422  4237291  5331314  5067142  4411377 
"1024"   1984913  3112733  1723636  5042191  4300102  4415030  6208343  3447541  2875184 
"2048"   1462911  3034448  3894239  5107566  5629769  5640860  6479029  6543188  1793378  1984824 
"4096"   1597413  1591346  2323234  2598755  2767462  2842558  5013377  5746149  5044289  2790386  1274016 
"8192"   194828  127192  2045976  2384138  1586043  2821736  2867180  5461897  6936028  4640821  1926663  1495995 
"16384"   191722  174755  1834681  530088  2552842  2836505  2716098  2696488  6751231  3589833  1829406  280851  113169 
"32768"   0  0  0  0  376687  327945  383708  2797864  439362  6010413  1813494  1522889  1417308 
"65536"   0  0  0  0  2276180  2814387  2805941  2882987  2698749  2502238  1797224  1552799  1518966 
"131072"   0  0  0  0  2513895  2756168  2234400  2321056  2286792  1713223  1438583  1197934  1101362 
"262144"   0  0  0  0  1542440  2408902  2113738  2350117  2491033  2338815  874054  1536609  1352038 
"524288"   0  0  0  0  291343  326659  406093  344489  484836  490831  495017  373311  588881 

"Fwrite report"
        "4"  "8"  "16"  "32"  "64"  "128"  "256"  "512"  "1024"  "2048"  "4096"  "8192"  "16384"
"64"   1083249  1518251  1183548  1105556  1421755 
"128"   1504659  1231904  1579934  1967960  1436229  2905056 
"256"   1280084  1400278  1543163  1755037  3123106  1817419  1570244 
"512"   932550  1387437  1442420  2695115  1329871  2216629  1078159  1630828 
"1024"   1072185  1345201  1612948  1777125  1834824  2019445  2201637  1544504  3532609 
"2048"   874043  1299574  1673209  2190300  1820362  2687036  1504681  2573527  1621413  1711208 
"4096"   1116097  1286418  54573  2373301  2482351  1826906  1074157  1923879  2243152  978029  40550 
"8192"   149160  152477  1320827  200137  1258008  1818764  1870344  1987398  1740015  1733781  1050955  1332247 
"16384"   89409  99995  170851  233809  126849  1706476  152549  192952  172291  122777  132542  147369  74041 
"32768"   0  0  0  0  170159  173108  149747  162638  256147  1020562  1095010  1065312  1099381 
"65536"   0  0  0  0  1335429  1358879  1424852  1271724  1172313  943641  904629  1006050  1157167 
"131072"   0  0  0  0  89779  92805  92400  97024  97573  73322  102428  107816  91045 
"262144"   0  0  0  0  14121  14423  14400  14611  14545  14595  15218  15178  15904 
"524288"   0  0  0  0  13116  12455  12088  11961  12058  12116  12274  12297  12066 

"Re-Fwrite report"
        "4"  "8"  "16"  "32"  "64"  "128"  "256"  "512"  "1024"  "2048"  "4096"  "8192"  "16384"
"64"   1460430  913649  1599680  2444640  1879725 
"128"   1142750  1732927  1598754  2098744  2132084  2326073 
"256"   1201314  2015259  1463250  2842047  3285566  4652146  1686137 
"512"   1180062  1258188  1365383  2486072  1463057  2544997  1614885  2169601 
"1024"   1227903  1452570  1563053  1174192  1861867  2225595  1452570  2751762  2343383 
"2048"   1124660  1384623  1566989  1660915  1809243  1801275  1392253  2252916  1480817  2219159 
"4096"   1071077  1168952  1352233  1754873  1117840  1626603  1907008  1415401  2134461  2167039  1460276 
"8192"   1147665  1405834  1588536  200332  155242  283127  1738166  1925259  1214906  150618  1656625  149653 
"16384"   78892  312415  231703  1640991  124150  1627968  96128  171167  147670  148006  335654  352230  122044 
"32768"   0  0  0  0  119122  171932  172192  187573  255574  1171799  1094313  1232108  1589683 
"65536"   0  0  0  0  1574854  1209371  1270542  1481208  1350646  780125  947394  865196  1230700 
"131072"   0  0  0  0  90244  95496  95796  95909  96417  93276  100674  110367  82758 
"262144"   0  0  0  0  13938  14004  14010  14401  14412  14495  14667  15029  15830 
"524288"   0  0  0  0  11002  11272  11277  10980  11294  11319  11373  11483  11754 

"Fread report"
        "4"  "8"  "16"  "32"  "64"  "128"  "256"  "512"  "1024"  "2048"  "4096"  "8192"  "16384"
"64"   1304314  1492919  3203069  2923952  2772930 
"128"   2499332  2660335  3536566  3359523  4717434  1294270 
"256"   1778290  3511189  2943325  5117791  1514860  2463808  2943325 
"512"   2782414  1201856  3177664  2891043  2910635  2198475  1520013  4784885 
"1024"   2559871  2316837  3271594  2666347  3160839  2934110  2659742  4531485  2375790 
"2048"   1799389  2285282  2324867  2669500  2378952  2955111  3255235  2848305  3070239  2534797 
"4096"   1649562  2138979  2254337  2642322  2307631  2832715  2927818  1914019  2083467  2719708  1288927 
"8192"   1724643  1905084  2344445  2644316  2788304  2728954  2793064  2033264  2830803  124081  1829805  105374 
"16384"   150394  239067  2171519  2560356  2777015  2777015  2068691  2320678  2397012  2220998  139441  173990  192707 
"32768"   0  0  0  0  122301  236530  680880  433846  326579  2294672  1763330  1471071  1533714 
"65536"   0  0  0  0  2731901  2237038  2843972  2561416  2722727  2521288  1593035  1332736  1509739 
"131072"   0  0  0  0  2725222  2684199  2568426  2503238  2546712  2201561  1487037  1267203  943268 
"262144"   0  0  0  0  2074218  2258731  2510261  2306425  2182389  2556505  1662926  1382112  1499396 
"524288"   0  0  0  0  219543  245170  213874  307273  314539  319507  291136  327930  309765 

"Re-Fread report"
        "4"  "8"  "16"  "32"  "64"  "128"  "256"  "512"  "1024"  "2048"  "4096"  "8192"  "16384"
"64"   2467108  3203069  3958892  4897948  4564786 
"128"   1319723  3895854  3199360  5325799  5847904  5325799 
"256"   1855098  4197489  4264168  5569035  4840911  6213578  6936061 
"512"   2483197  2815243  4494470  4340054  4155301  2572435  2063289  2460437 
"1024"   2592318  1976691  4876180  5277632  4451639  6364746  4146499  6244448  5472650 
"2048"   2327387  3423913  3230749  4957240  2601586  2741055  3567536  4911886  5444228  3871422 
"4096"   105960  2640698  3522048  3968731  2353791  4052041  3549702  2117884  2015752  1300736  64194 
"8192"   106950  2011363  2144560  2681462  2619719  203289  1907305  2621318  2677909  1899397  126697  126003 
"16384"   229995  368295  2312789  2371452  2549244  2509859  2458938  303071  2778924  2544524  235534  137119  152612 
"32768"   0  0  0  0  167845  203613  2859807  389608  386712  2354019  1470001  1593166  1411921 
"65536"   0  0  0  0  2679309  2383986  2549939  2539573  2707308  2124137  1674575  1105384  1503389 
"131072"   0  0  0  0  2628325  2705693  2510956  2583975  2358294  1939106  1184670  1328080  1194755 
"262144"   0  0  0  0  2162014  2297792  2468700  2483319  1941218  2556832  1669643  1457950  1525591 
"524288"   0  0  0  0  219825  250179  197988  313164  313924  306345  284466  331677  309452 
