	Iozone: Performance Test of File I/O
	        Version $Revision: 3.414 $
		Compiled for 64 bit mode.
		Build: linux-AMD64 

	Contributors:William Norcott, Don Capps, Isom Crawford, Kirby Collins
	             Al Slater, Scott Rhine, Mike Wisner, Ken Goss
	             Steve Landherr, Brad Smith, Mark Kelly, Dr. Alain CYR,
	             Randy Dunlap, Mark Montague, Dan Million, Gavin Brebner,
	             Jean-Marc Zucconi, Jeff Blomberg, Benny Halevy, Dave Boone,
	             Erik Habbinga, Kris Strecker, Walter Wong, Joshua Root,
	             Fabrice Bacchella, Zhenghua Xue, Qin Li, Darren Sawyer,
	             Vangel Bojaxhi, Ben England.

	Run began: Fri Feb 22 21:03:43 2013

	Auto Mode
	Excel chart generation enabled
	Command line used: ./benchmarks/iozone3_414/src/current/iozone -a -R
	Output is in Kbytes/sec
	Time Resolution = 0.000001 seconds.
	Processor cache size set to 1024 Kbytes.
	Processor cache line size set to 32 bytes.
	File stride size set to 17 * record size.
                                                            random  random    bkwd   record   stride                                   
              KB  reclen   write rewrite    read    reread    read   write    read  rewrite     read   fwrite frewrite   fread  freread
              64       4  500060 1357066  2662899  2772930 2067979 1392258 1562436  1526887  2052169  1392258  1421755 2133730  1421755
              64       8  673098 1421755   608965  3203069 3057153 1734015 2006158  2133730  3022727  1828508  1780008 2006158  1562436
              64      16  780776 1933893  3541098  4274062 4018152 2444640 2561267  2561267  3541098  1734015  1484662 2444640  4207076
              64      32  955947 2444640  5283570  5389653 4897948 2801873 3363612  2923952  3588436  1392258  2278628 2772930  4897948
              64      64  780776 1363961  5389653  4564786 5735102 1734015  863676  1828508  4274062  3203069  2892445 4897948  5283570
             128       4  522346 1217930  2905056  2985839 2098744 1121270 1833539  1579934  1858934  1048974   955616 2558895  2843510
             128       8  901083 2027414  1057236  2409592 3297617 1526043 1618028  2166499  3124872  1440082  1406136 3468030  3867787
             128      16  853794 2326073  4934216  3036502 3759450 2326073 2409592  2858650  3867787  2420455  2326073 3895854  3867787
             128      32 1185654 2673584  5122535  4267461 5122535 2843510 1363288  2420455  3759450  1727352  1471662 1618028  3982553
             128      64  969421 2211113  4267461  5847904 5847904 3053774 1778862  2558895  2784517   811221  1471662 4267461  4104338
             128     128  978253 2905056  6330599  5847904 5847904 3359523 1561553   731625   942199  2660335  1377278 1579934  1254941
             256       4  605332  850282  1549845  2849590 2065659 1407621 1694118  1639786  2034350   775933  1089202 1766587  1103757
             256       8  810490 1911233  3879045  4197489 3326279 2152625 2783115  2413957  2065659  1099237  1405778 2325094  3935921
             256      16  934659  988889  2000242  3605511 3605511 2118645 2152625  2607399  3557725  1325925  1683493 3950402  1814348
             256      32  807442  880256  3717869  5569035 5347168 2639446 4264168  2330140  2665657  2509882  1600674 2097948  2266207
             256      64  944525 3043436  5217259  5810112 6107548 3499745 2419396  2754556  3605511  1718521  2754556 2325094  3511189
             256     128 1093639 1487577  4840911  6249745 1802167 2613746 1778290  3017775  2170027  1312954  1817419 1340826  3717869
             256     256 1012194 2563818  6936061  6891544 6595234 2205688 2210228  2639446  2509882  1829808  1817419 2911402  1610276
             512       4  613951  745186  1129775  2039772 1992458 1245780 1383861  1225169  1007827   836636   780390 1924603  2695115
             512       8  775879 1110496  2256220  1201856 1840480 1044594 1835760  2394591  2081286   848872  1280699 2360376  3533174
             512      16  644733 1060063  2263354  3550700 4228947 2244430 1938502  1438555  2613128  1254513  1155302 2225819  1848401
             512      32  778128 1514652  1924603  1500891 1926329  887461 1267097  3437042  2764505  1174254  1302447 2317080  1227971
             512      64  732478 1683237  2942541  4485083 5699180 1947291 2910635  3710197  5566231  1809465  1523247 2695115  3325278
             512     128  870905 1296159  3244885  3325278 6018636 2235086 1614885  3459188  4271001  1940253  2116152 2509312  2275345
             512     256 1196499 1640796  3487274  3842988 6472112 3104171 2572435  3046915  4375425  1245780  1662389 3046915  6843354
             512     512  859060 2178404  6018636  6018636 6319739 2097550 3481620  2237414  5067142  2337255  1917728 2427068  1734911
            1024       4  670585 1229309  1662907  1793451 2115949 1219189 1326096  1633188  1714690  1317957   784640 1821595  2852271
            1024       8  908640 1291018  2098375  3966517 3345496 1597351 2455943  2522288  2606476  1434138  1365299 2444759  3764854
            1024      16  942952 1434138  2653170  4783849 4249053 1845071 2926114  2805690  2498809  1607514  1546729 2316837  2497356
            1024      32 1079190 1806273  3941039  2236023 3722435 1442326 2835325  3659010  3722435  1299612  2052253 2638501  2111788
            1024      64 1153381 1768345  3314514  6402699 6244448 2106609 2789291  3937426  5479632  1906496  1738286 3393069  2386350
            1024     128 1220575 1434138  4146499  6650556 6787181 3414650 4249053  2861774  5623115  2085132  1893052 4048778  6163794
            1024     256 1452570 2305644  4805258  2592318 5417427 1969440 2604895  2934110  4694950  1197769  1695065 3057339  6830356
            1024     512 1071116  640867  3984917  2606476 3794792 2275110 2744728  2331932  3369115  1389594  2546213 2844715  4920874
            1024    1024 1095150 1302766  6093831  7113161 6650556 3324778 2414523  1715375  1519371  1670020  1082454 2723840  1835608
            2048       4  537953  995610  1705094  2639154 1322992 1130283 1189938  1338453  1551424  1188621   945111 1721151  2076967
            2048       8  800343 1472188  2072957  2778290 2009902 1618968 1669307  2190300  2052157  1358134   988393 2015562  1998214
            2048      16  789820 1732608  2153510  1912356 2872113 2250555 2009902  2373693  2893397  1773019  1160989 2432165  2176427
            2048      32  914230 1439137  1443248  2202657 4259178 1453505 2343259  3637020  3517861  2242916  1689666 2544558  3536690
            2048      64 1011794 1744572  2411679  2326756 4310472 1810768 2506688  4104506  3764533  2089598  1721151 1725300  3140967
            2048     128  786782 1253491  2913021  4807425 6359119 3683812 2635914  4223576  6058611  1462911  1023000 1860176  2128958
            2048     256  911031  828839  2730599  2319218 4818211 2482062 2306143  2602375  5549749  2048243   963342 2585923  2467800
            2048     512  765263 1696674  2709070  1472440 1219848 1412398 1216221  1950570  5092426  1922629  2060032 3276342  5306340
            2048    1024  939426 1303518  3483621  3618634 2353532 2155672 2038038  4104506  1708146  1121576   821546 2959183  3960675
            2048    2048 1026055 1849761  5754221  2599225 3624742 2270783 1503627  3083465  2873074  3131805  2100841 1125249  2543804
            4096       4  708161 1227062  1436707  1839227 1526040  907796 1176316  1444316  1452375  1222000  1085629 1701683  2169502
            4096       8  668846 1517548  1544007  1944786 1796530 1071143 1404639  1833339  1259539  1232255  1374960 1675299  2117884
            4096      16  855111 1292515  2297447  1895436 2287049 1471281 2021682  2948925  1999099  1492240  1286514 2081196  1816475
            4096      32  912037 1718020  2230918  2061220 2555461 1772435 1709472  3442303  2217671  1287671  1506899 2164855  3070133
            4096      64 1030907 1531209  2627371  2436928 4763181 2432442 2497507  3828122  2197249  1964579  1538752 2624160  3204717
            4096     128 1043556 1762434  2930315  2872020 5483860 2283098 2822940  4433736  2371663  2085490  1905105 2599148  2686114
            4096     256  987700 1803508  2388479  2489906 3860813 2634219 2890868  3938705  5777065  2040896  1585179 1981574  2905044
            4096     512 1256407 1871077  3100608  2919360 4965558 2643949 2431065  4582757  5580043  1930147  1912315 2461367  2291930
            4096    1024  982503 2013626  3489144  3047802 3343814 2268027 2678994  4399673  3709909  1085629  1856719 2780901  3105653
            4096    2048 1084737 1460773  3589754  3465216 3007782 2370354 1664908  3362795  3564431  1713223  1617719 1644194  1899628
            4096    4096  708775 1520906  1675135  2041866 1574718 1367083 1408439  1717505  1018440   977361  1383375 1710834  1888353
            8192       4  666987 1084902  1687708  1578175 1471017 1045550 1112152  1649625  1372643  1136354  1121262 1731596  1763592
            8192       8  804945  725335  1125743  1494629  845054  572826 1465246  2383476  1159712  1113486  1351797 1257778  1578393
            8192      16  956568 1407043  2319910  2365590 2299262 1507812 2125063  2580178  1988893  1554752  1543023 2417179  2099483
            8192      32 1064170 1828539  2261133  1953722 2209941 1866078 2305124  3251052  2510611  1793792  1704875 2452024  2298493
            8192      64 1033816 1901605  2212360  2614736 2495295 1869123 1881096  3380930  2220079  1607788  1236504 2026668  2214641
            8192     128  882494 1577813  2002922  2280038 2351344 1958957 1768949  3100554  1997565  1171815  1010734 2708091  2223095
            8192     256 1170976 1932080  2971317  2975692 2218932 1765495 2838520  4209820  2422121  1688787  1554401 2904996  2766750
            8192     512 1117287 1882745  2999591  3139651 3259688 2126115 3030813  3610427  6655245  1651290  1730114 2614736  1865673
            8192    1024 1009992 1983497  2125589  3245524 2966955 2085086 3066791  2439489  6010303  1532083  1974833 2535436  2455002
            8192    2048 1041178 1431906  2791249  2983184 2823823 1743369 2076517  4430767  2865268  1576582  1513391 2637415  2881608
            8192    4096  994786 1368706  1670802  1571750 1794916 1505896 1820788  1549704  1355584  1132273  1782809 1530309  1305470
            8192    8192  920757 1306115  1389686  1525214 1604335 1360792 1640411  1332454  1568092  1090826  1205951 1450646  1264815
           16384       4  659718 1130555  1773140  1722646 1107399  894076 1360221  1661664  1423093  1153963  1122284 1805992  1783170
           16384       8  807098 1387548  1503780  1501579 1168861  988843 1391764  2310534  1462340   999151   427089 1719758  1960288
           16384      16  799530 1311345  1999996  2218273 1907559 1450426 2000287  2497999  1845918  1356515  1352271 2061369  1815391
           16384      32  918896 1537664  2680605  2593206 2452007 1613860 2540197  3633489  2516016  1502169  1659337 2005131  2226683
           16384      64 1141030 1749308  2287309  2815125 2729800 1956047 2652871  4194609  2723417  1405024  1765532 2335267  2203903
           16384     128 1011178 1807417  2877482  2828799 2882068 1839642 2189508  4545899  2692051  1841712  1793736 2685423  2164883
           16384     256 1188716 1901595  2909646  2895181 2654921 1716707 2710420  4439011  2756850  1794157  1793361 1945801  2370388
           16384     512  899672 1803196  2943547  2627312 2378264 1957942 2860831  4022727  2841079  1529757  1164050 2907062  2953668
           16384    1024 1204066 1911965  2777464  2831246 2826356 2017256 2649496  4149775  6741958  1312296  1852985 1892170  2243183
           16384    2048 1057714 1753996  2414360  2641349 2458586 1856540 2394256  4024376  4379601  1041365  1212458 2312478  2280326
           16384    4096  796730 1239242  1631252  1631872 1723899 1421239  846009   733658   912405   689388  1275516 1790418  1484164
           16384    8192  812615 1237747  1585268  1503550 1355632 1368292 1600777  1349138  1371514  1062571  1586658 1446457  1406836
           16384   16384  890393  973669  1508368  1607518 1548719 1219862 1431154  1119049  1357292  1354056  1370693 1465083  1404163
           32768      64 1124467 1843387  2818520  2731146 2470066 1674740 2705661  3970983  2608503  1542389  1548733 2704543  2397422
           32768     128 1105234 1534879  2826751  2888841 2721142 1807508 2566994  4153638  2676210  1628060  1545511 2055721  2692304
           32768     256 1100261 1479973  2900853  2918966 2830419 1820147 2867086  3981567  2465237  1683417  1519572 2310838  2809302
           32768     512 1091930 1927863  2858796  2507469 2895963 2065949 2326602  4119649  2116959  1307836  1284766 2365729  2641491
           32768    1024 1164590 1682222  2205558  2339593 1990172 1648704 2104028  4741431  2593833  1575831  1300313 2472510  2190687
           32768    2048 1110628 1523159  1872036  2544892 2280281 1705519 1835436  2859807  3402981   911666   869543 1782795  1819737
           32768    4096  762952 1043102  1217277  1455569 1169028 1182445 1584387  1467051  1796897  1054555  1141948 1581233  1716939
           32768    8192  869433 1238202  1524105  1369898 1418888 1013421 1409806  1284766  1319741  1123383   893053 1442431  1299501
           32768   16384  842084 1177865  1326851  1473310 1441614 1243748 1276604  1231655  1319057  1019578  1420560 1229143  1419885
           65536      64  960813 1149468  2120222  2270914 2564212 1299310 1967280  4161802  2243080  1207724   947574 2004713  1987752
           65536     128  931676 1310278  2486282  2052479 2324218 1489830 2235346  3703864  1961328  1262878  1466063 2371481  2011844
           65536     256  839635 1526405  2734646  2517708 2229345 1684860 2538682  4570192  2886923  1464751  1421756 1855693  2641207
           65536     512 1025186 1443619  2811365  2318396 2835201 1769184 2721487  4658804  2781551  1200183  1031724 2339808  2142949
           65536    1024  776943 1352880  2349387  2401628 2035140 1704491 2403140  4356240  2383903  1490129  1082184 2339231  2896231
           65536    2048  980359 1489418  2219821  2402341 1816356 1293976 1891537  3046487  1949201   950625  1071950 2260401  2486574
           65536    4096  845864 1189572  1673199  1627056 1619884 1316170 1667970  1570095  1704406  1010871   931253 1529429  1552808
           65536    8192  829833 1173489  1531465  1470872 1545622 1164254 1522575  1403786  1527177   979905  1013248 1351317  1350978
           65536   16384  766584 1075313  1548941  1496359 1430755 1134313 1417270  1313792  1125889   854024  1094857 1218393  1310010
          131072      64   81107   85556  2227032  2306140 1995405   83338 2395671  4082856  2453885    87848    88458 2624272  2671716
          131072     128   89333   86718  2843395  2565609 2440996   90586 2604097  4505722  2591173    91524    90781 2170393  2187301
          131072     256   90752   91783  2872305  2864388 2685839   93153 2778708  4425705  2640456    93822    94222 2867466  2741297
          131072     512   90537   93616  2218029  2372819 2322861   88215 2559446  4720765  2820507    92608    93807 2737625  2647641
          131072    1024   92320   92310  2263023  2603629 2276781   92502 2284046  4323651  2279472    94000    92374 2278952  2068658
          131072    2048   93300   92115  2009996  2007508 2065331   92923 1790287  2657535  2068432    96887    97279 1636558  1832068
          131072    4096   91528   94220  1449400  1327364 1364992   52111 1148313  1227161  1207146    92918    98320 1540917  1628226
          131072    8192   91211   93534  1499988  1521647 1521757   94716  655412  1461211  1499595   109847   110095 1539523  1518109
          131072   16384   90361   39074  1386784  1430840 1489724   41398 1271085   917754  1488168    62184    56330 1232457  1102734
          262144      64   14112   13805  2680076  2591428 2550936   14027 2049729  3308306  1873490    14063    13843 2654646  2623852
          262144     128   14142   13743  2598465  2715615 2673410   14270 2643089  4457549  2676169    14093    13973 2736221  2737938
          262144     256   14247   13849  2259998  2333612 2127670   14145 2792028  4609844  2390908    14072    13985 1259436  1378152
          262144     512   14395   13850  2274350  2174745 2228832   14121 1979326  3789474  2057774    14250    14002 2008795  2039729
          262144    1024   14413   13981  2069046  2157602 2192481   14093 1888482  3744601  2221353    14512    14234 1589811  1795751
          262144    2048   14478   14096  1967324  2134775 2081218   14434 1964937  3182987  1914982    14562    14387 2189879  2208755
          262144    4096   14461   14221  1544857  1563434 1490800   14526 1400505  1440367  1364224    14449    14546 1381305  1392739
          262144    8192   14569   14209  1517344  1540366 1574891   14625 1446766  1310896  1572879    14815    15158 1520071  1558357
          262144   16384   14685   14316  1508203  1490623 1509829   14780 1509654  1328927  1492618    15887    15826 1495385  1504457
          524288      64   11359   11180   111384   112469  203497   13899  179358  3596802   297891    13258    11038  220062   214288
          524288     128   12361   11259   110928   107155  326457   13778  272752  4389444   366334    12525    10989  252684   258010
          524288     256   11778   11175    99430    91557  328819   14113  336265  4557761   394139    12274    11272  264994   277023
          524288     512   12075   11177    84840    92239  373169   14457  248571  4132253   407827    12817    11018  299079   300761
          524288    1024   11913   11009    97774   107337  475704   13720  412223  4621837   478787    11870    11198  224417   296098
          524288    2048   12095   11179   113562   102876  462936   13673  408074  4283223   531996    11977    11330  278028   286732
          524288    4096   12034   11260    83597    75690  384305   14992  326520  1526391   418043    12449    11336  251035   243803
          524288    8192   11991   11171    87695    73413  395861   14705  384494  1367795   301695    12489    11378  188896   208028
          524288   16384   12504   11204    75724    72945  274954   15962  334160  1340910  1463453    11866    11702  203094   205316

iozone test complete.
Excel output is below:

"Writer report"
        "4"  "8"  "16"  "32"  "64"  "128"  "256"  "512"  "1024"  "2048"  "4096"  "8192"  "16384"
"64"   500060  673098  780776  955947  780776 
"128"   522346  901083  853794  1185654  969421  978253 
"256"   605332  810490  934659  807442  944525  1093639  1012194 
"512"   613951  775879  644733  778128  732478  870905  1196499  859060 
"1024"   670585  908640  942952  1079190  1153381  1220575  1452570  1071116  1095150 
"2048"   537953  800343  789820  914230  1011794  786782  911031  765263  939426  1026055 
"4096"   708161  668846  855111  912037  1030907  1043556  987700  1256407  982503  1084737  708775 
"8192"   666987  804945  956568  1064170  1033816  882494  1170976  1117287  1009992  1041178  994786  920757 
"16384"   659718  807098  799530  918896  1141030  1011178  1188716  899672  1204066  1057714  796730  812615  890393 
"32768"   0  0  0  0  1124467  1105234  1100261  1091930  1164590  1110628  762952  869433  842084 
"65536"   0  0  0  0  960813  931676  839635  1025186  776943  980359  845864  829833  766584 
"131072"   0  0  0  0  81107  89333  90752  90537  92320  93300  91528  91211  90361 
"262144"   0  0  0  0  14112  14142  14247  14395  14413  14478  14461  14569  14685 
"524288"   0  0  0  0  11359  12361  11778  12075  11913  12095  12034  11991  12504 

"Re-writer report"
        "4"  "8"  "16"  "32"  "64"  "128"  "256"  "512"  "1024"  "2048"  "4096"  "8192"  "16384"
"64"   1357066  1421755  1933893  2444640  1363961 
"128"   1217930  2027414  2326073  2673584  2211113  2905056 
"256"   850282  1911233  988889  880256  3043436  1487577  2563818 
"512"   745186  1110496  1060063  1514652  1683237  1296159  1640796  2178404 
"1024"   1229309  1291018  1434138  1806273  1768345  1434138  2305644  640867  1302766 
"2048"   995610  1472188  1732608  1439137  1744572  1253491  828839  1696674  1303518  1849761 
"4096"   1227062  1517548  1292515  1718020  1531209  1762434  1803508  1871077  2013626  1460773  1520906 
"8192"   1084902  725335  1407043  1828539  1901605  1577813  1932080  1882745  1983497  1431906  1368706  1306115 
"16384"   1130555  1387548  1311345  1537664  1749308  1807417  1901595  1803196  1911965  1753996  1239242  1237747  973669 
"32768"   0  0  0  0  1843387  1534879  1479973  1927863  1682222  1523159  1043102  1238202  1177865 
"65536"   0  0  0  0  1149468  1310278  1526405  1443619  1352880  1489418  1189572  1173489  1075313 
"131072"   0  0  0  0  85556  86718  91783  93616  92310  92115  94220  93534  39074 
"262144"   0  0  0  0  13805  13743  13849  13850  13981  14096  14221  14209  14316 
"524288"   0  0  0  0  11180  11259  11175  11177  11009  11179  11260  11171  11204 

"Reader report"
        "4"  "8"  "16"  "32"  "64"  "128"  "256"  "512"  "1024"  "2048"  "4096"  "8192"  "16384"
"64"   2662899  608965  3541098  5283570  5389653 
"128"   2905056  1057236  4934216  5122535  4267461  6330599 
"256"   1549845  3879045  2000242  3717869  5217259  4840911  6936061 
"512"   1129775  2256220  2263354  1924603  2942541  3244885  3487274  6018636 
"1024"   1662907  2098375  2653170  3941039  3314514  4146499  4805258  3984917  6093831 
"2048"   1705094  2072957  2153510  1443248  2411679  2913021  2730599  2709070  3483621  5754221 
"4096"   1436707  1544007  2297447  2230918  2627371  2930315  2388479  3100608  3489144  3589754  1675135 
"8192"   1687708  1125743  2319910  2261133  2212360  2002922  2971317  2999591  2125589  2791249  1670802  1389686 
"16384"   1773140  1503780  1999996  2680605  2287309  2877482  2909646  2943547  2777464  2414360  1631252  1585268  1508368 
"32768"   0  0  0  0  2818520  2826751  2900853  2858796  2205558  1872036  1217277  1524105  1326851 
"65536"   0  0  0  0  2120222  2486282  2734646  2811365  2349387  2219821  1673199  1531465  1548941 
"131072"   0  0  0  0  2227032  2843395  2872305  2218029  2263023  2009996  1449400  1499988  1386784 
"262144"   0  0  0  0  2680076  2598465  2259998  2274350  2069046  1967324  1544857  1517344  1508203 
"524288"   0  0  0  0  111384  110928  99430  84840  97774  113562  83597  87695  75724 

"Re-Reader report"
        "4"  "8"  "16"  "32"  "64"  "128"  "256"  "512"  "1024"  "2048"  "4096"  "8192"  "16384"
"64"   2772930  3203069  4274062  5389653  4564786 
"128"   2985839  2409592  3036502  4267461  5847904  5847904 
"256"   2849590  4197489  3605511  5569035  5810112  6249745  6891544 
"512"   2039772  1201856  3550700  1500891  4485083  3325278  3842988  6018636 
"1024"   1793451  3966517  4783849  2236023  6402699  6650556  2592318  2606476  7113161 
"2048"   2639154  2778290  1912356  2202657  2326756  4807425  2319218  1472440  3618634  2599225 
"4096"   1839227  1944786  1895436  2061220  2436928  2872020  2489906  2919360  3047802  3465216  2041866 
"8192"   1578175  1494629  2365590  1953722  2614736  2280038  2975692  3139651  3245524  2983184  1571750  1525214 
"16384"   1722646  1501579  2218273  2593206  2815125  2828799  2895181  2627312  2831246  2641349  1631872  1503550  1607518 
"32768"   0  0  0  0  2731146  2888841  2918966  2507469  2339593  2544892  1455569  1369898  1473310 
"65536"   0  0  0  0  2270914  2052479  2517708  2318396  2401628  2402341  1627056  1470872  1496359 
"131072"   0  0  0  0  2306140  2565609  2864388  2372819  2603629  2007508  1327364  1521647  1430840 
"262144"   0  0  0  0  2591428  2715615  2333612  2174745  2157602  2134775  1563434  1540366  1490623 
"524288"   0  0  0  0  112469  107155  91557  92239  107337  102876  75690  73413  72945 

"Random read report"
        "4"  "8"  "16"  "32"  "64"  "128"  "256"  "512"  "1024"  "2048"  "4096"  "8192"  "16384"
"64"   2067979  3057153  4018152  4897948  5735102 
"128"   2098744  3297617  3759450  5122535  5847904  5847904 
"256"   2065659  3326279  3605511  5347168  6107548  1802167  6595234 
"512"   1992458  1840480  4228947  1926329  5699180  6018636  6472112  6319739 
"1024"   2115949  3345496  4249053  3722435  6244448  6787181  5417427  3794792  6650556 
"2048"   1322992  2009902  2872113  4259178  4310472  6359119  4818211  1219848  2353532  3624742 
"4096"   1526040  1796530  2287049  2555461  4763181  5483860  3860813  4965558  3343814  3007782  1574718 
"8192"   1471017  845054  2299262  2209941  2495295  2351344  2218932  3259688  2966955  2823823  1794916  1604335 
"16384"   1107399  1168861  1907559  2452007  2729800  2882068  2654921  2378264  2826356  2458586  1723899  1355632  1548719 
"32768"   0  0  0  0  2470066  2721142  2830419  2895963  1990172  2280281  1169028  1418888  1441614 
"65536"   0  0  0  0  2564212  2324218  2229345  2835201  2035140  1816356  1619884  1545622  1430755 
"131072"   0  0  0  0  1995405  2440996  2685839  2322861  2276781  2065331  1364992  1521757  1489724 
"262144"   0  0  0  0  2550936  2673410  2127670  2228832  2192481  2081218  1490800  1574891  1509829 
"524288"   0  0  0  0  203497  326457  328819  373169  475704  462936  384305  395861  274954 

"Random write report"
        "4"  "8"  "16"  "32"  "64"  "128"  "256"  "512"  "1024"  "2048"  "4096"  "8192"  "16384"
"64"   1392258  1734015  2444640  2801873  1734015 
"128"   1121270  1526043  2326073  2843510  3053774  3359523 
"256"   1407621  2152625  2118645  2639446  3499745  2613746  2205688 
"512"   1245780  1044594  2244430  887461  1947291  2235086  3104171  2097550 
"1024"   1219189  1597351  1845071  1442326  2106609  3414650  1969440  2275110  3324778 
"2048"   1130283  1618968  2250555  1453505  1810768  3683812  2482062  1412398  2155672  2270783 
"4096"   907796  1071143  1471281  1772435  2432442  2283098  2634219  2643949  2268027  2370354  1367083 
"8192"   1045550  572826  1507812  1866078  1869123  1958957  1765495  2126115  2085086  1743369  1505896  1360792 
"16384"   894076  988843  1450426  1613860  1956047  1839642  1716707  1957942  2017256  1856540  1421239  1368292  1219862 
"32768"   0  0  0  0  1674740  1807508  1820147  2065949  1648704  1705519  1182445  1013421  1243748 
"65536"   0  0  0  0  1299310  1489830  1684860  1769184  1704491  1293976  1316170  1164254  1134313 
"131072"   0  0  0  0  83338  90586  93153  88215  92502  92923  52111  94716  41398 
"262144"   0  0  0  0  14027  14270  14145  14121  14093  14434  14526  14625  14780 
"524288"   0  0  0  0  13899  13778  14113  14457  13720  13673  14992  14705  15962 

"Backward read report"
        "4"  "8"  "16"  "32"  "64"  "128"  "256"  "512"  "1024"  "2048"  "4096"  "8192"  "16384"
"64"   1562436  2006158  2561267  3363612  863676 
"128"   1833539  1618028  2409592  1363288  1778862  1561553 
"256"   1694118  2783115  2152625  4264168  2419396  1778290  2210228 
"512"   1383861  1835760  1938502  1267097  2910635  1614885  2572435  3481620 
"1024"   1326096  2455943  2926114  2835325  2789291  4249053  2604895  2744728  2414523 
"2048"   1189938  1669307  2009902  2343259  2506688  2635914  2306143  1216221  2038038  1503627 
"4096"   1176316  1404639  2021682  1709472  2497507  2822940  2890868  2431065  2678994  1664908  1408439 
"8192"   1112152  1465246  2125063  2305124  1881096  1768949  2838520  3030813  3066791  2076517  1820788  1640411 
"16384"   1360221  1391764  2000287  2540197  2652871  2189508  2710420  2860831  2649496  2394256  846009  1600777  1431154 
"32768"   0  0  0  0  2705661  2566994  2867086  2326602  2104028  1835436  1584387  1409806  1276604 
"65536"   0  0  0  0  1967280  2235346  2538682  2721487  2403140  1891537  1667970  1522575  1417270 
"131072"   0  0  0  0  2395671  2604097  2778708  2559446  2284046  1790287  1148313  655412  1271085 
"262144"   0  0  0  0  2049729  2643089  2792028  1979326  1888482  1964937  1400505  1446766  1509654 
"524288"   0  0  0  0  179358  272752  336265  248571  412223  408074  326520  384494  334160 

"Record rewrite report"
        "4"  "8"  "16"  "32"  "64"  "128"  "256"  "512"  "1024"  "2048"  "4096"  "8192"  "16384"
"64"   1526887  2133730  2561267  2923952  1828508 
"128"   1579934  2166499  2858650  2420455  2558895  731625 
"256"   1639786  2413957  2607399  2330140  2754556  3017775  2639446 
"512"   1225169  2394591  1438555  3437042  3710197  3459188  3046915  2237414 
"1024"   1633188  2522288  2805690  3659010  3937426  2861774  2934110  2331932  1715375 
"2048"   1338453  2190300  2373693  3637020  4104506  4223576  2602375  1950570  4104506  3083465 
"4096"   1444316  1833339  2948925  3442303  3828122  4433736  3938705  4582757  4399673  3362795  1717505 
"8192"   1649625  2383476  2580178  3251052  3380930  3100554  4209820  3610427  2439489  4430767  1549704  1332454 
"16384"   1661664  2310534  2497999  3633489  4194609  4545899  4439011  4022727  4149775  4024376  733658  1349138  1119049 
"32768"   0  0  0  0  3970983  4153638  3981567  4119649  4741431  2859807  1467051  1284766  1231655 
"65536"   0  0  0  0  4161802  3703864  4570192  4658804  4356240  3046487  1570095  1403786  1313792 
"131072"   0  0  0  0  4082856  4505722  4425705  4720765  4323651  2657535  1227161  1461211  917754 
"262144"   0  0  0  0  3308306  4457549  4609844  3789474  3744601  3182987  1440367  1310896  1328927 
"524288"   0  0  0  0  3596802  4389444  4557761  4132253  4621837  4283223  1526391  1367795  1340910 

"Stride read report"
        "4"  "8"  "16"  "32"  "64"  "128"  "256"  "512"  "1024"  "2048"  "4096"  "8192"  "16384"
"64"   2052169  3022727  3541098  3588436  4274062 
"128"   1858934  3124872  3867787  3759450  2784517  942199 
"256"   2034350  2065659  3557725  2665657  3605511  2170027  2509882 
"512"   1007827  2081286  2613128  2764505  5566231  4271001  4375425  5067142 
"1024"   1714690  2606476  2498809  3722435  5479632  5623115  4694950  3369115  1519371 
"2048"   1551424  2052157  2893397  3517861  3764533  6058611  5549749  5092426  1708146  2873074 
"4096"   1452375  1259539  1999099  2217671  2197249  2371663  5777065  5580043  3709909  3564431  1018440 
"8192"   1372643  1159712  1988893  2510611  2220079  1997565  2422121  6655245  6010303  2865268  1355584  1568092 
"16384"   1423093  1462340  1845918  2516016  2723417  2692051  2756850  2841079  6741958  4379601  912405  1371514  1357292 
"32768"   0  0  0  0  2608503  2676210  2465237  2116959  2593833  3402981  1796897  1319741  1319057 
"65536"   0  0  0  0  2243080  1961328  2886923  2781551  2383903  1949201  1704406  1527177  1125889 
"131072"   0  0  0  0  2453885  2591173  2640456  2820507  2279472  2068432  1207146  1499595  1488168 
"262144"   0  0  0  0  1873490  2676169  2390908  2057774  2221353  1914982  1364224  1572879  1492618 
"524288"   0  0  0  0  297891  366334  394139  407827  478787  531996  418043  301695  1463453 

"Fwrite report"
        "4"  "8"  "16"  "32"  "64"  "128"  "256"  "512"  "1024"  "2048"  "4096"  "8192"  "16384"
"64"   1392258  1828508  1734015  1392258  3203069 
"128"   1048974  1440082  2420455  1727352  811221  2660335 
"256"   775933  1099237  1325925  2509882  1718521  1312954  1829808 
"512"   836636  848872  1254513  1174254  1809465  1940253  1245780  2337255 
"1024"   1317957  1434138  1607514  1299612  1906496  2085132  1197769  1389594  1670020 
"2048"   1188621  1358134  1773019  2242916  2089598  1462911  2048243  1922629  1121576  3131805 
"4096"   1222000  1232255  1492240  1287671  1964579  2085490  2040896  1930147  1085629  1713223  977361 
"8192"   1136354  1113486  1554752  1793792  1607788  1171815  1688787  1651290  1532083  1576582  1132273  1090826 
"16384"   1153963  999151  1356515  1502169  1405024  1841712  1794157  1529757  1312296  1041365  689388  1062571  1354056 
"32768"   0  0  0  0  1542389  1628060  1683417  1307836  1575831  911666  1054555  1123383  1019578 
"65536"   0  0  0  0  1207724  1262878  1464751  1200183  1490129  950625  1010871  979905  854024 
"131072"   0  0  0  0  87848  91524  93822  92608  94000  96887  92918  109847  62184 
"262144"   0  0  0  0  14063  14093  14072  14250  14512  14562  14449  14815  15887 
"524288"   0  0  0  0  13258  12525  12274  12817  11870  11977  12449  12489  11866 

"Re-Fwrite report"
        "4"  "8"  "16"  "32"  "64"  "128"  "256"  "512"  "1024"  "2048"  "4096"  "8192"  "16384"
"64"   1421755  1780008  1484662  2278628  2892445 
"128"   955616  1406136  2326073  1471662  1471662  1377278 
"256"   1089202  1405778  1683493  1600674  2754556  1817419  1817419 
"512"   780390  1280699  1155302  1302447  1523247  2116152  1662389  1917728 
"1024"   784640  1365299  1546729  2052253  1738286  1893052  1695065  2546213  1082454 
"2048"   945111  988393  1160989  1689666  1721151  1023000  963342  2060032  821546  2100841 
"4096"   1085629  1374960  1286514  1506899  1538752  1905105  1585179  1912315  1856719  1617719  1383375 
"8192"   1121262  1351797  1543023  1704875  1236504  1010734  1554401  1730114  1974833  1513391  1782809  1205951 
"16384"   1122284  427089  1352271  1659337  1765532  1793736  1793361  1164050  1852985  1212458  1275516  1586658  1370693 
"32768"   0  0  0  0  1548733  1545511  1519572  1284766  1300313  869543  1141948  893053  1420560 
"65536"   0  0  0  0  947574  1466063  1421756  1031724  1082184  1071950  931253  1013248  1094857 
"131072"   0  0  0  0  88458  90781  94222  93807  92374  97279  98320  110095  56330 
"262144"   0  0  0  0  13843  13973  13985  14002  14234  14387  14546  15158  15826 
"524288"   0  0  0  0  11038  10989  11272  11018  11198  11330  11336  11378  11702 

"Fread report"
        "4"  "8"  "16"  "32"  "64"  "128"  "256"  "512"  "1024"  "2048"  "4096"  "8192"  "16384"
"64"   2133730  2006158  2444640  2772930  4897948 
"128"   2558895  3468030  3895854  1618028  4267461  1579934 
"256"   1766587  2325094  3950402  2097948  2325094  1340826  2911402 
"512"   1924603  2360376  2225819  2317080  2695115  2509312  3046915  2427068 
"1024"   1821595  2444759  2316837  2638501  3393069  4048778  3057339  2844715  2723840 
"2048"   1721151  2015562  2432165  2544558  1725300  1860176  2585923  3276342  2959183  1125249 
"4096"   1701683  1675299  2081196  2164855  2624160  2599148  1981574  2461367  2780901  1644194  1710834 
"8192"   1731596  1257778  2417179  2452024  2026668  2708091  2904996  2614736  2535436  2637415  1530309  1450646 
"16384"   1805992  1719758  2061369  2005131  2335267  2685423  1945801  2907062  1892170  2312478  1790418  1446457  1465083 
"32768"   0  0  0  0  2704543  2055721  2310838  2365729  2472510  1782795  1581233  1442431  1229143 
"65536"   0  0  0  0  2004713  2371481  1855693  2339808  2339231  2260401  1529429  1351317  1218393 
"131072"   0  0  0  0  2624272  2170393  2867466  2737625  2278952  1636558  1540917  1539523  1232457 
"262144"   0  0  0  0  2654646  2736221  1259436  2008795  1589811  2189879  1381305  1520071  1495385 
"524288"   0  0  0  0  220062  252684  264994  299079  224417  278028  251035  188896  203094 

"Re-Fread report"
        "4"  "8"  "16"  "32"  "64"  "128"  "256"  "512"  "1024"  "2048"  "4096"  "8192"  "16384"
"64"   1421755  1562436  4207076  4897948  5283570 
"128"   2843510  3867787  3867787  3982553  4104338  1254941 
"256"   1103757  3935921  1814348  2266207  3511189  3717869  1610276 
"512"   2695115  3533174  1848401  1227971  3325278  2275345  6843354  1734911 
"1024"   2852271  3764854  2497356  2111788  2386350  6163794  6830356  4920874  1835608 
"2048"   2076967  1998214  2176427  3536690  3140967  2128958  2467800  5306340  3960675  2543804 
"4096"   2169502  2117884  1816475  3070133  3204717  2686114  2905044  2291930  3105653  1899628  1888353 
"8192"   1763592  1578393  2099483  2298493  2214641  2223095  2766750  1865673  2455002  2881608  1305470  1264815 
"16384"   1783170  1960288  1815391  2226683  2203903  2164883  2370388  2953668  2243183  2280326  1484164  1406836  1404163 
"32768"   0  0  0  0  2397422  2692304  2809302  2641491  2190687  1819737  1716939  1299501  1419885 
"65536"   0  0  0  0  1987752  2011844  2641207  2142949  2896231  2486574  1552808  1350978  1310010 
"131072"   0  0  0  0  2671716  2187301  2741297  2647641  2068658  1832068  1628226  1518109  1102734 
"262144"   0  0  0  0  2623852  2737938  1378152  2039729  1795751  2208755  1392739  1558357  1504457 
"524288"   0  0  0  0  214288  258010  277023  300761  296098  286732  243803  208028  205316 
