	Iozone: Performance Test of File I/O
	        Version $Revision: 3.414 $
		Compiled for 64 bit mode.
		Build: linux-AMD64 

	Contributors:William Norcott, Don Capps, Isom Crawford, Kirby Collins
	             Al Slater, Scott Rhine, Mike Wisner, Ken Goss
	             Steve Landherr, Brad Smith, Mark Kelly, Dr. Alain CYR,
	             Randy Dunlap, Mark Montague, Dan Million, Gavin Brebner,
	             Jean-Marc Zucconi, Jeff Blomberg, Benny Halevy, Dave Boone,
	             Erik Habbinga, Kris Strecker, Walter Wong, Joshua Root,
	             Fabrice Bacchella, Zhenghua Xue, Qin Li, Darren Sawyer,
	             Vangel Bojaxhi, Ben England.

	Run began: Wed Feb 27 00:03:54 2013

	Auto Mode
	Excel chart generation enabled
	Command line used: ./benchmarks/iozone3_414/src/current/iozone -a -R
	Output is in Kbytes/sec
	Time Resolution = 0.000001 seconds.
	Processor cache size set to 1024 Kbytes.
	Processor cache line size set to 32 bytes.
	File stride size set to 17 * record size.
                                                            random  random    bkwd   record   stride                                   
              KB  reclen   write rewrite    read    reread    read   write    read  rewrite     read   fwrite frewrite   fread  freread
              64       4  477808  852702  2662899  1947927 2006158  955947 1304314  1452528  1879725  1087638   929467 1599680  1210227
              64       8  666414 1330167  3541098  3363612 3022727 1330167 1599680  1991276  2923952  1562436  1279447 2203800  3541098
              64      16  752329 1526887  2358717  3363612 4018152 1780008 2662899   503814  2379626  1232453  1255511 3203069  4274062
              64      32  889431 1638743  5283570  5283570 4988978 1828508 2772930  2203800  3057153  1492919  1210227 2892445  4897948
              64      64  942521 2298136  5735102  5860307 5389653 2006158 2923952  2006158  2923952  1599680   620221 3203069  5389653
             128       4  615814 1185654  2727923  1878447 1967960  595328  881842  1561553  1508887  1085013     1330 2166499  1349580
             128       8  695603 2027414  3982553  3982553 3199360 2058509 2673584  2286447  3359523  1905110   947186 1727352  3657016
             128      16  895074 1637771  4934216  4759253 4267461 1727352 3445772  2608629  3124872  1561553  1487977 3536566  4717434
             128      32  718889 1424795  4934216  4596273 4759253 2784517 3199360  3380677  4557257  2727923  3053774 2326073  5122535
             128      64 1074159 1543594  1802755  4759253 5847904 2238774 2420455  2420455  4889281  1684006   978253 3560017  5847904
             128     128 1032829 1504659  6406138  6406138 6406138 3560017 1885042  2035099  5122535  1911894  3277486 2920861  2066432
             256       4  643419 1185399  2266207  2975955 2077650 1099237 1868008  1561112  2045979  1600674   980760 2463808  2943325
             256       8  839644 1347557  3511189  3879045 3236056 1487577 2366082  2266207  1911233  1142514  1938842 1354356  2486631
             256      16  864661 1649865  3879045  2975955 3994490 1103757 2065659  2719671  4132864  1642294  1471270 3326279  4553502
             256      32 1027695 1642294  2015259  1642294 3654598 1855098 2081678  3410808  5022044  1591186  1718521 1422540  5320671
             256      64  907792  807442  3454704  5971678 6107548 2305128 4332998  1924938  5022044  2114473  1755037 1894373  4197489
             256     128 1248819 2719671  6249745  4496299 6554972 2613746 3654598  2639446  5687020  1884399  2030503 2441400  2533571
             256     256  934659 1673001  6936061  6936061 6554972  870974 2223962  2131261  5242734  2285501  2152625 4572895  1790149
             512       4  546460 1049187  1848401  2910635 2065273 1127995 1701913   969603  1600443   999850  1007827 1807941  2600470
             512       8  901619 1376763  3122224  3122224 2782414 1418599 2039772  2413429  1961520  1459080  1505098 3029721  2638816
             512      16 1002183 1580419  3913012  2678309 4163357 1679288 3086326  2926501  2327124  1479181  1565443 3068685  4973263
             512      32  814117 2327124  4030519  2845081 5115422 1753325 2958758  2708713  4494470  2071249  1645826 2497638  5278892
             512      64 1125630 2416145  3437042  3304808 6104175 2081286 4784885  4038098  2841317  1595686  1712772 3182373  4099771
             512     128 1034530 2073249  4927617  6931711 6736026 2307123 3012719  3481620  6472112  2099600  1599251 2613128  6821616
             512     256 1326585 2381315  4262523  3941742 7022379 1940253 4571003  2625909  3762197  1684557  2782414 5214798  6632013
             512     512  998455 1889050  7115451  7091952 7309196 2486072 3409755  2572435  3068685  2722449  2169601 3409755  1634551
            1024       4  659768 1199106  1973059  1738989 1950656 1015885 1408737  1558516  1577404  1216082  1063161 1995982  2820430
            1024       8  960669 1316341  2708381  3335105 3271594 1580306 2019445  2338280  1780809  1196434  1426517 1393200  2333199
            1024      16  948995 1714690  3544270  3390391 3951918 1402756 2546213  3012308  4029784  2311849  2094282 2813041  4876180
            1024      32 1324868 1899750  2942149  5690162 5336651 2514903 3712781  3170172  4594502  1102459  1512415 3324778  5593820
            1024      64  992182 1865101  3074849  6280976 1854631 1800216 2467229  3877004  5507740  1809317  1893052 3092561   961529
            1024     128 1131503 1854631  3579719  6479979 5813392 3085895 2688041  3668386  3495237  1935711  1976691 3671521  2892612
            1024     256 1204825 1738286  3894582  6874084 4614246 2679655 2403712  3712781  4700088  2250080  2461573 3937426  6059442
            1024     512 1056883 1917562  5219904  6918376 7257394 2767722 2183727  3544270  6025439  1620249  2421329 3130886  2510493
            1024    1024 1113030 1815435  7257394  7319232 7369466 2573677 2950233  3020783  2279941  2290886  2094282 2382379  5048117
            2048       4  597444  994112  1598780  1628174 2036105 1268110 1017306    40983  1361578  1532875  1156300 1726687  1919192
            2048       8  846315 1571864  1860176  3221057 1390225 1305301 2140097  2418469  1961707  1978880  1431225 2142766  2107025
            2048      16  997576 1603854  2392202  4321315 4196751 2098276 2482062  2980747  2111168  1392253  1332432 2450202  2559723
            2048      32 1035455 2041913  2476337  2868277 2343259 1608961 2293214  3374151  2840769  1928240  1677457 1759221  2563543
            2048      64 1032344 1963500  3037667  5521212 5521212 2905140 2942962  3549844  5184636  1775951  1804681 2832339  2602375
            2048     128 1156456 2183619  2557437  3277593 6711905 2322353 2824887  4451191  6563185  2381590  2056579 2848305  5820505
            2048     256  803788 2048243  3215029  6132138 7112016 3065856 2955111  4540600  6895083  2403581  1944829 2642401  2197023
            2048     512 1043885 1885905  3683812  3309159 5704543 1974785 2812862  4453499  4633675  1919621  2015562 2942962  5685664
            2048    1024  929565 1887563  4231899  5280246 5953632 3441748 2359998  4001263  5107566  1571864  1866644 1914061  2278010
            2048    2048 1061690 1603854  4001263  2083516 5056455 2437686 1977058  1830057  2333076  2295665  1946592 1941313  1759581
            4096       4  665581 1120976  1679393  1661527   65504  978251 1393700  1560415  1302017  1101711  1131832 1754873  2271626
            4096       8   98577 1421256  1921082  2061467 2576153 1435147 1810922  2262949  2112416  1106750  1374520 2221111  2009857
            4096      16  994849 1723189  2344476  3405457 3700320 1672363 2241689  2878275  2233528  2108009  1543313 1945888  2587795
            4096      32 1094342 1848330  2526895  3916259 3404782 1705908 2174170  3433360  2402508  1426093  1742944 2364807  2617364
            4096      64 1206806 1691297  2555081  3033808 5250883 2485583 2573067  3979764  2692851  1420198  1811686 2423862  2568066
            4096     128  958334 1802940  2780451  4027344  164630 2858639 1314067  1692630   243376   692714   898819 2224851  2017646
            4096     256  101650 1213284  1757206  1898998 2563086 1761711 1220871  3065750  4835578   574139  1210036   18132  2061467
            4096     512  432297 1560840  1805972  1645611   65746 2485583 1359940  2445600  5689064  1058994  1023719 1580222  2018832
            4096    1024   32587  711741  2830848  3000952 3279348 1673341 2106975  2878758  4701910   948126   835239 2126799  2425231
            4096    2048  832003 1235179  2210537  1545674 1259539 1406594 2449785  2108268  3040789  1344719  2287049 2072909  1818782
            4096    4096   45747 1031959  1351276  1479772   41345 1136850 1163017  1502550  1395511  1419729  1645611 1981574  1584594
            8192       4  167030 1201187  1721360   155083 1313455   70445 1340930   106116   275369   148311  1100469 1760971  1771960
            8192       8   99959 1255847  2126641   204498 1984069   71762 1886673  2322733  1840883  1426437   188178 2099355  2214071
            8192      16  961816 1347134  1850799   108500 2261728 1611332 2092451  2574572  2037846   153615   196640 2408031  2306207
            8192      32  256909 1770499  2384303   129437 2545013 1808806 2479450  3585187  2692177   155231  1551243 2503659  2511345
            8192      64 1126962 1899817  2038330  2567262   93290 1689783 2135630  3949937  2700853  1491903  1369415 2658845  2623119
            8192     128 1100751 1911337  2876301  2978787 3201375 2104369 2806295  4371576  2053067    54900  1859715 2833604  2726139
            8192     256 1136805 1775072  2897647  2787400  130294 2014311 2828705  3232699  2762746  1264396  1506754 2428626  2656378
            8192     512 1183153  202291  2873415  2949889 2710655 2090414 2441049  4615263  6793408  1537568  1417083 1279606  2843453
            8192    1024 1188761 1935235  2693021  2815032 3309611   92638 2910163  3257524  5979968  2017268  1005529 1640724  2604824
            8192    2048 1072943 1045550  2139353  1690864   81511 1859715 2029301  4395061  4979812  1644021  1236148 2351988  2464511
            8192    4096  119734 1278796  1854295    80967 1690116   71996 1804436    80695  1706315   101868    42018 1777736   200631
            8192    8192   53694 1250317    72237    72244 1567520 1307607 1404168  1350947  1550333  1358317  1374290  194229   105487
           16384       4   96708   94690  1615491   175394  150979  131699  104542   137963  1386820   188710   131012  173346   233081
           16384       8  154202  170966   292305   241246 1826974   71594 1830234  2190694   287988   339136   170198  518466  2169462
           16384      16   92544  281811  2085770  2344589  140864  109727 2037532   143873  2156391  1505889    90776 2094096  2386937
           16384      32  259056 1498729   241641   377633 2268957  155614 2438520   162089   522530   198873  1640717  288009   294205
           16384      64  145165  137221  2325626  2020934 2112183 1403589 2161478  3714404  2128077  1339435   945848 1868199  2131973
           16384     128  978675 1567835  1889724  1930278 2126694 1742786 2133826  4147771  2395675  1441088  1050727 2215270  2675387
           16384     256 1083172 1652633  1602494  2575325 2651950 1506318 2097292  4362087  2542077  1336283  1523787 2393922  2090593
           16384     512  916689 1789252  2231890  2837560 2498725 1386708 2419375  4258819  2125313  1498174  1194170 1898915  2642568
           16384    1024 1101365 1564693  2875435  2912112 2311234 1316293 2209927  3899241  4001179   820053   762610 2016250  1949997
           16384    2048  915920 1533375  2063474  2128671 1662669 1131635 1551061  2937758  4632001  1009306  1038406 1549592  2167478
           16384    4096  582374  720112   833318   548234 1325356 1023680 1350146  1218521  1640012  1063064   904586 1282706  1482307
           16384    8192  751075 1017270  1218953  1211389 1274215 1135187 1367720  1126995  1183659   940321  1430916 1379582  1519710
           16384   16384  892764 1204531  1467054   945093 1221879 1192160 1396515  1102850  1481125   889321  1229113 1459080  1433543
           32768      64  501615 1554531  2308896  2501946 2412402 1523463 2631981  4106356  2647037  1557720  1741501 2688565  2567809
           32768     128 1043664 1717862  2541127  2818751 2681955 1983766 2531719  4424550  2408513  1576373  1726993 2452129  2765270
           32768     256 1103592 1434992  2385893  2883749 2820718 1988128 2830419  4328676  2502721  1639715  1470016 2862070  2880425
           32768     512 1061822 1855708  2836845  2896451 2935989 1953623 2890360  4766260  2833862  1616723  1648190 2475271  2860343
           32768    1024 1123383 1546676  2760383  2878676 2912965 1997084 2723407  4493700  2746208  1426680  1471401 2470421  2683473
           32768    2048 1000335 1388176  2060869  2583642 2540940 1804209 2240068  4172680  4136761  1243478  1138882 1388541  1194209
           32768    4096  556323 1190227  1678176  1768367 1754842 1273587 1745859  1570860  1796991  1136950  1010359 1693603  1722188
           32768    8192  865758 1141748  1451005  1515216 1521978 1287498 1307475  1374790  1501329  1060037  1226577 1543272  1443643
           32768   16384  911539 1291151  1491230  1538332 1415717 1300620 1549973  1163880  1484674  1101337  1550200 1534862  1463318
           65536      64  991376 1587212  2089852  2196461 2124548 1554310 2231698  3690934  2335831  1347118  1318442 2573960  2758715
           65536     128 1056622 1611451  2518492  2715277 2707201 1761769 2747026  3883179  2676909  1583263  1445852 2179239  2692853
           65536     256  994144 1692693  2395579  2360119 2097747 1511648 2809583  4665130  2615473  1449435  1572664 2596916  2865108
           65536     512  948601 1678051  2569317  2639685 2697848 1821555 2354700  4668458  2638849  1395002  1340888 2742558  2868995
           65536    1024 1013801 1700379  1970241  1971315 1882624 1389269 2762791  4776348  2805712  1238234  1047434 2780510  2507305
           65536    2048  953461 1421293  2562204  2432939 2461457 1567508 2517800  4263602  2455455   912515  1052499 2461259  2273732
           65536    4096  803885 1126263  1524205  1605325 1575648 1075136 1383842  1210735  1438264   844796   798887 1673036  1713320
           65536    8192  804833 1160974  1418835  1483862 1559557 1180636 1461527  1324950  1463285  1011980  1015464 1532259  1510601
           65536   16384  829422 1133859  1528859  1410043 1353346 1128705 1476601  1320704  1301531  1132392  1152340 1509490  1460284
          131072      64   82516   86032  2613121  2626278 2512448   86736 2645030  3332382  1268332    79026    87616 2484403  2718995
          131072     128   88582   89531  2670081  2803978 2608199   91114 2659579  4324502  2418839    87038    87607 2105305  2233102
          131072     256   90966   76829  1867067  2410387 2021779   87793 2136950  3880981  2416553    87854    87519 2158666  2143173
          131072     512   86909   89997  2181477  2069662 2222871   90018 1690205  4637575  2178468    83712    89969 1973500  1992216
          131072    1024   88423   88433  2142572  2066496 2079652   88174 2423627  4399144  2367883    80372    84253 2379701  2262082
          131072    2048   89704   87904  1974479  2166014 2173164   89612 1977277  2530349  1956184    89212    91046 2692244  2450680
          131072    4096   91748   88411  1285813  1421068 1648370   89248 1672267  1496598  1688637   100656   100435 1575065  1695626
          131072    8192   92918   94087  1226403  1222399 1072129   77096 1027790   952204  1102455   102368   106208 1200482  1236587
          131072   16384   86847   80913  1447286  1402335 1469386   85976 1488559  1341493  1461600    90118    77889 1241270  1225705
          262144      64   14711   14244  2500510  2509419 2357409   14612 2552523  4128895  2537694    14542    14356 2383151  2480826
          262144     128   14557   14206  2416919  2300378 2307499   14589 2429597  4244697  2266507    14625    14337 2303246  2473242
          262144     256   14537   14214  2266072  2049408 2067692   14598 2278738  3517055  2270785    14519    14330 1972668  1735239
          262144     512   14619   14181  1970518  1638380 2002199   14664 2116505  3869288  2016073    14469    14354 2020734  2283779
          262144    1024   14562   14307  1839944  1928707 1766636   14204 1778523  2800769  1733387    14276    14398 1774877  1776885
          262144    2048   14633   14219  1567312  1802768 1702025   14209 1903666  3150392  2050834    14687    14585 1912048  2054824
          262144    4096   14632   14344  1060619  1192979 1187692   14686 1496588  1398108  1491692    15011    14700 1676113  1620635
          262144    8192   14653   14341  1549828  1499028 1523243   14772 1466491  1251942  1272203    15246    15060 1526489  1520830
          262144   16384   14679   14340  1528046  1493382 1488990   14803 1154915  1176589  1220460    15936    15863 1520082  1520336
          524288      64   11356   11220   109406   105848  237018   13884  201615  4028674   309288    13166    11027  153383   198629
          524288     128   12776   11179   109544    59980  260556   15202  285583  4270837   360339    12570    11004  231683   213463
          524288     256   12345   11211   102667   108987  426004   13702  296094  4197588   358552    12595    11274  278617   276503
          524288     512   12069   11180   104601   109024  453531   13633  385026  4537410   444676    11959    11006  308014   302821
          524288    1024   11936   11012   108014   108474  482184   13084  401264  4642592   484030    11917    11296  279731   297851
          524288    2048   11998   11252    99251   106980  444407   13860  420798  2579382   398754    12905    11323  206527   262017
          524288    4096   12162   11221    91593    92295  458180   14138  362795  1500066   488682    12284    11375  267968   237936
          524288    8192   11852   11259   102189    98005  499912   13815  388133  1047980   310289    12412    11451  337603   331258
          524288   16384   11910   11169   106489   107306  366778   13750  423332  1368669   454601    12312    11706  243894   248892

iozone test complete.
Excel output is below:

"Writer report"
        "4"  "8"  "16"  "32"  "64"  "128"  "256"  "512"  "1024"  "2048"  "4096"  "8192"  "16384"
"64"   477808  666414  752329  889431  942521 
"128"   615814  695603  895074  718889  1074159  1032829 
"256"   643419  839644  864661  1027695  907792  1248819  934659 
"512"   546460  901619  1002183  814117  1125630  1034530  1326585  998455 
"1024"   659768  960669  948995  1324868  992182  1131503  1204825  1056883  1113030 
"2048"   597444  846315  997576  1035455  1032344  1156456  803788  1043885  929565  1061690 
"4096"   665581  98577  994849  1094342  1206806  958334  101650  432297  32587  832003  45747 
"8192"   167030  99959  961816  256909  1126962  1100751  1136805  1183153  1188761  1072943  119734  53694 
"16384"   96708  154202  92544  259056  145165  978675  1083172  916689  1101365  915920  582374  751075  892764 
"32768"   0  0  0  0  501615  1043664  1103592  1061822  1123383  1000335  556323  865758  911539 
"65536"   0  0  0  0  991376  1056622  994144  948601  1013801  953461  803885  804833  829422 
"131072"   0  0  0  0  82516  88582  90966  86909  88423  89704  91748  92918  86847 
"262144"   0  0  0  0  14711  14557  14537  14619  14562  14633  14632  14653  14679 
"524288"   0  0  0  0  11356  12776  12345  12069  11936  11998  12162  11852  11910 

"Re-writer report"
        "4"  "8"  "16"  "32"  "64"  "128"  "256"  "512"  "1024"  "2048"  "4096"  "8192"  "16384"
"64"   852702  1330167  1526887  1638743  2298136 
"128"   1185654  2027414  1637771  1424795  1543594  1504659 
"256"   1185399  1347557  1649865  1642294  807442  2719671  1673001 
"512"   1049187  1376763  1580419  2327124  2416145  2073249  2381315  1889050 
"1024"   1199106  1316341  1714690  1899750  1865101  1854631  1738286  1917562  1815435 
"2048"   994112  1571864  1603854  2041913  1963500  2183619  2048243  1885905  1887563  1603854 
"4096"   1120976  1421256  1723189  1848330  1691297  1802940  1213284  1560840  711741  1235179  1031959 
"8192"   1201187  1255847  1347134  1770499  1899817  1911337  1775072  202291  1935235  1045550  1278796  1250317 
"16384"   94690  170966  281811  1498729  137221  1567835  1652633  1789252  1564693  1533375  720112  1017270  1204531 
"32768"   0  0  0  0  1554531  1717862  1434992  1855708  1546676  1388176  1190227  1141748  1291151 
"65536"   0  0  0  0  1587212  1611451  1692693  1678051  1700379  1421293  1126263  1160974  1133859 
"131072"   0  0  0  0  86032  89531  76829  89997  88433  87904  88411  94087  80913 
"262144"   0  0  0  0  14244  14206  14214  14181  14307  14219  14344  14341  14340 
"524288"   0  0  0  0  11220  11179  11211  11180  11012  11252  11221  11259  11169 

"Reader report"
        "4"  "8"  "16"  "32"  "64"  "128"  "256"  "512"  "1024"  "2048"  "4096"  "8192"  "16384"
"64"   2662899  3541098  2358717  5283570  5735102 
"128"   2727923  3982553  4934216  4934216  1802755  6406138 
"256"   2266207  3511189  3879045  2015259  3454704  6249745  6936061 
"512"   1848401  3122224  3913012  4030519  3437042  4927617  4262523  7115451 
"1024"   1973059  2708381  3544270  2942149  3074849  3579719  3894582  5219904  7257394 
"2048"   1598780  1860176  2392202  2476337  3037667  2557437  3215029  3683812  4231899  4001263 
"4096"   1679393  1921082  2344476  2526895  2555081  2780451  1757206  1805972  2830848  2210537  1351276 
"8192"   1721360  2126641  1850799  2384303  2038330  2876301  2897647  2873415  2693021  2139353  1854295  72237 
"16384"   1615491  292305  2085770  241641  2325626  1889724  1602494  2231890  2875435  2063474  833318  1218953  1467054 
"32768"   0  0  0  0  2308896  2541127  2385893  2836845  2760383  2060869  1678176  1451005  1491230 
"65536"   0  0  0  0  2089852  2518492  2395579  2569317  1970241  2562204  1524205  1418835  1528859 
"131072"   0  0  0  0  2613121  2670081  1867067  2181477  2142572  1974479  1285813  1226403  1447286 
"262144"   0  0  0  0  2500510  2416919  2266072  1970518  1839944  1567312  1060619  1549828  1528046 
"524288"   0  0  0  0  109406  109544  102667  104601  108014  99251  91593  102189  106489 

"Re-Reader report"
        "4"  "8"  "16"  "32"  "64"  "128"  "256"  "512"  "1024"  "2048"  "4096"  "8192"  "16384"
"64"   1947927  3363612  3363612  5283570  5860307 
"128"   1878447  3982553  4759253  4596273  4759253  6406138 
"256"   2975955  3879045  2975955  1642294  5971678  4496299  6936061 
"512"   2910635  3122224  2678309  2845081  3304808  6931711  3941742  7091952 
"1024"   1738989  3335105  3390391  5690162  6280976  6479979  6874084  6918376  7319232 
"2048"   1628174  3221057  4321315  2868277  5521212  3277593  6132138  3309159  5280246  2083516 
"4096"   1661527  2061467  3405457  3916259  3033808  4027344  1898998  1645611  3000952  1545674  1479772 
"8192"   155083  204498  108500  129437  2567262  2978787  2787400  2949889  2815032  1690864  80967  72244 
"16384"   175394  241246  2344589  377633  2020934  1930278  2575325  2837560  2912112  2128671  548234  1211389  945093 
"32768"   0  0  0  0  2501946  2818751  2883749  2896451  2878676  2583642  1768367  1515216  1538332 
"65536"   0  0  0  0  2196461  2715277  2360119  2639685  1971315  2432939  1605325  1483862  1410043 
"131072"   0  0  0  0  2626278  2803978  2410387  2069662  2066496  2166014  1421068  1222399  1402335 
"262144"   0  0  0  0  2509419  2300378  2049408  1638380  1928707  1802768  1192979  1499028  1493382 
"524288"   0  0  0  0  105848  59980  108987  109024  108474  106980  92295  98005  107306 

"Random read report"
        "4"  "8"  "16"  "32"  "64"  "128"  "256"  "512"  "1024"  "2048"  "4096"  "8192"  "16384"
"64"   2006158  3022727  4018152  4988978  5389653 
"128"   1967960  3199360  4267461  4759253  5847904  6406138 
"256"   2077650  3236056  3994490  3654598  6107548  6554972  6554972 
"512"   2065273  2782414  4163357  5115422  6104175  6736026  7022379  7309196 
"1024"   1950656  3271594  3951918  5336651  1854631  5813392  4614246  7257394  7369466 
"2048"   2036105  1390225  4196751  2343259  5521212  6711905  7112016  5704543  5953632  5056455 
"4096"   65504  2576153  3700320  3404782  5250883  164630  2563086  65746  3279348  1259539  41345 
"8192"   1313455  1984069  2261728  2545013  93290  3201375  130294  2710655  3309611  81511  1690116  1567520 
"16384"   150979  1826974  140864  2268957  2112183  2126694  2651950  2498725  2311234  1662669  1325356  1274215  1221879 
"32768"   0  0  0  0  2412402  2681955  2820718  2935989  2912965  2540940  1754842  1521978  1415717 
"65536"   0  0  0  0  2124548  2707201  2097747  2697848  1882624  2461457  1575648  1559557  1353346 
"131072"   0  0  0  0  2512448  2608199  2021779  2222871  2079652  2173164  1648370  1072129  1469386 
"262144"   0  0  0  0  2357409  2307499  2067692  2002199  1766636  1702025  1187692  1523243  1488990 
"524288"   0  0  0  0  237018  260556  426004  453531  482184  444407  458180  499912  366778 

"Random write report"
        "4"  "8"  "16"  "32"  "64"  "128"  "256"  "512"  "1024"  "2048"  "4096"  "8192"  "16384"
"64"   955947  1330167  1780008  1828508  2006158 
"128"   595328  2058509  1727352  2784517  2238774  3560017 
"256"   1099237  1487577  1103757  1855098  2305128  2613746  870974 
"512"   1127995  1418599  1679288  1753325  2081286  2307123  1940253  2486072 
"1024"   1015885  1580306  1402756  2514903  1800216  3085895  2679655  2767722  2573677 
"2048"   1268110  1305301  2098276  1608961  2905140  2322353  3065856  1974785  3441748  2437686 
"4096"   978251  1435147  1672363  1705908  2485583  2858639  1761711  2485583  1673341  1406594  1136850 
"8192"   70445  71762  1611332  1808806  1689783  2104369  2014311  2090414  92638  1859715  71996  1307607 
"16384"   131699  71594  109727  155614  1403589  1742786  1506318  1386708  1316293  1131635  1023680  1135187  1192160 
"32768"   0  0  0  0  1523463  1983766  1988128  1953623  1997084  1804209  1273587  1287498  1300620 
"65536"   0  0  0  0  1554310  1761769  1511648  1821555  1389269  1567508  1075136  1180636  1128705 
"131072"   0  0  0  0  86736  91114  87793  90018  88174  89612  89248  77096  85976 
"262144"   0  0  0  0  14612  14589  14598  14664  14204  14209  14686  14772  14803 
"524288"   0  0  0  0  13884  15202  13702  13633  13084  13860  14138  13815  13750 

"Backward read report"
        "4"  "8"  "16"  "32"  "64"  "128"  "256"  "512"  "1024"  "2048"  "4096"  "8192"  "16384"
"64"   1304314  1599680  2662899  2772930  2923952 
"128"   881842  2673584  3445772  3199360  2420455  1885042 
"256"   1868008  2366082  2065659  2081678  4332998  3654598  2223962 
"512"   1701913  2039772  3086326  2958758  4784885  3012719  4571003  3409755 
"1024"   1408737  2019445  2546213  3712781  2467229  2688041  2403712  2183727  2950233 
"2048"   1017306  2140097  2482062  2293214  2942962  2824887  2955111  2812862  2359998  1977058 
"4096"   1393700  1810922  2241689  2174170  2573067  1314067  1220871  1359940  2106975  2449785  1163017 
"8192"   1340930  1886673  2092451  2479450  2135630  2806295  2828705  2441049  2910163  2029301  1804436  1404168 
"16384"   104542  1830234  2037532  2438520  2161478  2133826  2097292  2419375  2209927  1551061  1350146  1367720  1396515 
"32768"   0  0  0  0  2631981  2531719  2830419  2890360  2723407  2240068  1745859  1307475  1549973 
"65536"   0  0  0  0  2231698  2747026  2809583  2354700  2762791  2517800  1383842  1461527  1476601 
"131072"   0  0  0  0  2645030  2659579  2136950  1690205  2423627  1977277  1672267  1027790  1488559 
"262144"   0  0  0  0  2552523  2429597  2278738  2116505  1778523  1903666  1496588  1466491  1154915 
"524288"   0  0  0  0  201615  285583  296094  385026  401264  420798  362795  388133  423332 

"Record rewrite report"
        "4"  "8"  "16"  "32"  "64"  "128"  "256"  "512"  "1024"  "2048"  "4096"  "8192"  "16384"
"64"   1452528  1991276  503814  2203800  2006158 
"128"   1561553  2286447  2608629  3380677  2420455  2035099 
"256"   1561112  2266207  2719671  3410808  1924938  2639446  2131261 
"512"   969603  2413429  2926501  2708713  4038098  3481620  2625909  2572435 
"1024"   1558516  2338280  3012308  3170172  3877004  3668386  3712781  3544270  3020783 
"2048"   40983  2418469  2980747  3374151  3549844  4451191  4540600  4453499  4001263  1830057 
"4096"   1560415  2262949  2878275  3433360  3979764  1692630  3065750  2445600  2878758  2108268  1502550 
"8192"   106116  2322733  2574572  3585187  3949937  4371576  3232699  4615263  3257524  4395061  80695  1350947 
"16384"   137963  2190694  143873  162089  3714404  4147771  4362087  4258819  3899241  2937758  1218521  1126995  1102850 
"32768"   0  0  0  0  4106356  4424550  4328676  4766260  4493700  4172680  1570860  1374790  1163880 
"65536"   0  0  0  0  3690934  3883179  4665130  4668458  4776348  4263602  1210735  1324950  1320704 
"131072"   0  0  0  0  3332382  4324502  3880981  4637575  4399144  2530349  1496598  952204  1341493 
"262144"   0  0  0  0  4128895  4244697  3517055  3869288  2800769  3150392  1398108  1251942  1176589 
"524288"   0  0  0  0  4028674  4270837  4197588  4537410  4642592  2579382  1500066  1047980  1368669 

"Stride read report"
        "4"  "8"  "16"  "32"  "64"  "128"  "256"  "512"  "1024"  "2048"  "4096"  "8192"  "16384"
"64"   1879725  2923952  2379626  3057153  2923952 
"128"   1508887  3359523  3124872  4557257  4889281  5122535 
"256"   2045979  1911233  4132864  5022044  5022044  5687020  5242734 
"512"   1600443  1961520  2327124  4494470  2841317  6472112  3762197  3068685 
"1024"   1577404  1780809  4029784  4594502  5507740  3495237  4700088  6025439  2279941 
"2048"   1361578  1961707  2111168  2840769  5184636  6563185  6895083  4633675  5107566  2333076 
"4096"   1302017  2112416  2233528  2402508  2692851  243376  4835578  5689064  4701910  3040789  1395511 
"8192"   275369  1840883  2037846  2692177  2700853  2053067  2762746  6793408  5979968  4979812  1706315  1550333 
"16384"   1386820  287988  2156391  522530  2128077  2395675  2542077  2125313  4001179  4632001  1640012  1183659  1481125 
"32768"   0  0  0  0  2647037  2408513  2502721  2833862  2746208  4136761  1796991  1501329  1484674 
"65536"   0  0  0  0  2335831  2676909  2615473  2638849  2805712  2455455  1438264  1463285  1301531 
"131072"   0  0  0  0  1268332  2418839  2416553  2178468  2367883  1956184  1688637  1102455  1461600 
"262144"   0  0  0  0  2537694  2266507  2270785  2016073  1733387  2050834  1491692  1272203  1220460 
"524288"   0  0  0  0  309288  360339  358552  444676  484030  398754  488682  310289  454601 

"Fwrite report"
        "4"  "8"  "16"  "32"  "64"  "128"  "256"  "512"  "1024"  "2048"  "4096"  "8192"  "16384"
"64"   1087638  1562436  1232453  1492919  1599680 
"128"   1085013  1905110  1561553  2727923  1684006  1911894 
"256"   1600674  1142514  1642294  1591186  2114473  1884399  2285501 
"512"   999850  1459080  1479181  2071249  1595686  2099600  1684557  2722449 
"1024"   1216082  1196434  2311849  1102459  1809317  1935711  2250080  1620249  2290886 
"2048"   1532875  1978880  1392253  1928240  1775951  2381590  2403581  1919621  1571864  2295665 
"4096"   1101711  1106750  2108009  1426093  1420198  692714  574139  1058994  948126  1344719  1419729 
"8192"   148311  1426437  153615  155231  1491903  54900  1264396  1537568  2017268  1644021  101868  1358317 
"16384"   188710  339136  1505889  198873  1339435  1441088  1336283  1498174  820053  1009306  1063064  940321  889321 
"32768"   0  0  0  0  1557720  1576373  1639715  1616723  1426680  1243478  1136950  1060037  1101337 
"65536"   0  0  0  0  1347118  1583263  1449435  1395002  1238234  912515  844796  1011980  1132392 
"131072"   0  0  0  0  79026  87038  87854  83712  80372  89212  100656  102368  90118 
"262144"   0  0  0  0  14542  14625  14519  14469  14276  14687  15011  15246  15936 
"524288"   0  0  0  0  13166  12570  12595  11959  11917  12905  12284  12412  12312 

"Re-Fwrite report"
        "4"  "8"  "16"  "32"  "64"  "128"  "256"  "512"  "1024"  "2048"  "4096"  "8192"  "16384"
"64"   929467  1279447  1255511  1210227  620221 
"128"   1330  947186  1487977  3053774  978253  3277486 
"256"   980760  1938842  1471270  1718521  1755037  2030503  2152625 
"512"   1007827  1505098  1565443  1645826  1712772  1599251  2782414  2169601 
"1024"   1063161  1426517  2094282  1512415  1893052  1976691  2461573  2421329  2094282 
"2048"   1156300  1431225  1332432  1677457  1804681  2056579  1944829  2015562  1866644  1946592 
"4096"   1131832  1374520  1543313  1742944  1811686  898819  1210036  1023719  835239  2287049  1645611 
"8192"   1100469  188178  196640  1551243  1369415  1859715  1506754  1417083  1005529  1236148  42018  1374290 
"16384"   131012  170198  90776  1640717  945848  1050727  1523787  1194170  762610  1038406  904586  1430916  1229113 
"32768"   0  0  0  0  1741501  1726993  1470016  1648190  1471401  1138882  1010359  1226577  1550200 
"65536"   0  0  0  0  1318442  1445852  1572664  1340888  1047434  1052499  798887  1015464  1152340 
"131072"   0  0  0  0  87616  87607  87519  89969  84253  91046  100435  106208  77889 
"262144"   0  0  0  0  14356  14337  14330  14354  14398  14585  14700  15060  15863 
"524288"   0  0  0  0  11027  11004  11274  11006  11296  11323  11375  11451  11706 

"Fread report"
        "4"  "8"  "16"  "32"  "64"  "128"  "256"  "512"  "1024"  "2048"  "4096"  "8192"  "16384"
"64"   1599680  2203800  3203069  2892445  3203069 
"128"   2166499  1727352  3536566  2326073  3560017  2920861 
"256"   2463808  1354356  3326279  1422540  1894373  2441400  4572895 
"512"   1807941  3029721  3068685  2497638  3182373  2613128  5214798  3409755 
"1024"   1995982  1393200  2813041  3324778  3092561  3671521  3937426  3130886  2382379 
"2048"   1726687  2142766  2450202  1759221  2832339  2848305  2642401  2942962  1914061  1941313 
"4096"   1754873  2221111  1945888  2364807  2423862  2224851  18132  1580222  2126799  2072909  1981574 
"8192"   1760971  2099355  2408031  2503659  2658845  2833604  2428626  1279606  1640724  2351988  1777736  194229 
"16384"   173346  518466  2094096  288009  1868199  2215270  2393922  1898915  2016250  1549592  1282706  1379582  1459080 
"32768"   0  0  0  0  2688565  2452129  2862070  2475271  2470421  1388541  1693603  1543272  1534862 
"65536"   0  0  0  0  2573960  2179239  2596916  2742558  2780510  2461259  1673036  1532259  1509490 
"131072"   0  0  0  0  2484403  2105305  2158666  1973500  2379701  2692244  1575065  1200482  1241270 
"262144"   0  0  0  0  2383151  2303246  1972668  2020734  1774877  1912048  1676113  1526489  1520082 
"524288"   0  0  0  0  153383  231683  278617  308014  279731  206527  267968  337603  243894 

"Re-Fread report"
        "4"  "8"  "16"  "32"  "64"  "128"  "256"  "512"  "1024"  "2048"  "4096"  "8192"  "16384"
"64"   1210227  3541098  4274062  4897948  5389653 
"128"   1349580  3657016  4717434  5122535  5847904  2066432 
"256"   2943325  2486631  4553502  5320671  4197489  2533571  1790149 
"512"   2600470  2638816  4973263  5278892  4099771  6821616  6632013  1634551 
"1024"   2820430  2333199  4876180  5593820  961529  2892612  6059442  2510493  5048117 
"2048"   1919192  2107025  2559723  2563543  2602375  5820505  2197023  5685664  2278010  1759581 
"4096"   2271626  2009857  2587795  2617364  2568066  2017646  2061467  2018832  2425231  1818782  1584594 
"8192"   1771960  2214071  2306207  2511345  2623119  2726139  2656378  2843453  2604824  2464511  200631  105487 
"16384"   233081  2169462  2386937  294205  2131973  2675387  2090593  2642568  1949997  2167478  1482307  1519710  1433543 
"32768"   0  0  0  0  2567809  2765270  2880425  2860343  2683473  1194209  1722188  1443643  1463318 
"65536"   0  0  0  0  2758715  2692853  2865108  2868995  2507305  2273732  1713320  1510601  1460284 
"131072"   0  0  0  0  2718995  2233102  2143173  1992216  2262082  2450680  1695626  1236587  1225705 
"262144"   0  0  0  0  2480826  2473242  1735239  2283779  1776885  2054824  1620635  1520830  1520336 
"524288"   0  0  0  0  198629  213463  276503  302821  297851  262017  237936  331258  248892 
