	Iozone: Performance Test of File I/O
	        Version $Revision: 3.414 $
		Compiled for 64 bit mode.
		Build: linux-AMD64 

	Contributors:William Norcott, Don Capps, Isom Crawford, Kirby Collins
	             Al Slater, Scott Rhine, Mike Wisner, Ken Goss
	             Steve Landherr, Brad Smith, Mark Kelly, Dr. Alain CYR,
	             Randy Dunlap, Mark Montague, Dan Million, Gavin Brebner,
	             Jean-Marc Zucconi, Jeff Blomberg, Benny Halevy, Dave Boone,
	             Erik Habbinga, Kris Strecker, Walter Wong, Joshua Root,
	             Fabrice Bacchella, Zhenghua Xue, Qin Li, Darren Sawyer,
	             Vangel Bojaxhi, Ben England.

	Run began: Sun Mar  3 03:02:53 2013

	Auto Mode
	Excel chart generation enabled
	Command line used: ./benchmarks/iozone3_414/src/current/iozone -a -R
	Output is in Kbytes/sec
	Time Resolution = 0.000001 seconds.
	Processor cache size set to 1024 Kbytes.
	Processor cache line size set to 32 bytes.
	File stride size set to 17 * record size.
                                                            random  random    bkwd   record   stride                                   
              KB  reclen   write rewrite    read    reread    read   write    read  rewrite     read   fwrite frewrite   fread  freread
              64       4  495445  852702  1991276  2561267 2133730 1357066  763021  1484662  1780008  1083249   712397 1518251  1392258
              64       8  561808 1163036  2278628  1933893 3203069 1452528 1421755  1828508  2923952  1518251  1255511 1734015  1452528
              64      16  695778 1421755  2561267  2133730 3738358 1599680 1304314  1991276  3057153  1330167  1124074 1690338  2278628
              64      32  735831  983980  3363612  3363612 4897948 1892980 1780008  2892445  2892445  1526887   538156 1734015  1599680
              64      64  688639 1429325  5389653  5283570 5860307 2133730 1734015  1991276  1780008  2203800  1083249 1947927  2278628
             128       4  496272 1183041  1905110  2211113 1827299 1243315 1346196  1579934  1266785  1175271   881842 1455701  1905110
             128       8  646983 1155043  2248149  3468030 3297617 1440082 1622919  2175277  2969325  1336145  1710838 2132084  1642783
             128      16  718889 2004703  3124872  2326073 4012317 2286447 1319723  2464907  3199360  1440082  1421023 2211113  2326073
             128      32  740710  624409  3297617  4759253 4934216 1852520 1939522  2905056  3124872  1705404  2248149 3468030  2464907
             128      64  786271 1185654  3759450  2202044 3657016 2409592 1802755  2132084  3199360  1000121  1291158 2511022  1749872
             128     128  814915 2326073  6114306  6406138 6114306 3445772 2286447  1939522  3982553  1684006  1332828 2035099  1727352
             256       4  521283  927393  1729594  2699161 2118645 1274008 1514860  1588832  1532153  1219045   980760 1532153  1543163
             256       8  787890 1190657  2266207  2582316 3285566 1740810 1552085  2325094   970126  1619994  1102624 1226004  1868008
             256      16  879535  830551  2413957  3236056 3823789 2045979 1610276  2639446  3236056  1052888  1437779 2266207  3207059
             256      32  817898 1405778  2557711  2325094 5217259 2077650 2639446  3465855  4755158  2097948  1453348 2210228  3368013
             256      64  403843 1453348  2911402  3511189 6073004 1354356 2588541  3009318  3605511  1079348  1142514  176173  1743637
             256     128  495084 1036624  3823789  2665657 6554972 2266207 2486631  3159869  3285566  1262029  1924938 2719671  1543163
             256     256 1027695 1523457  6761355  6719046 6761355 2812272 2413957  2943325  2872459  2261434  1532153 1956506  4197489
             512       4  549255 1030558  1815584  2830083 2116152 1414860 1267097  1604029  1299295  1230786  1001715 1547395  1541840
             512       8  782951 1329871  1510391  4091959 3220553 1954379 1480200  2460437  1729323  1630828  1012101 2132967  1917728
             512      16  451930 1476130  2178404  2739816 4131319 2287463 1917728  2796910  1736314  1677976  1541840 1427083  2105777
             512      32  951558 1729323  2370799  2402629 5278892 1977778 2032051  3437042  4571003  1446306  2237414 2651850  4375425
             512      64 1261144 2750343  3177664  5127637 5951911 3346002 3556580  3877684  5886650  2942541  2207515 2651850  4973263
             512     128 1463057 2891043  3941742  4447925 6571132 2739816 3239989  4195896  5019764  2722449  1531941 3659616  4871723
             512     256 1127995 1672748  4690818  6736026 6999490 3788747 3653390  4155301  3140488  1380303  1064266 2942541  5067142
             512     512 1234323 1815584  7309196  7309196 7211022 2237414 4485083  2169601  5164632  2405320  1772135 2708713  5067142
            1024       4  660580 1210598  2183727  2370545 2141267 1140214 1354535  1659694  1927891  1276817  1082454 1703807  2645000
            1024       8  864212 1350701  3037876  3170172 3191372 1155864 1965834  2443368  2703267  1347311  1404591 2546213  4079544
            1024      16 1005892 1605111  3103735  3764854 4265934 1803239 2877110  3020783  3556008  1654579  1548960 3200886  2716948
            1024      32 1043783 1245710  2421329  4095102 4195100 2529716 2782064  3618930  4428688  1744641  1654579 3200886  4474829
            1024      64 1177088 1756772  2902385  6128613 6244448 2207295 3521025  3877004  5018624  1207534  1875690 2918161  4762630
            1024     128 1116792 2019445  4215688  5853003 6776473 2353657 3709575  4114719  5853003  2128533  1874871 3863055  5536137
            1024     256 1140214 2024203  3696803  6355328 7113161 2646630 3281592  3281592  5536137  2236023  1678504 3696803  2892612
            1024     512 1181297 1957770  5048117  6819511 7257394 2386350 2715230  3291652  3390391  1683768  1935711 3751699  5690162
            1024    1024 1258117 2646630  7257394  7306780 7319232 4178773 2290886  2207295  3483896  2370545  2044438 3791442  6441107
            2048       4  648110 1153815  1990343  2737561 2115848 1122895 1504945  1667687  1891303  1229979  1370703 1652925  2500850
            2048       8  873777 1429082  2343259  3319389 3341339 1709505 1875611  2373037  3051697  1678768  1265868 1965747  2998435
            2048      16 1135362 2068963  2260624  4432815 4196751 2122645 2007554  3029098  3246623  1589902  1639674 2719361  4063729
            2048      32 1233688 1768638  2206617   833181 4697018 2409650 1926510  3519302  1977058   794716   955200 2179187  1469167
            2048      64  710393 2115327  2976615  6075753 6167360 3573472 2494314  4138120  5083385  2810101  1702391 2575842  5319484
            2048     128 1450560 1915768  2705656  6321679 6759439 3682233 3384788  4038890  6225466  2816551  1770096 3235617  2151353
            2048     256 1023000 1967548  3043048  4934459 6802261 2673655 2917969  4441984  5018054  1388652  1944829 2345819  3319389
            2048     512  651206 1626633  1618968  2880782 5119743 2126850 2079481  3624742  4423683  1870302  1986660 2172024  3003677
            2048    1024 1168888 1965297  3977179  6261772 6629029 3357009 2704804  3554251  1843410  1767183  2188069 2618239  3494960
            2048    2048 1076728 1678768  5376082  5430461 4971585 2298737 2252916  3043048  2076967  2550602  1502575 2211731  2817475
            4096       4  700881 1155119  1265756  2052110 1588257 1210036 1284494  1479262  1740825  1086178  1162624 1726827  2333965
            4096       8  911843 1478626  2335234  3371374 2508447 1291738 2016699  2477696  2492796  1418791  1550416 2133401  2970339
            4096      16 1130268 1825353  1271659  2140045 2321978 1728912 1984550  2375927  3077282  1355434  1617719 2363506  2357991
            4096      32 1048396 1907855  2525409  3761077 5001700 2801306 2620558  3456849  3713116  1890222  1754873 2615770  4059701
            4096      64 1319112 1762615  2717987  3716329 5468151 3146031 2141112  3506950  2288267  2232077  1524956 2670249  2707279
            4096     128 1279234 1917651  2929815  4226492 6243125 3003050 2983234  4183268  4043458  2872500  2086504 2886496  3519162
            4096     256 1136850 1950527  2822940  4055868 5802430 3693955 2517637  4471821  6263611  1642308  1964355 2792200  2641104
            4096     512 1063057 1679393  3245890  4218190 5944991 3571100 3387327  4257917  6861502  1173584  2040896 2923832  3509816
            4096    1024 1216118 2102849  3447830  3558525 4556020 3210107 3049425  4551192  6330545  2496056  1068014 2469150  3067940
            4096    2048 1057886 1818782  2985308  3227596 2882622 2406546 2550529  3139133  3528559  1698991  2314159 2694963  2023588
            4096    4096  995138 1511008  2072909  2113455 1988455 1633874 1494316  1288058  1583864  1449924   692602 1507031  1494316
            8192       4  659789 1149431  1649309  1672510 1455809 1026558 1361924  1595322  1307358  1154801  1142513 1692864  1672836
            8192       8  830832 1388732  2040872  2117859 2070761 1396010 1794916  2489871  1943115  1440248  1370343 2064415  2098457
            8192      16  869364 1597176  2242538  2328557 2369832 1646937 1960298  3011685  2238301  1573910  1520961 2286410  2304351
            8192      32  996228 1661672  2281249  2762968 2581923 1789401 2274303  3775046  2524445  1664086  1646700 2475520  2310239
            8192      64 1096955 1812719  2684185  2481599 2992016 1928934 2475698  3930957  2572837  1920310  1714146 2574572  2221802
            8192     128 1179538 1778196  2512079  2638225 2992016 2054172 2612151  4553488  2977755  1928934  1771960 2721605  2729605
            8192     256 1099729 1922028  2765637  3121964 2889605 1997565 2648393  4255705  2932017  1757998  1610426 2215927  2229732
            8192     512 1091519 1936217  2720743  2690280 2752785 1820402 2512814  4648984  6127127  1600374  1860520 1996520  2042449
            8192    1024  919402 1913999  2373761  2651049 2960564 2042814 2370977  4596740  5769116  1428393  1679377 2472669  2460099
            8192    2048 1063347 1645911  2892524  2636606 2586588 1892388 2490773  3177689  4011735  1506490  1499521 2481061  2415140
            8192    4096  886570 1291680  1524943  1775072 1766676 1432921 1767857  1536399  1804436  1174659  1759438 1770499  1802732
            8192    8192  863683 1262445  1557995  1496777 1554752 1237082 1597844  1330339  1502537  1413643  1339466 1494954  1522983
           16384       4  646207 1022659  1627158  1734516 1318111  982903 1299713  1620902  1204172  1105742  1076537 1625234  1726628
           16384       8  823196 1330849  1893212  1849843 1447341 1145882 1686665  2418268  1817792  1312296  1333224 2118695  2003903
           16384      16  954506 1515086  2283812  2118956 2082357 1488375 2070561  3039634  1969671  1431542  1482179 1636614  1917834
           16384      32 1012548 1702207  2441379  2427323 2384866 1697833 2232180  3752741  2415463  1678508  1604552 2194752  2473809
           16384      64 1060930 1780306  2582195  2625606 2483913 1851488 2495640  4222704  2590762  1763991  1674091 2542453  2507112
           16384     128 1069234 1618802  2754529  2640841 2709886 1901595 2620999  4421020  2706790  1818417  1755474 2514083  2664081
           16384     256 1165867 1865865  2655845  2806961 2750781 1994192 2531495  4641387  2742547  1642835  1693774 2658002  2668841
           16384     512 1124358 1878053  2674866  2736649 2766172 2014536 2695641  4789212  2751331  1825518  1796455 2568394  2707750
           16384    1024 1129552 1868199  2799300  2710848 2673617 1971083 2629021  4805959  7145026  1878515  1787251 2690259  2770409
           16384    2048 1007383 1466396  2109395  2172411 2219133 1656297 1999996  2603128  3223874   936452   917044 1702038  1588382
           16384    4096  671942  991826  1233813  1209854 1513784 1078818 1431422  1132026  1089940   922312  1028568 1352245  1462620
           16384    8192  836779 1097688  1518165  1445180 1440846 1224710 1529791  1353603  1509627  1100254  1607856 1487827  1447341
           16384   16384  874462 1254238  1377950  1528498 1565442 1332035 1482851  1325663  1412533  1334104  1075762 1496934  1500792
           32768      64 1087877 1666738  2478663  2578698 2514028 1810794 2455634  4239090  2562591  1711125  1665385 2254287  2562591
           32768     128 1100596 1813279  2660616  2203366 2548809 1824908 2623140  4517183  2549234  1735958  1686806 2552406  2670802
           32768     256 1037362 1835117  2728164  2762214 2546070 1970767 2766161  4567018  2652861  1731758  1694751 2520252  2631578
           32768     512 1136791 1847252  2631729  2679079 2649231 1743821 2476029  4569447  2456381  1595403  1500362 2059325  2347144
           32768    1024  873533 1854030  2717752  2697854 2750109 1953262 2022981  4593884  2526831  1339276  1519572 2587046  2646170
           32768    2048 1065485 1266393  2554589  2697218 2622289 1805703 2553023  3991164  5190526  1225112  1166825 1602416  1320020
           32768    4096  597052 1334089  1519572  1514782 1547129 1327658 1630011  1487969  1673109  1098230  1072813 1556380  1574260
           32768    8192  859666 1253035  1513881  1504699 1531851 1281149 1521827  1376002  1482911  1172089  1165875 1496393  1506910
           32768   16384  871743 1230861  1438205  1468226 1467568 1240739 1488984  1321657  1513114  1069349  1555569 1506579  1433166
           65536      64 1006525 1598631  2537909  2597849 2477810 1685852 2082032  4179330  1444256  1189315  1213091 1961566  1955774
           65536     128  840012 1400788  2433564  2411700 2336725 1519260 2547458  4382493  2571239  1343641  1462958 2611820  2644282
           65536     256  991405 1653363  2695943  2703287 2694939 1756522 2630591  4537226  2640243  1598398  1346425 2198305  1989133
           65536     512  972245 1718934  2700525  2625867 2544981 1756343 2625541  4624630  2665022  1402110  1300133 2589942  2205112
           65536    1024  947626 1599449  2060047  2120631 2061917 1456354 2603237  4778008  2639812  1291120  1301734 2571239  2507877
           65536    2048  923550 1411049  1828778  1867760 1922373 1257045 2446560  4618181  2579855  1126281  1030053 2426625  2420620
           65536    4096  831791 1141980  1643870  1624028 1620457 1210938 1092450  1148623  1256873   668809   816861 1410680  1535915
           65536    8192  753937 1115694   601225  1174120 1277433 1048860 1496082  1325889  1440321   860551   996773 1437790  1518261
           65536   16384  803325 1124075  1508794  1504121 1494650 1170306 1467378  1300730  1452545  1179744  1177959 1321472  1395809
          131072      64   83660   87929  2590257  2307079 2198901   90908 2450221  4152710  2472826    91864    92824 2535331  1985582
          131072     128   88397   93141  2619396  2667269 2610788   93938 2605443  4552209  2599296    96724    89073 2191442  2256548
          131072     256   93195   97853  2634774  2653494 2380051   95933 2573572  4598204  2602396    99047    97871 2650807  2683872
          131072     512   96459   98191  2342119  2314694 2329801   98290 2603062  4663856  2642424    98169    99324 2621694  2500472
          131072    1024   96150   98191  2478623  2612190 2504105   95914 2535834  4766070  2661948    99330    99939 1943707  1916394
          131072    2048   85387   94522  2197354  2321958 2361181   97704 2502817  4740876  2436690    99985    99922 2442775  2482373
          131072    4096   96058   96284  1618095  1625761 1619191   94760 1547375  1520683  1429512   103632   102673 1615039  1642916
          131072    8192   90608   97760  1462055  1528803 1527342   96373 1363614  1131862  1486972   113200    55414 1506106  1459047
          131072   16384   40486   37481  1476616  1478403 1511631   39540 1451934  1348575  1495247    57813    54729 1494446  1496342
          262144      64   14213   14007  2612480  2591844 2447221   14272 2461840  4166966  2425240    14167    13950 2577335  2537378
          262144     128   14257   13935  2596483  2569061 2570118   14288 2577928  4473363  2523385    14127    13986 2072857  2100915
          262144     256   14316   13947  2473548  2332202 2147312   14257 2656833  4629058  2633713    14506    14350 2680658  2600376
          262144     512   14189   14241  2190559  2218610 2192827   14625 2407641  4532464  2690918    14525    14404 2713223  2679750
          262144    1024   14554   14347  2641039  2600715 2621962   14196 2702712  4771630  1332187    14584    14445 2408395  2577922
          262144    2048   14574   14273  1819344  1808425 1832010   14693 2156603  4252890  2515153    14622    14508 2211363  2255215
          262144    4096   14588   14135  1320313  1279111 1428952   14344 1629396  1484210  1630239    14942    14700 1602443  1641077
          262144    8192   14664   14338  1516018  1432824 1486094   14787 1492482  1347203  1478500    15225    15061 1508203  1492642
          262144   16384   14702   14345  1204296  1039924 1126764   14980 1182864  1046374  1192697    16091    15862 1472901  1469234
          524288      64   11365   11232   114874   109557  280604   13602  236597  4139822   319131    13002    11278  255250   244056
          524288     128   12050   11273   112160   114052  363163   13496  312207  4530464   389812    12437    11277  248681   277792
          524288     256   12193   11266   112486   101565  439492   13867  368417  4354011   424207    12007    11282  300640   301692
          524288     512   11953   11266   113426   113717  466817   13682  426154  4739112   476865    11954    11213  309450   312431
          524288    1024   11958   11206   111668   111746  490419   13904  466677  4576218   525007    11860    11282  317775   318770
          524288    2048   12022   11257   108174   102143  450388   13638  381709  4164416   533560    11854    11214  294105   308496
          524288    4096   11999   11221    87426   103776  451775   13895  344781  1342386   409312    12181    11356  286629   298712
          524288    8192   11782   11190   115344   114142  531987   13384  511572  1345387   423621    12143    11490  336317   325144
          524288   16384   11907   11272   106017   110576  376648   13583  429337  1277860  1383181    12127    11642  326225   279999

iozone test complete.
Excel output is below:

"Writer report"
        "4"  "8"  "16"  "32"  "64"  "128"  "256"  "512"  "1024"  "2048"  "4096"  "8192"  "16384"
"64"   495445  561808  695778  735831  688639 
"128"   496272  646983  718889  740710  786271  814915 
"256"   521283  787890  879535  817898  403843  495084  1027695 
"512"   549255  782951  451930  951558  1261144  1463057  1127995  1234323 
"1024"   660580  864212  1005892  1043783  1177088  1116792  1140214  1181297  1258117 
"2048"   648110  873777  1135362  1233688  710393  1450560  1023000  651206  1168888  1076728 
"4096"   700881  911843  1130268  1048396  1319112  1279234  1136850  1063057  1216118  1057886  995138 
"8192"   659789  830832  869364  996228  1096955  1179538  1099729  1091519  919402  1063347  886570  863683 
"16384"   646207  823196  954506  1012548  1060930  1069234  1165867  1124358  1129552  1007383  671942  836779  874462 
"32768"   0  0  0  0  1087877  1100596  1037362  1136791  873533  1065485  597052  859666  871743 
"65536"   0  0  0  0  1006525  840012  991405  972245  947626  923550  831791  753937  803325 
"131072"   0  0  0  0  83660  88397  93195  96459  96150  85387  96058  90608  40486 
"262144"   0  0  0  0  14213  14257  14316  14189  14554  14574  14588  14664  14702 
"524288"   0  0  0  0  11365  12050  12193  11953  11958  12022  11999  11782  11907 

"Re-writer report"
        "4"  "8"  "16"  "32"  "64"  "128"  "256"  "512"  "1024"  "2048"  "4096"  "8192"  "16384"
"64"   852702  1163036  1421755  983980  1429325 
"128"   1183041  1155043  2004703  624409  1185654  2326073 
"256"   927393  1190657  830551  1405778  1453348  1036624  1523457 
"512"   1030558  1329871  1476130  1729323  2750343  2891043  1672748  1815584 
"1024"   1210598  1350701  1605111  1245710  1756772  2019445  2024203  1957770  2646630 
"2048"   1153815  1429082  2068963  1768638  2115327  1915768  1967548  1626633  1965297  1678768 
"4096"   1155119  1478626  1825353  1907855  1762615  1917651  1950527  1679393  2102849  1818782  1511008 
"8192"   1149431  1388732  1597176  1661672  1812719  1778196  1922028  1936217  1913999  1645911  1291680  1262445 
"16384"   1022659  1330849  1515086  1702207  1780306  1618802  1865865  1878053  1868199  1466396  991826  1097688  1254238 
"32768"   0  0  0  0  1666738  1813279  1835117  1847252  1854030  1266393  1334089  1253035  1230861 
"65536"   0  0  0  0  1598631  1400788  1653363  1718934  1599449  1411049  1141980  1115694  1124075 
"131072"   0  0  0  0  87929  93141  97853  98191  98191  94522  96284  97760  37481 
"262144"   0  0  0  0  14007  13935  13947  14241  14347  14273  14135  14338  14345 
"524288"   0  0  0  0  11232  11273  11266  11266  11206  11257  11221  11190  11272 

"Reader report"
        "4"  "8"  "16"  "32"  "64"  "128"  "256"  "512"  "1024"  "2048"  "4096"  "8192"  "16384"
"64"   1991276  2278628  2561267  3363612  5389653 
"128"   1905110  2248149  3124872  3297617  3759450  6114306 
"256"   1729594  2266207  2413957  2557711  2911402  3823789  6761355 
"512"   1815584  1510391  2178404  2370799  3177664  3941742  4690818  7309196 
"1024"   2183727  3037876  3103735  2421329  2902385  4215688  3696803  5048117  7257394 
"2048"   1990343  2343259  2260624  2206617  2976615  2705656  3043048  1618968  3977179  5376082 
"4096"   1265756  2335234  1271659  2525409  2717987  2929815  2822940  3245890  3447830  2985308  2072909 
"8192"   1649309  2040872  2242538  2281249  2684185  2512079  2765637  2720743  2373761  2892524  1524943  1557995 
"16384"   1627158  1893212  2283812  2441379  2582195  2754529  2655845  2674866  2799300  2109395  1233813  1518165  1377950 
"32768"   0  0  0  0  2478663  2660616  2728164  2631729  2717752  2554589  1519572  1513881  1438205 
"65536"   0  0  0  0  2537909  2433564  2695943  2700525  2060047  1828778  1643870  601225  1508794 
"131072"   0  0  0  0  2590257  2619396  2634774  2342119  2478623  2197354  1618095  1462055  1476616 
"262144"   0  0  0  0  2612480  2596483  2473548  2190559  2641039  1819344  1320313  1516018  1204296 
"524288"   0  0  0  0  114874  112160  112486  113426  111668  108174  87426  115344  106017 

"Re-Reader report"
        "4"  "8"  "16"  "32"  "64"  "128"  "256"  "512"  "1024"  "2048"  "4096"  "8192"  "16384"
"64"   2561267  1933893  2133730  3363612  5283570 
"128"   2211113  3468030  2326073  4759253  2202044  6406138 
"256"   2699161  2582316  3236056  2325094  3511189  2665657  6719046 
"512"   2830083  4091959  2739816  2402629  5127637  4447925  6736026  7309196 
"1024"   2370545  3170172  3764854  4095102  6128613  5853003  6355328  6819511  7306780 
"2048"   2737561  3319389  4432815  833181  6075753  6321679  4934459  2880782  6261772  5430461 
"4096"   2052110  3371374  2140045  3761077  3716329  4226492  4055868  4218190  3558525  3227596  2113455 
"8192"   1672510  2117859  2328557  2762968  2481599  2638225  3121964  2690280  2651049  2636606  1775072  1496777 
"16384"   1734516  1849843  2118956  2427323  2625606  2640841  2806961  2736649  2710848  2172411  1209854  1445180  1528498 
"32768"   0  0  0  0  2578698  2203366  2762214  2679079  2697854  2697218  1514782  1504699  1468226 
"65536"   0  0  0  0  2597849  2411700  2703287  2625867  2120631  1867760  1624028  1174120  1504121 
"131072"   0  0  0  0  2307079  2667269  2653494  2314694  2612190  2321958  1625761  1528803  1478403 
"262144"   0  0  0  0  2591844  2569061  2332202  2218610  2600715  1808425  1279111  1432824  1039924 
"524288"   0  0  0  0  109557  114052  101565  113717  111746  102143  103776  114142  110576 

"Random read report"
        "4"  "8"  "16"  "32"  "64"  "128"  "256"  "512"  "1024"  "2048"  "4096"  "8192"  "16384"
"64"   2133730  3203069  3738358  4897948  5860307 
"128"   1827299  3297617  4012317  4934216  3657016  6114306 
"256"   2118645  3285566  3823789  5217259  6073004  6554972  6761355 
"512"   2116152  3220553  4131319  5278892  5951911  6571132  6999490  7211022 
"1024"   2141267  3191372  4265934  4195100  6244448  6776473  7113161  7257394  7319232 
"2048"   2115848  3341339  4196751  4697018  6167360  6759439  6802261  5119743  6629029  4971585 
"4096"   1588257  2508447  2321978  5001700  5468151  6243125  5802430  5944991  4556020  2882622  1988455 
"8192"   1455809  2070761  2369832  2581923  2992016  2992016  2889605  2752785  2960564  2586588  1766676  1554752 
"16384"   1318111  1447341  2082357  2384866  2483913  2709886  2750781  2766172  2673617  2219133  1513784  1440846  1565442 
"32768"   0  0  0  0  2514028  2548809  2546070  2649231  2750109  2622289  1547129  1531851  1467568 
"65536"   0  0  0  0  2477810  2336725  2694939  2544981  2061917  1922373  1620457  1277433  1494650 
"131072"   0  0  0  0  2198901  2610788  2380051  2329801  2504105  2361181  1619191  1527342  1511631 
"262144"   0  0  0  0  2447221  2570118  2147312  2192827  2621962  1832010  1428952  1486094  1126764 
"524288"   0  0  0  0  280604  363163  439492  466817  490419  450388  451775  531987  376648 

"Random write report"
        "4"  "8"  "16"  "32"  "64"  "128"  "256"  "512"  "1024"  "2048"  "4096"  "8192"  "16384"
"64"   1357066  1452528  1599680  1892980  2133730 
"128"   1243315  1440082  2286447  1852520  2409592  3445772 
"256"   1274008  1740810  2045979  2077650  1354356  2266207  2812272 
"512"   1414860  1954379  2287463  1977778  3346002  2739816  3788747  2237414 
"1024"   1140214  1155864  1803239  2529716  2207295  2353657  2646630  2386350  4178773 
"2048"   1122895  1709505  2122645  2409650  3573472  3682233  2673655  2126850  3357009  2298737 
"4096"   1210036  1291738  1728912  2801306  3146031  3003050  3693955  3571100  3210107  2406546  1633874 
"8192"   1026558  1396010  1646937  1789401  1928934  2054172  1997565  1820402  2042814  1892388  1432921  1237082 
"16384"   982903  1145882  1488375  1697833  1851488  1901595  1994192  2014536  1971083  1656297  1078818  1224710  1332035 
"32768"   0  0  0  0  1810794  1824908  1970767  1743821  1953262  1805703  1327658  1281149  1240739 
"65536"   0  0  0  0  1685852  1519260  1756522  1756343  1456354  1257045  1210938  1048860  1170306 
"131072"   0  0  0  0  90908  93938  95933  98290  95914  97704  94760  96373  39540 
"262144"   0  0  0  0  14272  14288  14257  14625  14196  14693  14344  14787  14980 
"524288"   0  0  0  0  13602  13496  13867  13682  13904  13638  13895  13384  13583 

"Backward read report"
        "4"  "8"  "16"  "32"  "64"  "128"  "256"  "512"  "1024"  "2048"  "4096"  "8192"  "16384"
"64"   763021  1421755  1304314  1780008  1734015 
"128"   1346196  1622919  1319723  1939522  1802755  2286447 
"256"   1514860  1552085  1610276  2639446  2588541  2486631  2413957 
"512"   1267097  1480200  1917728  2032051  3556580  3239989  3653390  4485083 
"1024"   1354535  1965834  2877110  2782064  3521025  3709575  3281592  2715230  2290886 
"2048"   1504945  1875611  2007554  1926510  2494314  3384788  2917969  2079481  2704804  2252916 
"4096"   1284494  2016699  1984550  2620558  2141112  2983234  2517637  3387327  3049425  2550529  1494316 
"8192"   1361924  1794916  1960298  2274303  2475698  2612151  2648393  2512814  2370977  2490773  1767857  1597844 
"16384"   1299713  1686665  2070561  2232180  2495640  2620999  2531495  2695641  2629021  1999996  1431422  1529791  1482851 
"32768"   0  0  0  0  2455634  2623140  2766161  2476029  2022981  2553023  1630011  1521827  1488984 
"65536"   0  0  0  0  2082032  2547458  2630591  2625541  2603237  2446560  1092450  1496082  1467378 
"131072"   0  0  0  0  2450221  2605443  2573572  2603062  2535834  2502817  1547375  1363614  1451934 
"262144"   0  0  0  0  2461840  2577928  2656833  2407641  2702712  2156603  1629396  1492482  1182864 
"524288"   0  0  0  0  236597  312207  368417  426154  466677  381709  344781  511572  429337 

"Record rewrite report"
        "4"  "8"  "16"  "32"  "64"  "128"  "256"  "512"  "1024"  "2048"  "4096"  "8192"  "16384"
"64"   1484662  1828508  1991276  2892445  1991276 
"128"   1579934  2175277  2464907  2905056  2132084  1939522 
"256"   1588832  2325094  2639446  3465855  3009318  3159869  2943325 
"512"   1604029  2460437  2796910  3437042  3877684  4195896  4155301  2169601 
"1024"   1659694  2443368  3020783  3618930  3877004  4114719  3281592  3291652  2207295 
"2048"   1667687  2373037  3029098  3519302  4138120  4038890  4441984  3624742  3554251  3043048 
"4096"   1479262  2477696  2375927  3456849  3506950  4183268  4471821  4257917  4551192  3139133  1288058 
"8192"   1595322  2489871  3011685  3775046  3930957  4553488  4255705  4648984  4596740  3177689  1536399  1330339 
"16384"   1620902  2418268  3039634  3752741  4222704  4421020  4641387  4789212  4805959  2603128  1132026  1353603  1325663 
"32768"   0  0  0  0  4239090  4517183  4567018  4569447  4593884  3991164  1487969  1376002  1321657 
"65536"   0  0  0  0  4179330  4382493  4537226  4624630  4778008  4618181  1148623  1325889  1300730 
"131072"   0  0  0  0  4152710  4552209  4598204  4663856  4766070  4740876  1520683  1131862  1348575 
"262144"   0  0  0  0  4166966  4473363  4629058  4532464  4771630  4252890  1484210  1347203  1046374 
"524288"   0  0  0  0  4139822  4530464  4354011  4739112  4576218  4164416  1342386  1345387  1277860 

"Stride read report"
        "4"  "8"  "16"  "32"  "64"  "128"  "256"  "512"  "1024"  "2048"  "4096"  "8192"  "16384"
"64"   1780008  2923952  3057153  2892445  1780008 
"128"   1266785  2969325  3199360  3124872  3199360  3982553 
"256"   1532153  970126  3236056  4755158  3605511  3285566  2872459 
"512"   1299295  1729323  1736314  4571003  5886650  5019764  3140488  5164632 
"1024"   1927891  2703267  3556008  4428688  5018624  5853003  5536137  3390391  3483896 
"2048"   1891303  3051697  3246623  1977058  5083385  6225466  5018054  4423683  1843410  2076967 
"4096"   1740825  2492796  3077282  3713116  2288267  4043458  6263611  6861502  6330545  3528559  1583864 
"8192"   1307358  1943115  2238301  2524445  2572837  2977755  2932017  6127127  5769116  4011735  1804436  1502537 
"16384"   1204172  1817792  1969671  2415463  2590762  2706790  2742547  2751331  7145026  3223874  1089940  1509627  1412533 
"32768"   0  0  0  0  2562591  2549234  2652861  2456381  2526831  5190526  1673109  1482911  1513114 
"65536"   0  0  0  0  1444256  2571239  2640243  2665022  2639812  2579855  1256873  1440321  1452545 
"131072"   0  0  0  0  2472826  2599296  2602396  2642424  2661948  2436690  1429512  1486972  1495247 
"262144"   0  0  0  0  2425240  2523385  2633713  2690918  1332187  2515153  1630239  1478500  1192697 
"524288"   0  0  0  0  319131  389812  424207  476865  525007  533560  409312  423621  1383181 

"Fwrite report"
        "4"  "8"  "16"  "32"  "64"  "128"  "256"  "512"  "1024"  "2048"  "4096"  "8192"  "16384"
"64"   1083249  1518251  1330167  1526887  2203800 
"128"   1175271  1336145  1440082  1705404  1000121  1684006 
"256"   1219045  1619994  1052888  2097948  1079348  1262029  2261434 
"512"   1230786  1630828  1677976  1446306  2942541  2722449  1380303  2405320 
"1024"   1276817  1347311  1654579  1744641  1207534  2128533  2236023  1683768  2370545 
"2048"   1229979  1678768  1589902  794716  2810101  2816551  1388652  1870302  1767183  2550602 
"4096"   1086178  1418791  1355434  1890222  2232077  2872500  1642308  1173584  2496056  1698991  1449924 
"8192"   1154801  1440248  1573910  1664086  1920310  1928934  1757998  1600374  1428393  1506490  1174659  1413643 
"16384"   1105742  1312296  1431542  1678508  1763991  1818417  1642835  1825518  1878515  936452  922312  1100254  1334104 
"32768"   0  0  0  0  1711125  1735958  1731758  1595403  1339276  1225112  1098230  1172089  1069349 
"65536"   0  0  0  0  1189315  1343641  1598398  1402110  1291120  1126281  668809  860551  1179744 
"131072"   0  0  0  0  91864  96724  99047  98169  99330  99985  103632  113200  57813 
"262144"   0  0  0  0  14167  14127  14506  14525  14584  14622  14942  15225  16091 
"524288"   0  0  0  0  13002  12437  12007  11954  11860  11854  12181  12143  12127 

"Re-Fwrite report"
        "4"  "8"  "16"  "32"  "64"  "128"  "256"  "512"  "1024"  "2048"  "4096"  "8192"  "16384"
"64"   712397  1255511  1124074  538156  1083249 
"128"   881842  1710838  1421023  2248149  1291158  1332828 
"256"   980760  1102624  1437779  1453348  1142514  1924938  1532153 
"512"   1001715  1012101  1541840  2237414  2207515  1531941  1064266  1772135 
"1024"   1082454  1404591  1548960  1654579  1875690  1874871  1678504  1935711  2044438 
"2048"   1370703  1265868  1639674  955200  1702391  1770096  1944829  1986660  2188069  1502575 
"4096"   1162624  1550416  1617719  1754873  1524956  2086504  1964355  2040896  1068014  2314159  692602 
"8192"   1142513  1370343  1520961  1646700  1714146  1771960  1610426  1860520  1679377  1499521  1759438  1339466 
"16384"   1076537  1333224  1482179  1604552  1674091  1755474  1693774  1796455  1787251  917044  1028568  1607856  1075762 
"32768"   0  0  0  0  1665385  1686806  1694751  1500362  1519572  1166825  1072813  1165875  1555569 
"65536"   0  0  0  0  1213091  1462958  1346425  1300133  1301734  1030053  816861  996773  1177959 
"131072"   0  0  0  0  92824  89073  97871  99324  99939  99922  102673  55414  54729 
"262144"   0  0  0  0  13950  13986  14350  14404  14445  14508  14700  15061  15862 
"524288"   0  0  0  0  11278  11277  11282  11213  11282  11214  11356  11490  11642 

"Fread report"
        "4"  "8"  "16"  "32"  "64"  "128"  "256"  "512"  "1024"  "2048"  "4096"  "8192"  "16384"
"64"   1518251  1734015  1690338  1734015  1947927 
"128"   1455701  2132084  2211113  3468030  2511022  2035099 
"256"   1532153  1226004  2266207  2210228  176173  2719671  1956506 
"512"   1547395  2132967  1427083  2651850  2651850  3659616  2942541  2708713 
"1024"   1703807  2546213  3200886  3200886  2918161  3863055  3696803  3751699  3791442 
"2048"   1652925  1965747  2719361  2179187  2575842  3235617  2345819  2172024  2618239  2211731 
"4096"   1726827  2133401  2363506  2615770  2670249  2886496  2792200  2923832  2469150  2694963  1507031 
"8192"   1692864  2064415  2286410  2475520  2574572  2721605  2215927  1996520  2472669  2481061  1770499  1494954 
"16384"   1625234  2118695  1636614  2194752  2542453  2514083  2658002  2568394  2690259  1702038  1352245  1487827  1496934 
"32768"   0  0  0  0  2254287  2552406  2520252  2059325  2587046  1602416  1556380  1496393  1506579 
"65536"   0  0  0  0  1961566  2611820  2198305  2589942  2571239  2426625  1410680  1437790  1321472 
"131072"   0  0  0  0  2535331  2191442  2650807  2621694  1943707  2442775  1615039  1506106  1494446 
"262144"   0  0  0  0  2577335  2072857  2680658  2713223  2408395  2211363  1602443  1508203  1472901 
"524288"   0  0  0  0  255250  248681  300640  309450  317775  294105  286629  336317  326225 

"Re-Fread report"
        "4"  "8"  "16"  "32"  "64"  "128"  "256"  "512"  "1024"  "2048"  "4096"  "8192"  "16384"
"64"   1392258  1452528  2278628  1599680  2278628 
"128"   1905110  1642783  2326073  2464907  1749872  1727352 
"256"   1543163  1868008  3207059  3368013  1743637  1543163  4197489 
"512"   1541840  1917728  2105777  4375425  4973263  4871723  5067142  5067142 
"1024"   2645000  4079544  2716948  4474829  4762630  5536137  2892612  5690162  6441107 
"2048"   2500850  2998435  4063729  1469167  5319484  2151353  3319389  3003677  3494960  2817475 
"4096"   2333965  2970339  2357991  4059701  2707279  3519162  2641104  3509816  3067940  2023588  1494316 
"8192"   1672836  2098457  2304351  2310239  2221802  2729605  2229732  2042449  2460099  2415140  1802732  1522983 
"16384"   1726628  2003903  1917834  2473809  2507112  2664081  2668841  2707750  2770409  1588382  1462620  1447341  1500792 
"32768"   0  0  0  0  2562591  2670802  2631578  2347144  2646170  1320020  1574260  1506910  1433166 
"65536"   0  0  0  0  1955774  2644282  1989133  2205112  2507877  2420620  1535915  1518261  1395809 
"131072"   0  0  0  0  1985582  2256548  2683872  2500472  1916394  2482373  1642916  1459047  1496342 
"262144"   0  0  0  0  2537378  2100915  2600376  2679750  2577922  2255215  1641077  1492642  1469234 
"524288"   0  0  0  0  244056  277792  301692  312431  318770  308496  298712  325144  279999 
