	Iozone: Performance Test of File I/O
	        Version $Revision: 3.414 $
		Compiled for 64 bit mode.
		Build: linux-AMD64 

	Contributors:William Norcott, Don Capps, Isom Crawford, Kirby Collins
	             Al Slater, Scott Rhine, Mike Wisner, Ken Goss
	             Steve Landherr, Brad Smith, Mark Kelly, Dr. Alain CYR,
	             Randy Dunlap, Mark Montague, Dan Million, Gavin Brebner,
	             Jean-Marc Zucconi, Jeff Blomberg, Benny Halevy, Dave Boone,
	             Erik Habbinga, Kris Strecker, Walter Wong, Joshua Root,
	             Fabrice Bacchella, Zhenghua Xue, Qin Li, Darren Sawyer,
	             Vangel Bojaxhi, Ben England.

	Run began: Mon Mar  4 00:02:57 2013

	Auto Mode
	Excel chart generation enabled
	Command line used: ./benchmarks/iozone3_414/src/current/iozone -a -R
	Output is in Kbytes/sec
	Time Resolution = 0.000001 seconds.
	Processor cache size set to 1024 Kbytes.
	Processor cache line size set to 32 bytes.
	File stride size set to 17 * record size.
                                                            random  random    bkwd   record   stride                                   
              KB  reclen   write rewrite    read    reread    read   write    read  rewrite     read   fwrite frewrite   fread  freread
              64       4  503814 1105556  2923952  2116903 1562436 1105556 1690338  1124074  1518251  1124074  1357066 1460430  1492919
              64       8   80712  901377  2278628  4018152 3203069 1828508 1304314  2133730  2561267  1526887  1232453 1828508  2467108
              64      16  639427 1029254  2298136  4207076 4018152 2222043 2358717  2467108  2358717  1143223   811459 1679761  2067979
              64      32  674790  829001  3057153  3203069 4564786 1879725  121200  2662899  2662899  1421755  2923952 3791156  4988978
              64      64  955947  831569  5735102  5735102 4018152 1892980 2379626  1780008  3363612  1518251  2923952 4897948  5389653
             128       4  603357 1424795  2673584  2905056 2035099 1406136 1142750  1424795  1642783  1111981   681476 2336194  1858934
             128       8  766076 1030846  3124872  2098744 3277486 1346196 1827299  2286447  3359523  1939522  1022989 2608629  2211113
             128      16  695603 1142750  2326073  3657016 3785961 1504659 1749872  2558895  2905056  1319723  1642783 4012317  4596273
             128      32  927549 2621367  5122535  5325799 4267461 2660335 2558895  3199360  3867787  2608629  2969325 1802755  2132084
             128      64  919605 1487977  2066432  5545860 5122535 3468030 1827299  1727352  3468030  1391557  2367096 3657016  3682098
             128     128  962469 1827299  6406138  4759253 6406138 2211113 4267461  2098744  1878447  2035099  2784517 3536566  4596273
             256       4  686182 1212164  2266207  2266207 2114473 1455317 1755037  1619994  1897721  1028679  1094754 2015259  2539563
             256       8  711178 1031644  3043436  4332998 3368013 1523457 2305128  2392442  1639786  1347557  1153561 1842366  3123106
             256      16  917880 1455317  3326279  4907284 4264168 1790149 2533571  2849590  4197489  1487577  1405778 4132864  4572895
             256      32  831194 1855098  3994490  4264168 5320671 3159869 2975955  3557725  3421677  2187712  2152625 3368013  4197489
             256      64 1226004 2285501  5841722  6398720 6213578 3605511 3667079  3935921  4332998  2371308  2463808 3935921  3511189
             256     128 1003679 1718521  6107548  4117018 6761355 2152625 3935921  4117018  4496299  1504249  3114048 3511189  5569035
             256     256 1023775 1361224  6761355  6554972 6213578 3499745 2065659  3236056  3326279  3770085  3236056 2613746  2458168
             512       4  652967 1132755  1620980  2845081 2132967 1216149 1286067  1624659  1293037  1506154  1196499 1821745  2830083
             512       8  864942 1442420  2307123  3163620 3304808 1625889 1823291  2413429  2275345  1224470  1286838 2065273  2521095
             512      16  747521 1422357  2132967  2722449 4061007 2032051 2097550  2891043  2597325  1809465  1510391 3504346  4784885
             512      32 1155924 1854787  2297251  3481620 4973263 1975959 2753870  3504346  4871723  1992458  1867692 2275345  2225819
             512      64  665926 1657257  3122224  4296637 5760329 3527371 2600470  3941742  1279935  1862832  1789859 2725905  3849877
             512     128 1143004 1429934  2668325  3653390 6736026 2107844 2049505  3325278  4296637  1747618   738777 2287463  4262523
             512     256 1026126 2187279  4195896  7115451 7022379 2535981 4732165  3145087  5760329  1668848  3163620 4742616  6843354
             512     512 1230786 1652157  6909408  7211022 7211022 2460437 4610256  2438090  3788747  2370799  1783912 3346002  6736026
            1024       4  678637 1444266  2133821  2993413 2106609 1454537 1480101  1667426  2065081  1556257  1328146 1414770  1664841
            1024       8  714065  760197  1878973  2207295 3281592 1497127 1695065  2279941  1771993  1452570  1289467 2138070  1809317
            1024      16  776413 1464956  2060128  2813041 4114719 2338280 2069060  2966535  2782064  1439908  1468964 1855433  4146499
            1024      32 1116792 1765437  3722435  5018624 5356618 2081090 3029305  3358576  3130886  1689730  1582636 2310605  4805258
            1024      64  989440 2414523  3937426  4972145 6208343 3447541 3532609  4014717  5536137  2421329  2612819 4095102  4783849
            1024     128 1419915 3003881  4848656  6402699 6776473 3905205 2798378  3951918  4876180  1747480  2052253 4249053  5417427
            1024     256 1082454 1321607  2000631  2491561 4044965 1909888 3606774  3984917  5251818  2255990  2968586 4550690  5853003
            1024     512 1556257 2561398  5245404  7020149 7319232 4095102 4470172  4079544  3518141  1692394  3271594 4014717  5593820
            1024    1024 1258117 1939207  6874084  7356843 7369466 2586074 2333199  2098375  2398343  2236023  2236023 3866533  5958564
            2048       4  648698 1194239  1853353  1737163 1975239 1108263 1470424  1654199  1994039  1214673  1098624 1870302  2748949
            2048       8  911804 1264191  2595298  3885431 3174630 2094183 1820362  2467091  1762469  1486197  1512630 2131071  3791117
            2048      16  927558 1853353  2662880  3835124 4223576 2642401 2709070  3056039  3683812  2298122  1771556 3006831  4312636
            2048      32 1170162 1793378  2513289  4633675 5319484 3024831 2670330  3717289  4653758  2635106  1990343 3272598  5582208
            2048      64 1333259 1810768  3580921  5567735 6207471 2412357 2626244  4136128  3448657  2534797  1788524 3204236  5403134
            2048     128 1293702 1815744  3821475  4240255 6780783 3418463 2704804  4490751  6359119  2694623  2235910 3567536  5785224
            2048     256 1170959 1801275  3669648  6416117 7112016 3806235 3826582  4531020  6440169  2888532  1978424 3346546  5225638
            2048     512 1097501 1941313  3083465  5937172 7135648 3407614 3240499  4572018  6092991  2884652  2100328 2078978  4441984
            2048    1024 1230155 2415749  5018054  6780783 5238385 3969827 2503765  3771144  4796687  1895895  2749829 3200654  5156624
            2048    2048 1293702 1830447  1969352  1995892 1652925 1225591 2019827  3363581  2258247  2144371  1758140 2235910  3736694
            4096       4  630342 1151249  1811495  2214241 1892930 1308662 1478753  1648928  1797281  1465383  1180357 1768603  2175271
            4096       8  886208 1510343  2212815  3014114 3101168 1862557 1960768  2406546  2588965  1531209  1444802 2135523  2836457
            4096      16  875193 1569969  2262949  3059199 3634562 2038716 2091839  2882138  2075915  1621536  1526040 2307631  3031667
            4096      32 1082482 1450903  2534724  3546038 3938705 2403852 2423520  3761077  3817065  2202037  1674482 2509913  3453374
            4096      64 1066621 1708113  2860067  2550529 4481152 1945007 2525409  4204769  4145915  2369047  1661527 2663212  3686820
            4096     128 1257142 2001894  2728780  3806915 5334028 2568066 2603876  4120064  3518442  2062457  1912315 2686114  3667146
            4096     256 1161680 1935802  2595614  2418063 3003050 2172795 2963678  4669958  6398924  2576153  1929280 2734426  3686820
            4096     512 1208589 1989376  3091680  4167033 5353976 2574609 3016231  4718699  6839648  2502236  1107892 2743596  3447830
            4096    1024 1293781 1935584  3349029  3540193 3945943 2550529 2719708  4541567  4035859  2186900  2151300 2647616  3292546
            4096    2048 1067748 1885037  3381993  4027344 2994153 2401165 2756362  4149921  3531460  1542759  2190246 2545616  1856719
            4096    4096  963115 1526040  1705230  2054318 1691963 1597561 1861145  1634495  1896273  1693297  1546230 1873934  1865996
            8192       4  652286 1078873  1698890  1690116 1436936 1020188 1310100  1609747  1465246  1230746  1069037 1706315  1737112
            8192       8  846615 1374950  2074511  2088762 1949067 1318293 1619000  2406682  1843847  1435915  1170816 1511128  1809949
            8192      16  870752 1583266  2120080  2186317 2259200 1621522 2163193  3042891  2067645  1566948  1449361 2294809  2218932
            8192      32 1066913 1734131  2503659  2420073 2577855 1684151 2431548  3754421  2548789  1812814  1638065 2029780  2181597
            8192      64 1022708 1875039  2320693  2684185 3022813 1909107 2488428  4248864  2832670  1952834  1723518 2686914  2531513
            8192     128 1115148 1811954  2501472  2425198 3054523 2141753 2541813  4548665  2816186  1800088  1799711 2584253  2533753
            8192     256 1188268 1780868  2840397  2683137 3223903 2065532 2799664  4730266  3002999  1794916  1697799 2460099  2509877
            8192     512 1136016 1898977  2818033  2962606 3145975 2139486 2818958  4409161  6370221  1770499  1563027 2711724  2787400
            8192    1024 1235215 1850002  2654531  2765637 3138504 1986363 1965906  4143818  6117309  1450646  1444790 2443132  2600684
            8192    2048 1079313 1384033  2533193  2451149 2426568 1695370 2286258  4336814  4740709  1348508  1583923 2292054  2319910
            8192    4096  958703 1139180  1660949  1636738 1654311 1491903 1702763  1380529  1429879  1188268  1730811 1749672  1764770
            8192    8192  903399 1350045  1554752  1587875 1500110 1373576 1474679  1310299  1447347  1248772  1386602 1462315  1533177
           16384       4  640246 1161335  1681794  1785533 1309995  895942 1265673  1653428  1350809  1142852  1059965 1690815  1671160
           16384       8  831292 1400100  2057296  2091674 1843392 1357856 1744467  2466705  1826974  1305490  1288575 2070312  1971818
           16384      16  926278 1562772  2018975  2247805 2073936 1610041 1735436  2331544  1875029  1564871  1425307 2173511  2240696
           16384      32 1057583 1591435  2509859  2462639 2411226 1682329 2208933  3744970  2130254  1549033  1500104 2465643  2483554
           16384      64 1114855 1797066  2581419  2567243 2569643 1855938 2610148  3960364  2282826  1764761  1588823 2614318  2570508
           16384     128 1137065 1856791  2562361  2589493 2537009 1955379 2608067  4510985  2393922  1792145  1454047 2663668  2749460
           16384     256 1141580 1900701  2374155  2447989 2565997 1843590 2692895  4617684  2660678  1800220  1460506 1807180  2093841
           16384     512  960711 1637082  2563604  2256070 2208649 1698546 2198333  3946944  2226395  1502432  1221596 2393255  2333840
           16384    1024  938639 1316066  2198896  2290511 1855888 1608797 2198896  3930914  6155008  1176163  1285417 2653281  2640943
           16384    2048 1056218 1759835  2134423  2567627 2417928 1864802 2216127  3037485  5069376  1236433  1248496 2198263  2208365
           16384    4096  928857 1279506  1544472  1604702 1484324 1397339 1636770  1543466  1718295  1242446  1256049 1666702  1654105
           16384    8192  890970 1261467  1596241  1464677 1493518 1358876 1382023  1372774  1510025  1068835  1338339 1181766  1508799
           16384   16384  853066 1223423  1471011  1439579 1405743 1231315 1472839  1350942  1528634  1316091  1198627 1506582  1515186
           32768      64 1100226 1705328  1765029  1944584 1638171 1434048 1912811  4063980  2239009  1286438  1641516 2521177  2499080
           32768     128 1113309 1848793  2630521  2639209 2588703 1827650 2613712  4443720  2548620  1754372  1689252 2607464  2638297
           32768     256 1153439 1825005  2726378  2646221 2649027 1939398 2286046  4154141  2345262  1629354  1714626 2671217  2604993
           32768     512 1135842 1631946  2473622  2698913 2312315 1656693 2069713  4332633  2234423  1447292  1537540 2555634  2631578
           32768    1024  997475 1817715  2602083  2608503 2618493 1839243 2649435  4247343  2619341  1561632  1462788 2650712  2656091
           32768    2048 1029884 1680145  2490702  2613662 2374845 1772586 2366095  3689259  5002727  1133285  1022627 2516376  2600852
           32768    4096  924053 1212552  1627887  1705688 1666900 1344990 1440602  1303210  1321670   879514  1044061 1655037  1600475
           32768    8192  877627 1279897  1506844  1476571 1556750 1319690 1419137  1335878  1481106  1194385  1199629 1385587  1479097
           32768   16384  858157 1198844  1354548  1372484 1425999 1263564  957683  1041245   859961   687219   905390 1199190  1253789
           65536      64  833494 1181087  2554513  2493001 2460246 1558973 2119666  3668423  2314297  1384658  1262200 2221867  2079984
           65536     128  958030 1324095  2667634  2647695 2576204 1732433 2520409  4369952  2471550  1331838  1351842 2628378  2572539
           65536     256 1052447  911856  2621659  2486574 2600011 1689292 2603113  4684768  2586871  1368356  1468797 2631347  2686668
           65536     512 1022163 1646963  2587797  2659324 2601241 1721464 2576107  4633517  2621534  1470510  1130478 2589747  2343578
           65536    1024 1017324 1631915  2607163  2731928 2639179 1726090 2688192  4593486  2631876  1376200  1058860 2709897  2626494
           65536    2048  948283 1408887  2513656  2470639 2510855 1582606 2408087  4601945  2293711   856758   996050 1343529  1592693
           65536    4096  758114 1003827  1337769  1443938 1369153 1227107 1150180  1473151  1653492   921692   802852 1407437  1117295
           65536    8192  684034  920395  1329519  1386418 1481607 1225936 1434608  1357074  1478929   985802   942312 1477069  1520587
           65536   16384  832933 1128255  1475008  1486583 1490137 1179618 1471235  1331651  1387264  1160587  1136400 1460385  1442067
          131072      64   84505   89089  2553810  2531036 1738997   81531 2490966  4117626  2471470    92378    93405 2549830  2561151
          131072     128   90311   93684  2390691  2623333 2454071   94638 2303145  4289277  2105409    90071    98126 2660338  2656931
          131072     256   96162   95891  2617151  2671287 2729524   98568 2166151  4444022  2537309    95329    96449 2644127  2680182
          131072     512   96437   97315  2725330  2700006 2655211   96063 2663793  4737485  2349004    97303    95883 2664270  2703963
          131072    1024   96990   97434  2504618  2487843 2553016   97675 2441690  4500300  2500085    97838    93621 1964305  2233174
          131072    2048   89224   87719  1793933  1576239 1814095   89164 1955773  2949954  2000670    89491    98671 2483606  2439772
          131072    4096   95396   94777  1585216  1630390 1637909   96477 1283720  1472089  1628709   104914   105612 1557559  1462125
          131072    8192   95649   96636  1459144  1489317 1495898   95820 1489050  1351924  1508880   113585    54770 1463475  1490488
          131072   16384   40335   37011  1478482  1456793 1510306   39222  807660   964658   377001    61417    56079 1431809  1464770
          262144      64   14464   14303  2522725  2592657 2451018   14548 2448480  4186673  2451619    14493    14300 2473453  2551948
          262144     128   14525   13885  2632950  2664521 2612089   14521 2464058  4341574  2332449    14512    14306 2636922  2557177
          262144     256   14506   13912  2681017  2616995 2608371   14526 2627928  4728435  2710594    14494    14287 2625036  2534430
          262144     512   14503   14204  2617537  2574379 2683726   14535 2099202  4178526  2000502    14554    14353 2651880  2644100
          262144    1024   14639   14263  2585219  2635569 2644761   14182 2696396  4608724  2592253    14544    14426 2665477  2702041
          262144    2048   14568   14294  2146205  1932660 2016709   14529 2311696  4292941  2531052    14599    14528 2431854  2442616
          262144    4096   14559   14336  1472626  1533121 1548298   14755 1552535  1428586  1571896    14951    14677 1632318  1581342
          262144    8192   14661   14330  1513726  1483763 1497880   14783 1543311  1191028  1509429    15211    15050 1500538  1485859
          262144   16384   14686   14248  1479043  1489514 1416825   14802 1471982  1294883  1463397    16013    15841 1482479  1469731
          524288      64   11364   11179   111633   113483  267224   14420  225877  4137049   341992    12739    11009  247338   246119
          524288     128   12089   11008   112574   108221  367615   13686  311451  4491415   383057    12045    11010  250783   262508
          524288     256   12051   11219    91555    96139  364834   13876  263898  4255966   302484    12755    11281  275398   277029
          524288     512   11896   11213   104783    96546  379059   14127  408157  4664780   353164    12016    11012  307727   308490
          524288    1024   11893   11211    95794    99260  448498   14214  447092  4581099   475025    11895    11179  284573   277770
          524288    2048   12024   11165   107470   109088  471809   13649  397923  4051872   489150    11914    11208  301138   303542
          524288    4096   11961   11222   112621   105363  483931   13547  404865  1479239   411763    11965    11156  161598   232010
          524288    8192   12377   11114   101196    84832  436376   14157  503236  1312537   410070    12227    11485  334546   322919
          524288   16384   11916   11265   106638   101167  355700   14080  381638  1329958  1437598    12314    11709  313339   262475

iozone test complete.
Excel output is below:

"Writer report"
        "4"  "8"  "16"  "32"  "64"  "128"  "256"  "512"  "1024"  "2048"  "4096"  "8192"  "16384"
"64"   503814  80712  639427  674790  955947 
"128"   603357  766076  695603  927549  919605  962469 
"256"   686182  711178  917880  831194  1226004  1003679  1023775 
"512"   652967  864942  747521  1155924  665926  1143004  1026126  1230786 
"1024"   678637  714065  776413  1116792  989440  1419915  1082454  1556257  1258117 
"2048"   648698  911804  927558  1170162  1333259  1293702  1170959  1097501  1230155  1293702 
"4096"   630342  886208  875193  1082482  1066621  1257142  1161680  1208589  1293781  1067748  963115 
"8192"   652286  846615  870752  1066913  1022708  1115148  1188268  1136016  1235215  1079313  958703  903399 
"16384"   640246  831292  926278  1057583  1114855  1137065  1141580  960711  938639  1056218  928857  890970  853066 
"32768"   0  0  0  0  1100226  1113309  1153439  1135842  997475  1029884  924053  877627  858157 
"65536"   0  0  0  0  833494  958030  1052447  1022163  1017324  948283  758114  684034  832933 
"131072"   0  0  0  0  84505  90311  96162  96437  96990  89224  95396  95649  40335 
"262144"   0  0  0  0  14464  14525  14506  14503  14639  14568  14559  14661  14686 
"524288"   0  0  0  0  11364  12089  12051  11896  11893  12024  11961  12377  11916 

"Re-writer report"
        "4"  "8"  "16"  "32"  "64"  "128"  "256"  "512"  "1024"  "2048"  "4096"  "8192"  "16384"
"64"   1105556  901377  1029254  829001  831569 
"128"   1424795  1030846  1142750  2621367  1487977  1827299 
"256"   1212164  1031644  1455317  1855098  2285501  1718521  1361224 
"512"   1132755  1442420  1422357  1854787  1657257  1429934  2187279  1652157 
"1024"   1444266  760197  1464956  1765437  2414523  3003881  1321607  2561398  1939207 
"2048"   1194239  1264191  1853353  1793378  1810768  1815744  1801275  1941313  2415749  1830447 
"4096"   1151249  1510343  1569969  1450903  1708113  2001894  1935802  1989376  1935584  1885037  1526040 
"8192"   1078873  1374950  1583266  1734131  1875039  1811954  1780868  1898977  1850002  1384033  1139180  1350045 
"16384"   1161335  1400100  1562772  1591435  1797066  1856791  1900701  1637082  1316066  1759835  1279506  1261467  1223423 
"32768"   0  0  0  0  1705328  1848793  1825005  1631946  1817715  1680145  1212552  1279897  1198844 
"65536"   0  0  0  0  1181087  1324095  911856  1646963  1631915  1408887  1003827  920395  1128255 
"131072"   0  0  0  0  89089  93684  95891  97315  97434  87719  94777  96636  37011 
"262144"   0  0  0  0  14303  13885  13912  14204  14263  14294  14336  14330  14248 
"524288"   0  0  0  0  11179  11008  11219  11213  11211  11165  11222  11114  11265 

"Reader report"
        "4"  "8"  "16"  "32"  "64"  "128"  "256"  "512"  "1024"  "2048"  "4096"  "8192"  "16384"
"64"   2923952  2278628  2298136  3057153  5735102 
"128"   2673584  3124872  2326073  5122535  2066432  6406138 
"256"   2266207  3043436  3326279  3994490  5841722  6107548  6761355 
"512"   1620980  2307123  2132967  2297251  3122224  2668325  4195896  6909408 
"1024"   2133821  1878973  2060128  3722435  3937426  4848656  2000631  5245404  6874084 
"2048"   1853353  2595298  2662880  2513289  3580921  3821475  3669648  3083465  5018054  1969352 
"4096"   1811495  2212815  2262949  2534724  2860067  2728780  2595614  3091680  3349029  3381993  1705230 
"8192"   1698890  2074511  2120080  2503659  2320693  2501472  2840397  2818033  2654531  2533193  1660949  1554752 
"16384"   1681794  2057296  2018975  2509859  2581419  2562361  2374155  2563604  2198896  2134423  1544472  1596241  1471011 
"32768"   0  0  0  0  1765029  2630521  2726378  2473622  2602083  2490702  1627887  1506844  1354548 
"65536"   0  0  0  0  2554513  2667634  2621659  2587797  2607163  2513656  1337769  1329519  1475008 
"131072"   0  0  0  0  2553810  2390691  2617151  2725330  2504618  1793933  1585216  1459144  1478482 
"262144"   0  0  0  0  2522725  2632950  2681017  2617537  2585219  2146205  1472626  1513726  1479043 
"524288"   0  0  0  0  111633  112574  91555  104783  95794  107470  112621  101196  106638 

"Re-Reader report"
        "4"  "8"  "16"  "32"  "64"  "128"  "256"  "512"  "1024"  "2048"  "4096"  "8192"  "16384"
"64"   2116903  4018152  4207076  3203069  5735102 
"128"   2905056  2098744  3657016  5325799  5545860  4759253 
"256"   2266207  4332998  4907284  4264168  6398720  4117018  6554972 
"512"   2845081  3163620  2722449  3481620  4296637  3653390  7115451  7211022 
"1024"   2993413  2207295  2813041  5018624  4972145  6402699  2491561  7020149  7356843 
"2048"   1737163  3885431  3835124  4633675  5567735  4240255  6416117  5937172  6780783  1995892 
"4096"   2214241  3014114  3059199  3546038  2550529  3806915  2418063  4167033  3540193  4027344  2054318 
"8192"   1690116  2088762  2186317  2420073  2684185  2425198  2683137  2962606  2765637  2451149  1636738  1587875 
"16384"   1785533  2091674  2247805  2462639  2567243  2589493  2447989  2256070  2290511  2567627  1604702  1464677  1439579 
"32768"   0  0  0  0  1944584  2639209  2646221  2698913  2608503  2613662  1705688  1476571  1372484 
"65536"   0  0  0  0  2493001  2647695  2486574  2659324  2731928  2470639  1443938  1386418  1486583 
"131072"   0  0  0  0  2531036  2623333  2671287  2700006  2487843  1576239  1630390  1489317  1456793 
"262144"   0  0  0  0  2592657  2664521  2616995  2574379  2635569  1932660  1533121  1483763  1489514 
"524288"   0  0  0  0  113483  108221  96139  96546  99260  109088  105363  84832  101167 

"Random read report"
        "4"  "8"  "16"  "32"  "64"  "128"  "256"  "512"  "1024"  "2048"  "4096"  "8192"  "16384"
"64"   1562436  3203069  4018152  4564786  4018152 
"128"   2035099  3277486  3785961  4267461  5122535  6406138 
"256"   2114473  3368013  4264168  5320671  6213578  6761355  6213578 
"512"   2132967  3304808  4061007  4973263  5760329  6736026  7022379  7211022 
"1024"   2106609  3281592  4114719  5356618  6208343  6776473  4044965  7319232  7369466 
"2048"   1975239  3174630  4223576  5319484  6207471  6780783  7112016  7135648  5238385  1652925 
"4096"   1892930  3101168  3634562  3938705  4481152  5334028  3003050  5353976  3945943  2994153  1691963 
"8192"   1436936  1949067  2259200  2577855  3022813  3054523  3223903  3145975  3138504  2426568  1654311  1500110 
"16384"   1309995  1843392  2073936  2411226  2569643  2537009  2565997  2208649  1855888  2417928  1484324  1493518  1405743 
"32768"   0  0  0  0  1638171  2588703  2649027  2312315  2618493  2374845  1666900  1556750  1425999 
"65536"   0  0  0  0  2460246  2576204  2600011  2601241  2639179  2510855  1369153  1481607  1490137 
"131072"   0  0  0  0  1738997  2454071  2729524  2655211  2553016  1814095  1637909  1495898  1510306 
"262144"   0  0  0  0  2451018  2612089  2608371  2683726  2644761  2016709  1548298  1497880  1416825 
"524288"   0  0  0  0  267224  367615  364834  379059  448498  471809  483931  436376  355700 

"Random write report"
        "4"  "8"  "16"  "32"  "64"  "128"  "256"  "512"  "1024"  "2048"  "4096"  "8192"  "16384"
"64"   1105556  1828508  2222043  1879725  1892980 
"128"   1406136  1346196  1504659  2660335  3468030  2211113 
"256"   1455317  1523457  1790149  3159869  3605511  2152625  3499745 
"512"   1216149  1625889  2032051  1975959  3527371  2107844  2535981  2460437 
"1024"   1454537  1497127  2338280  2081090  3447541  3905205  1909888  4095102  2586074 
"2048"   1108263  2094183  2642401  3024831  2412357  3418463  3806235  3407614  3969827  1225591 
"4096"   1308662  1862557  2038716  2403852  1945007  2568066  2172795  2574609  2550529  2401165  1597561 
"8192"   1020188  1318293  1621522  1684151  1909107  2141753  2065532  2139486  1986363  1695370  1491903  1373576 
"16384"   895942  1357856  1610041  1682329  1855938  1955379  1843590  1698546  1608797  1864802  1397339  1358876  1231315 
"32768"   0  0  0  0  1434048  1827650  1939398  1656693  1839243  1772586  1344990  1319690  1263564 
"65536"   0  0  0  0  1558973  1732433  1689292  1721464  1726090  1582606  1227107  1225936  1179618 
"131072"   0  0  0  0  81531  94638  98568  96063  97675  89164  96477  95820  39222 
"262144"   0  0  0  0  14548  14521  14526  14535  14182  14529  14755  14783  14802 
"524288"   0  0  0  0  14420  13686  13876  14127  14214  13649  13547  14157  14080 

"Backward read report"
        "4"  "8"  "16"  "32"  "64"  "128"  "256"  "512"  "1024"  "2048"  "4096"  "8192"  "16384"
"64"   1690338  1304314  2358717  121200  2379626 
"128"   1142750  1827299  1749872  2558895  1827299  4267461 
"256"   1755037  2305128  2533571  2975955  3667079  3935921  2065659 
"512"   1286067  1823291  2097550  2753870  2600470  2049505  4732165  4610256 
"1024"   1480101  1695065  2069060  3029305  3532609  2798378  3606774  4470172  2333199 
"2048"   1470424  1820362  2709070  2670330  2626244  2704804  3826582  3240499  2503765  2019827 
"4096"   1478753  1960768  2091839  2423520  2525409  2603876  2963678  3016231  2719708  2756362  1861145 
"8192"   1310100  1619000  2163193  2431548  2488428  2541813  2799664  2818958  1965906  2286258  1702763  1474679 
"16384"   1265673  1744467  1735436  2208933  2610148  2608067  2692895  2198333  2198896  2216127  1636770  1382023  1472839 
"32768"   0  0  0  0  1912811  2613712  2286046  2069713  2649435  2366095  1440602  1419137  957683 
"65536"   0  0  0  0  2119666  2520409  2603113  2576107  2688192  2408087  1150180  1434608  1471235 
"131072"   0  0  0  0  2490966  2303145  2166151  2663793  2441690  1955773  1283720  1489050  807660 
"262144"   0  0  0  0  2448480  2464058  2627928  2099202  2696396  2311696  1552535  1543311  1471982 
"524288"   0  0  0  0  225877  311451  263898  408157  447092  397923  404865  503236  381638 

"Record rewrite report"
        "4"  "8"  "16"  "32"  "64"  "128"  "256"  "512"  "1024"  "2048"  "4096"  "8192"  "16384"
"64"   1124074  2133730  2467108  2662899  1780008 
"128"   1424795  2286447  2558895  3199360  1727352  2098744 
"256"   1619994  2392442  2849590  3557725  3935921  4117018  3236056 
"512"   1624659  2413429  2891043  3504346  3941742  3325278  3145087  2438090 
"1024"   1667426  2279941  2966535  3358576  4014717  3951918  3984917  4079544  2098375 
"2048"   1654199  2467091  3056039  3717289  4136128  4490751  4531020  4572018  3771144  3363581 
"4096"   1648928  2406546  2882138  3761077  4204769  4120064  4669958  4718699  4541567  4149921  1634495 
"8192"   1609747  2406682  3042891  3754421  4248864  4548665  4730266  4409161  4143818  4336814  1380529  1310299 
"16384"   1653428  2466705  2331544  3744970  3960364  4510985  4617684  3946944  3930914  3037485  1543466  1372774  1350942 
"32768"   0  0  0  0  4063980  4443720  4154141  4332633  4247343  3689259  1303210  1335878  1041245 
"65536"   0  0  0  0  3668423  4369952  4684768  4633517  4593486  4601945  1473151  1357074  1331651 
"131072"   0  0  0  0  4117626  4289277  4444022  4737485  4500300  2949954  1472089  1351924  964658 
"262144"   0  0  0  0  4186673  4341574  4728435  4178526  4608724  4292941  1428586  1191028  1294883 
"524288"   0  0  0  0  4137049  4491415  4255966  4664780  4581099  4051872  1479239  1312537  1329958 

"Stride read report"
        "4"  "8"  "16"  "32"  "64"  "128"  "256"  "512"  "1024"  "2048"  "4096"  "8192"  "16384"
"64"   1518251  2561267  2358717  2662899  3363612 
"128"   1642783  3359523  2905056  3867787  3468030  1878447 
"256"   1897721  1639786  4197489  3421677  4332998  4496299  3326279 
"512"   1293037  2275345  2597325  4871723  1279935  4296637  5760329  3788747 
"1024"   2065081  1771993  2782064  3130886  5536137  4876180  5251818  3518141  2398343 
"2048"   1994039  1762469  3683812  4653758  3448657  6359119  6440169  6092991  4796687  2258247 
"4096"   1797281  2588965  2075915  3817065  4145915  3518442  6398924  6839648  4035859  3531460  1896273 
"8192"   1465246  1843847  2067645  2548789  2832670  2816186  3002999  6370221  6117309  4740709  1429879  1447347 
"16384"   1350809  1826974  1875029  2130254  2282826  2393922  2660678  2226395  6155008  5069376  1718295  1510025  1528634 
"32768"   0  0  0  0  2239009  2548620  2345262  2234423  2619341  5002727  1321670  1481106  859961 
"65536"   0  0  0  0  2314297  2471550  2586871  2621534  2631876  2293711  1653492  1478929  1387264 
"131072"   0  0  0  0  2471470  2105409  2537309  2349004  2500085  2000670  1628709  1508880  377001 
"262144"   0  0  0  0  2451619  2332449  2710594  2000502  2592253  2531052  1571896  1509429  1463397 
"524288"   0  0  0  0  341992  383057  302484  353164  475025  489150  411763  410070  1437598 

"Fwrite report"
        "4"  "8"  "16"  "32"  "64"  "128"  "256"  "512"  "1024"  "2048"  "4096"  "8192"  "16384"
"64"   1124074  1526887  1143223  1421755  1518251 
"128"   1111981  1939522  1319723  2608629  1391557  2035099 
"256"   1028679  1347557  1487577  2187712  2371308  1504249  3770085 
"512"   1506154  1224470  1809465  1992458  1862832  1747618  1668848  2370799 
"1024"   1556257  1452570  1439908  1689730  2421329  1747480  2255990  1692394  2236023 
"2048"   1214673  1486197  2298122  2635106  2534797  2694623  2888532  2884652  1895895  2144371 
"4096"   1465383  1531209  1621536  2202037  2369047  2062457  2576153  2502236  2186900  1542759  1693297 
"8192"   1230746  1435915  1566948  1812814  1952834  1800088  1794916  1770499  1450646  1348508  1188268  1248772 
"16384"   1142852  1305490  1564871  1549033  1764761  1792145  1800220  1502432  1176163  1236433  1242446  1068835  1316091 
"32768"   0  0  0  0  1286438  1754372  1629354  1447292  1561632  1133285  879514  1194385  687219 
"65536"   0  0  0  0  1384658  1331838  1368356  1470510  1376200  856758  921692  985802  1160587 
"131072"   0  0  0  0  92378  90071  95329  97303  97838  89491  104914  113585  61417 
"262144"   0  0  0  0  14493  14512  14494  14554  14544  14599  14951  15211  16013 
"524288"   0  0  0  0  12739  12045  12755  12016  11895  11914  11965  12227  12314 

"Re-Fwrite report"
        "4"  "8"  "16"  "32"  "64"  "128"  "256"  "512"  "1024"  "2048"  "4096"  "8192"  "16384"
"64"   1357066  1232453  811459  2923952  2923952 
"128"   681476  1022989  1642783  2969325  2367096  2784517 
"256"   1094754  1153561  1405778  2152625  2463808  3114048  3236056 
"512"   1196499  1286838  1510391  1867692  1789859  738777  3163620  1783912 
"1024"   1328146  1289467  1468964  1582636  2612819  2052253  2968586  3271594  2236023 
"2048"   1098624  1512630  1771556  1990343  1788524  2235910  1978424  2100328  2749829  1758140 
"4096"   1180357  1444802  1526040  1674482  1661527  1912315  1929280  1107892  2151300  2190246  1546230 
"8192"   1069037  1170816  1449361  1638065  1723518  1799711  1697799  1563027  1444790  1583923  1730811  1386602 
"16384"   1059965  1288575  1425307  1500104  1588823  1454047  1460506  1221596  1285417  1248496  1256049  1338339  1198627 
"32768"   0  0  0  0  1641516  1689252  1714626  1537540  1462788  1022627  1044061  1199629  905390 
"65536"   0  0  0  0  1262200  1351842  1468797  1130478  1058860  996050  802852  942312  1136400 
"131072"   0  0  0  0  93405  98126  96449  95883  93621  98671  105612  54770  56079 
"262144"   0  0  0  0  14300  14306  14287  14353  14426  14528  14677  15050  15841 
"524288"   0  0  0  0  11009  11010  11281  11012  11179  11208  11156  11485  11709 

"Fread report"
        "4"  "8"  "16"  "32"  "64"  "128"  "256"  "512"  "1024"  "2048"  "4096"  "8192"  "16384"
"64"   1460430  1828508  1679761  3791156  4897948 
"128"   2336194  2608629  4012317  1802755  3657016  3536566 
"256"   2015259  1842366  4132864  3368013  3935921  3511189  2613746 
"512"   1821745  2065273  3504346  2275345  2725905  2287463  4742616  3346002 
"1024"   1414770  2138070  1855433  2310605  4095102  4249053  4550690  4014717  3866533 
"2048"   1870302  2131071  3006831  3272598  3204236  3567536  3346546  2078978  3200654  2235910 
"4096"   1768603  2135523  2307631  2509913  2663212  2686114  2734426  2743596  2647616  2545616  1873934 
"8192"   1706315  1511128  2294809  2029780  2686914  2584253  2460099  2711724  2443132  2292054  1749672  1462315 
"16384"   1690815  2070312  2173511  2465643  2614318  2663668  1807180  2393255  2653281  2198263  1666702  1181766  1506582 
"32768"   0  0  0  0  2521177  2607464  2671217  2555634  2650712  2516376  1655037  1385587  1199190 
"65536"   0  0  0  0  2221867  2628378  2631347  2589747  2709897  1343529  1407437  1477069  1460385 
"131072"   0  0  0  0  2549830  2660338  2644127  2664270  1964305  2483606  1557559  1463475  1431809 
"262144"   0  0  0  0  2473453  2636922  2625036  2651880  2665477  2431854  1632318  1500538  1482479 
"524288"   0  0  0  0  247338  250783  275398  307727  284573  301138  161598  334546  313339 

"Re-Fread report"
        "4"  "8"  "16"  "32"  "64"  "128"  "256"  "512"  "1024"  "2048"  "4096"  "8192"  "16384"
"64"   1492919  2467108  2067979  4988978  5389653 
"128"   1858934  2211113  4596273  2132084  3682098  4596273 
"256"   2539563  3123106  4572895  4197489  3511189  5569035  2458168 
"512"   2830083  2521095  4784885  2225819  3849877  4262523  6843354  6736026 
"1024"   1664841  1809317  4146499  4805258  4783849  5417427  5853003  5593820  5958564 
"2048"   2748949  3791117  4312636  5582208  5403134  5785224  5225638  4441984  5156624  3736694 
"4096"   2175271  2836457  3031667  3453374  3686820  3667146  3686820  3447830  3292546  1856719  1865996 
"8192"   1737112  1809949  2218932  2181597  2531513  2533753  2509877  2787400  2600684  2319910  1764770  1533177 
"16384"   1671160  1971818  2240696  2483554  2570508  2749460  2093841  2333840  2640943  2208365  1654105  1508799  1515186 
"32768"   0  0  0  0  2499080  2638297  2604993  2631578  2656091  2600852  1600475  1479097  1253789 
"65536"   0  0  0  0  2079984  2572539  2686668  2343578  2626494  1592693  1117295  1520587  1442067 
"131072"   0  0  0  0  2561151  2656931  2680182  2703963  2233174  2439772  1462125  1490488  1464770 
"262144"   0  0  0  0  2551948  2557177  2534430  2644100  2702041  2442616  1581342  1485859  1469731 
"524288"   0  0  0  0  246119  262508  277029  308490  277770  303542  232010  322919  262475 
