	Iozone: Performance Test of File I/O
	        Version $Revision: 3.414 $
		Compiled for 64 bit mode.
		Build: linux-AMD64 

	Contributors:William Norcott, Don Capps, Isom Crawford, Kirby Collins
	             Al Slater, Scott Rhine, Mike Wisner, Ken Goss
	             Steve Landherr, Brad Smith, Mark Kelly, Dr. Alain CYR,
	             Randy Dunlap, Mark Montague, Dan Million, Gavin Brebner,
	             Jean-Marc Zucconi, Jeff Blomberg, Benny Halevy, Dave Boone,
	             Erik Habbinga, Kris Strecker, Walter Wong, Joshua Root,
	             Fabrice Bacchella, Zhenghua Xue, Qin Li, Darren Sawyer,
	             Vangel Bojaxhi, Ben England.

	Run began: Sun Mar  3 15:02:57 2013

	Auto Mode
	Excel chart generation enabled
	Command line used: ./benchmarks/iozone3_414/src/current/iozone -a -R
	Output is in Kbytes/sec
	Time Resolution = 0.000001 seconds.
	Processor cache size set to 1024 Kbytes.
	Processor cache line size set to 32 bytes.
	File stride size set to 17 * record size.
                                                            random  random    bkwd   record   stride                                   
              KB  reclen   write rewrite    read    reread    read   write    read  rewrite     read   fwrite frewrite   fread  freread
              64       4  409946 1066042  2133730  2067979 1336792 1363961  533875  1188789  1562436   666414  1143223 1734015  2133730
              64       8  538156 1452528  3203069  3057153 2892445 1828508 1304314  1638743  2561267  1357066  1232453 2298136  2923952
              64      16  666414 1679761  3541098  3738358 2379626 2379626 2203800  1933893  1049372  1392258  1421755 3022727  3541098
              64      32 1017549 1947927   842003  4207076 4564786 1421755 2203800  2298136  2561267  1363961  2662899 3363612  4018152
              64      64  799377 2052169  4564786  4897948 3588436 3165299 2923952  2298136  3541098  2298136  2278628 1083249  4564786
             128       4  515822  978253  2784517  1705404 2132084 1032829 1266785  1603529  1939522  1603529  1471662 1622919  1684006
             128       8  748976  983630  2132084  3297617 2409592 2035099 1997245  1997245  1363288  1391557  1254941 2004703  3124872
             128      16  776042 1827299  2660335  3468030 3124872 1359835 2326073  2558895  1471662  1455701  1266785 2367096  2420455
             128      32  743788 1705404  4135958  4407601 3759450 1684006 2969325  2286447  3380677  1778862  1802755 3759450  4012317
             128      64  895074 1306873  4557257  4596273 4557257 2608629 2420455  2558895  2409592  1040839  2985839 3867787  4444086
             128     128  955616 1105114  4934216  4934216 6727225 3657016 3560017  3657016  3982553  3657016  2511022 4267461  4759253
             256       4  595594 1600674  1619994  2330140 2097948 1376935  859127  1561112  1260547  1084800   711178 1610276  1707589
             256       8  725106 1805197  2639446  3197509 2486631 2102055 2097948  1868008  2242541  1579483  1790149 2065659  3078337
             256      16  930608 1361224  4496299  3935921 4132864 1802167 2975955  2783115  4070199  1400278  1673001 3545976  3465855
             256      32  944525 1430119  3326279  5841722 5217259 2034350 4054829  3236056  3717869  1829808  1652404 3994490  4264168
             256      64  879535 1497953  4350555  4652146 3159869 1267990 2819657  2819657  3245838  1814348  2034350 4840911  3823789
             256     128  965763 1826695  4929815  5217259 5022044 1855098 3879045  2458168  5540300  1280084  1369908 1842366  2247235
             256     256 1084800 2533571  7120034  7314033 6936061 3994490 1842366  1532153  2065659  2247235  1924938 5217259  3935921
             512       4  628874 1391933  2337255  2572435 2089386 1454140 1580419  1640796  1684557  1372364  1358474 2097550  2158696
             512       8  944444 1329871  2638816  3239989 3064306 1463057 2597325  2402629  2225819  1190529  1365383 2381315  3201349
             512      16  733729 1036527  2460437  4882800 4228947 1705969 3325278  2942541  3934520  1518938  2285029 2150051  2055390
             512      32  958781 2370799  2722449  3762197 5278892 1968713 3941742  3659616  4340054  1809465  1772135 4485083  5566231
             512      64 1075998 1783912  3742527  4195896 6086873 2237414 3415178  3527371  4701087  1924603  1895721 2910635  2307123
             512     128 1101383 1600443  4296637  6319739 6319739 3822466 4375425  4000485  5807059  2875558  1753325 3762197  4690818
             512     256 1199171 2722449  4305250  6821616 6999490 2265742 3905895  3046915  4000485  1528669  1110496 3122224  4827914
             512     512 1207261 2906696  7211022  6909408 7211022 2169601 2942541  2370799  2668325  2065273  2830083 2275345  5164632
            1024       4  658554  815323  2061116  2730767 2132761 1220575 1356245  1625154  1886400  1236742  1156798 2250080  2716948
            1024       8  834491 1322828  2206161  2443368 3335105 1505523 1899750  2528227  2708381  1416169  1434138 2884840  3804877
            1024      16 1035229 1524224  3121783  4694950 4215688 2142335 2491561  2976816  3659010  1762539  1882266 2421329  2632033
            1024      32 1081363 2578312  4474829  2666347 5226256 1871603 2805690  3618930  4265934  1845071  1659694 3778101  4736370
            1024      64 1347311 2758833  2169388  2467229 5593820 1741810 3259181  4018473  5623115  1727102  2467229 3151562  4654248
            1024     128   40964 1720874  2960401  3999762 6776473 2110750 2535690  4178773  5720477  1913291  1296083 3261656  6650556
            1024     256  988529 2000631  4531485  5821271 7113161 2301937 2586074  2884840  5660167  1299612  2737730 2653170  5169641
            1024     512 1098511 3092561  5623115  7208671 7257394 4146499 4995276  4433259  6280976  1659694  3085895 2633647  6317933
            1024    1024 1256644 3092561  3133170  7306780 7369466 2900425 2370545  2455943  2553783  2516377  2160657 2701567  5363307
            2048       4  661945 1089981  2094183  2611870 2029850 1443248 1666393  1620496  1982533  1489548  1303518 1823840  1939560
            2048       8  844816 1290398  2476337  3743207 3065856 1957683 2267786  2440457  2875960  1977058  1421279 2275596  2031771
            2048      16  767382 1678768  2255282  4128177 4196751 2565840 2767549  3034448  3624742  2293214  1482862 2446713  4079167
            2048      32 1124071 1814210  2576615  3127245 5267294 1980705 2306143  3657149  4312636  1642181  1368956 2921939  4960102
            2048      64 1282308 1956345  2273187  3189957 6207471 2356760 3219850  4136128  4741090  2252916  1818820 3043048  5009275
            2048     128 1139126 1978424  3334853  5800851 6780783 2559723 2972495  4248644  5359311  1901351  1877250 2656292  4338776
            2048     256 1113579 2235910  2837016  4900677 6759439 3894239 3224685  3772800  6690992  1434092  1723915 3025897  5531879
            2048     512 1276781 2128958  3513544  3407614 6303124 3215029 3319389  3757946  5225638  2060526  1735408 2560486  5251194
            2048    1024 1165557 1943069  3038742  5503525 6149699 2525110 2868277  3536690  2569678  1523901  2506688 2840769  2085540
            2048    2048 1130283 2174223  4493100  5119743 5475461 2525110 2734946  2228370  2916978  2553635  2080992 2484934  3592903
            4096       4  672696 1157376  1718192  1787929   65028 1087622 1269685  1615134  1431082  1448335  1149939 1725439  1703033
            4096       8  790758 1220524  1925820  1954077 2649249 1353618 1575873  2251973  1932101  1307766  1328600 2167313  2775061
            4096      16 1003684 1633252  2442471  2254337 3530734 1757206 2294686  2555461  2111377   106281  1508619 2144586  2164855
            4096      32 1009404 1901520  2461720  3713919 4763181 2517637 2270725  3747131  3835814  1546787  1689135 2571141  3889659
            4096      64 1068878 1531891  2708986  2576153 4329816 1935802 2574609  4184286  3540193  1956079  1829435 2634219  2723157
            4096     128 1114576 1981803  2852469  4117102 5918366 3530734 3155856  3980686  4145915  1575295  1552658 2067670  2838800
            4096     256 1145721 2138979  2480917  3000952 3540193 2710696 2747106  4153935  6978564  2443861  1852515 2832715  4051086
            4096     512  103988 1954299  2915397  3084464 5019235  107255 3178040  4516494  5454263  1964579  1963457 2369047  2395139
            4096    1024 1060825 1939298  3447830  3779279 4481152 2921346 3023131  4612286  4893426  2193882  2102849 2590526  3338615
            4096    2048  992952 1710834  3477139  3743865   81481 1502550 2470570  3622300  3284363  1606224  1981574 2515794  3061379
            4096    4096  945933 1501499  2115537  1591346 1822835 1290089 1813981  1538752  1606224  1589432  1282002 1935584  1639018
            8192       4   67608 1141564  1628592  1702088 1418780   70214 1304479    72273  1356547    89988  1074386 1514525  1432443
            8192       8   75096  152446  2086099  2013839 2014666   59244 1393915  2367546  1490803  1319812   151391 1714488  2182151
            8192      16  973617 1591922  2283220  2135497 2365590   72253 1904240    73927  2060330    91711  1482441 2127695  1938074
            8192      32 1046506 1731945  2479450  2888633 2669379 1772417 2328557  3600968  2111352   154999  1600971 2231469   129087
            8192      64  261531 1830585  2634180  1908682 1734481   39187 2432409  3944043  2625725   201555  1690116 2474272  2424513
            8192     128 1239537 1877601  2631557  2721605 2994102 2069264 2023207  4454894  2561711  1692864  1782069 2645334  2621518
            8192     256  147595 1828150  2686704  2856217 3165394   73015 2532259  4222236  2638428  1502800  1544479 2274906   128665
            8192     512 1161790 1615803  2705319  2949889 2643299   72972 2284434  4442798  6440672  1834299  1598067 2614736  2674574
            8192    1024 1173656 1825722  2901807  2422291 2733296   81005 2471069  4530672  4902367  1454577  1798486 2369015  2655351
            8192    2048 1101668 1786238  2814110  2904751  108769 1757189 2117989  2347970  4464155  1400791  1200096  202958   157869
            8192    4096  144164 1255893  1438199  1727157   72496 1356333 1739310    71804  1775898  1161987  1561820 1747448    92188
            8192    8192   69950 1216842  1555879  1437477   72230   71644 1481354  1265561   196192   104781   151653  151962   125922
           16384       4   89967  325777   172925   230542   75305  130986  122874   138861   169750   189728   147680 1685217  1709533
           16384       8  157524  152185  1970179    99658  139489  135192 1770262   142827   284430   151771    97033  240438   204544
           16384      16  101089 1579619   179479   205143 1989112  154014  240269  3007310  2040376  1498697  1269390  363516  1945856
           16384      32  183603 1219321  2103197  2133031  156165  153082 2068193  3121937   204398   197757  1436689 2173167   366975
           16384      64  134929 1605490  2223945  2516661  208694  139520 2136945  3741503   384184   237016   175509 2549716   208575
           16384     128  121763 1797254  2429726  2585401  143426 1865460  301341  4266486  2717494  1569804  1717222 2039589  2315751
           16384     256  148370 1847357  2713953  2692051  143453 1910689 2392172  4126848  2698817  1767394  1787856  206897   540762
           16384     512  220108 1571923   208450   246209 2460435  140514  302825  4736724  2778811  1677320  1684887 2603917  2389012
           16384    1024  101166 1762634  2230658   142050  142317 1817215  160572  3919479  5607553   167600   144127  243534   383043
           16384    2048  110434  153307  2621399  2507112  142502  139261  505666  3887110  4083686   170154   193849 2474165  2376208
           16384    4096  129751 1326328   154765  1680889 1575997  136009  106750   137830  1737762   150363   168596  281511   200266
           16384    8192   82595  149892   105831   137892   71710  161083 1490408   136089   170803   130840   231056  137524   232156
           16384   16384   73268  168481   137168   136908  137678  135500 1486089   135673   125170   136105   135986  137869   136641
           32768      64  121322  130924   452371   301054  269737  260495  431572   280687   448440   256889   139140 2480721  2562782
           32768     128  166139  498319  2584614   300439  268852  283949  169862  4414885   386114   252310  1653524 2629011  2636424
           32768     256 1162649 1857488  2681955  2443020 2619990 1779402 2500262  4690460  2479424  1638307  1632120 2699178  2683892
           32768     512 1131531 1856635  2622089  2706353 2630068 1908879 2626499  1805893  1102521  1312294  1267328 2052742  2201389
           32768    1024  953167 1490195  2130413  2049406 2020097 1633012 2132099  3704273  2208535  1147066  1193514 2689881  2568433
           32768    2048 1027467 1159726  1690374  1802411 2166173 1668924 1414973  2132198  4222679   963795   952447 2160045  1908110
           32768    4096  829715 1233922  1684470  1634003 1555798 1343176 1633905  1384136  1418215   912246  1130284 1660656  1608323
           32768    8192  800721 1243186  1502708  1540004 1550340 1344161 1439395  1387182  1005745   788054  1200289 1508382  1524240
           32768   16384  896279 1257598  1481840  1528869 1520278 1254133 1364824  1070115  1327876   971074  1539625 1497681  1516621
           65536      64  991198 1380492  2540747  2549324 2413669 1624585 2439265  4128299  2487407  1538330  1374438 2467379  2514530
           65536     128  769535 1661909  2559103  2578741 2493476 1759581 2567133  4490969  2608697  1554055  1564635 2572274  2650069
           65536     256 1014209 1708889  2096819  2229038 2145274 1611215 2598880  4709732  2651551  1487259  1462787 2689981  2661049
           65536     512 1004073 1630860  2523440  2419554 2316911 1539088 2351739  4088084  2364890  1188472  1258444 2540442  2618413
           65536    1024 1038753 1653691  2590870  2686117 2709763 1754829 2606001  4780834  2600552  1280122   891780 2761625  2616195
           65536    2048  963808 1536276  2384875  2224420 1775894 1168411 2322568  3276302  2133618   953153  1086418 1862722  2093609
           65536    4096  786406 1130808  1399056  1502698 1603480 1211455 1465438  1422131  1754885   900640   923029 1446483  1643536
           65536    8192  797603  871350  1521614  1575648 1534406  754858 1503290  1365704  1514305   982623  1000899 1348036  1577393
           65536   16384  794461 1141240  1351675  1345127 1303629 1038176 1425968  1079994  1196126   876594   900702 1219323  1362523
          131072      64   80147   78046  1946680  1892135 1600235   80756 2416426  4132017  2453655    91316    93136 2588513  2547751
          131072     128   90048   93408  2509615  2587076 2420532   94552 2532050  4500926  2514769    96413    96008 2653609  2622545
          131072     256   95036   95032  2649313  2615583 2651025   93682 2602347  4668133  2619196    83828    97892 2649466  2672105
          131072     512   96735   97303  2272630  2283040 2145867   96661 2691914  4545585  2541544    99352    98741 2525571  2508653
          131072    1024   96166   96417  2687611  2697793 2529126   95671 2536958  4474040  2068658    96425    99654 2639544  2508699
          131072    2048   96346   96752  1112855  1228853 2168560   92859 2392522  4587920  2389777    99636    99038 2101088  2374582
          131072    4096   95083   97100  1616178  1634617 1634150   96343 1357385  1315627  1429575    97198   101331 1533203  1350131
          131072    8192   94117   95470  1601802  1525672 1506313   97881 1531661  1338794  1471844   115175   114804 1132480  1145012
          131072   16384   92763   95622  1468546  1464641 1365104   44282 1481391  1323103   885472    73403    76719 1441998  1463705
          262144      64   14645   14410  2468883  2455079 2354425   14624 2440252  4207629  2478248    14538    14360 2548576  2559975
          262144     128   14547   14207  2273344  2413852 2386990   14589 2562129  4510542  2573571    14506    14326 2416164  2625819
          262144     256   14540   14327  2606504  2624566 2630594   14561 2614978  4565380  2677420    14509    14340 2197573  2032550
          262144     512   14574   14235  2682607  2633637 2523576   14580 2529812  4751299  2653627    14506    14375 2545013  2628883
          262144    1024   14558   14251  2507404  2583009 2552019   14440 2558748  3614236  2696792    14551    14423 2629512  2642740
          262144    2048   14414   14331  1753190  1924036 1789954   14697 2492151  3983711  2395780    14599    14508 2295264  2374104
          262144    4096   14571   14355  1628293  1601094 1640533   14727 1598555  1458844  1575516    14924    14690 1627717  1520229
          262144    8192   14677   14346  1500237  1539913 1303809   14810 1181137  1070538  1154951    15342    15064 1464040  1287582
          262144   16384   14706   14193  1471395  1482883 1493281   14795  849825   971223  1333502    15937    15865 1483083  1499267
          524288      64   11363   11334   113595   101131  231681   14321  236305  4163257   345973    13016    11283  236268   240069
          524288     128   12207   11264   112069   109380  371604   13397  310116  4509033   396500    12104    11275  264389   264339
          524288     256   12114   11263   100433   108385  458632   13664  320007  4423999   397903    12102    11027  297016   296874
          524288     512   11958   11003   111158   111986  482637   13655  411840  4775898   440413    12001    10981  316245   300580
          524288    1024   11746   11138   111994    94627  418014   13697  448820  4812237   498853    11874    11189  320885   320458
          524288    2048   11826   11219   114402   112502  457070   13435  382472  3491761   540510    11919    11289  255203   256543
          524288    4096   12084   11234   107666   113826  466487   13517  370689  1333736   445072    12224    11370  170730   238168
          524288    8192   12479   11250   114885   110853  456028   13378  508837  1302728   392517    12211    11481  315099   301184
          524288   16384   11941   11261   117752   116347  376907   13324  469984  1315359   550013    12244    11710  299496   287193

iozone test complete.
Excel output is below:

"Writer report"
        "4"  "8"  "16"  "32"  "64"  "128"  "256"  "512"  "1024"  "2048"  "4096"  "8192"  "16384"
"64"   409946  538156  666414  1017549  799377 
"128"   515822  748976  776042  743788  895074  955616 
"256"   595594  725106  930608  944525  879535  965763  1084800 
"512"   628874  944444  733729  958781  1075998  1101383  1199171  1207261 
"1024"   658554  834491  1035229  1081363  1347311  40964  988529  1098511  1256644 
"2048"   661945  844816  767382  1124071  1282308  1139126  1113579  1276781  1165557  1130283 
"4096"   672696  790758  1003684  1009404  1068878  1114576  1145721  103988  1060825  992952  945933 
"8192"   67608  75096  973617  1046506  261531  1239537  147595  1161790  1173656  1101668  144164  69950 
"16384"   89967  157524  101089  183603  134929  121763  148370  220108  101166  110434  129751  82595  73268 
"32768"   0  0  0  0  121322  166139  1162649  1131531  953167  1027467  829715  800721  896279 
"65536"   0  0  0  0  991198  769535  1014209  1004073  1038753  963808  786406  797603  794461 
"131072"   0  0  0  0  80147  90048  95036  96735  96166  96346  95083  94117  92763 
"262144"   0  0  0  0  14645  14547  14540  14574  14558  14414  14571  14677  14706 
"524288"   0  0  0  0  11363  12207  12114  11958  11746  11826  12084  12479  11941 

"Re-writer report"
        "4"  "8"  "16"  "32"  "64"  "128"  "256"  "512"  "1024"  "2048"  "4096"  "8192"  "16384"
"64"   1066042  1452528  1679761  1947927  2052169 
"128"   978253  983630  1827299  1705404  1306873  1105114 
"256"   1600674  1805197  1361224  1430119  1497953  1826695  2533571 
"512"   1391933  1329871  1036527  2370799  1783912  1600443  2722449  2906696 
"1024"   815323  1322828  1524224  2578312  2758833  1720874  2000631  3092561  3092561 
"2048"   1089981  1290398  1678768  1814210  1956345  1978424  2235910  2128958  1943069  2174223 
"4096"   1157376  1220524  1633252  1901520  1531891  1981803  2138979  1954299  1939298  1710834  1501499 
"8192"   1141564  152446  1591922  1731945  1830585  1877601  1828150  1615803  1825722  1786238  1255893  1216842 
"16384"   325777  152185  1579619  1219321  1605490  1797254  1847357  1571923  1762634  153307  1326328  149892  168481 
"32768"   0  0  0  0  130924  498319  1857488  1856635  1490195  1159726  1233922  1243186  1257598 
"65536"   0  0  0  0  1380492  1661909  1708889  1630860  1653691  1536276  1130808  871350  1141240 
"131072"   0  0  0  0  78046  93408  95032  97303  96417  96752  97100  95470  95622 
"262144"   0  0  0  0  14410  14207  14327  14235  14251  14331  14355  14346  14193 
"524288"   0  0  0  0  11334  11264  11263  11003  11138  11219  11234  11250  11261 

"Reader report"
        "4"  "8"  "16"  "32"  "64"  "128"  "256"  "512"  "1024"  "2048"  "4096"  "8192"  "16384"
"64"   2133730  3203069  3541098  842003  4564786 
"128"   2784517  2132084  2660335  4135958  4557257  4934216 
"256"   1619994  2639446  4496299  3326279  4350555  4929815  7120034 
"512"   2337255  2638816  2460437  2722449  3742527  4296637  4305250  7211022 
"1024"   2061116  2206161  3121783  4474829  2169388  2960401  4531485  5623115  3133170 
"2048"   2094183  2476337  2255282  2576615  2273187  3334853  2837016  3513544  3038742  4493100 
"4096"   1718192  1925820  2442471  2461720  2708986  2852469  2480917  2915397  3447830  3477139  2115537 
"8192"   1628592  2086099  2283220  2479450  2634180  2631557  2686704  2705319  2901807  2814110  1438199  1555879 
"16384"   172925  1970179  179479  2103197  2223945  2429726  2713953  208450  2230658  2621399  154765  105831  137168 
"32768"   0  0  0  0  452371  2584614  2681955  2622089  2130413  1690374  1684470  1502708  1481840 
"65536"   0  0  0  0  2540747  2559103  2096819  2523440  2590870  2384875  1399056  1521614  1351675 
"131072"   0  0  0  0  1946680  2509615  2649313  2272630  2687611  1112855  1616178  1601802  1468546 
"262144"   0  0  0  0  2468883  2273344  2606504  2682607  2507404  1753190  1628293  1500237  1471395 
"524288"   0  0  0  0  113595  112069  100433  111158  111994  114402  107666  114885  117752 

"Re-Reader report"
        "4"  "8"  "16"  "32"  "64"  "128"  "256"  "512"  "1024"  "2048"  "4096"  "8192"  "16384"
"64"   2067979  3057153  3738358  4207076  4897948 
"128"   1705404  3297617  3468030  4407601  4596273  4934216 
"256"   2330140  3197509  3935921  5841722  4652146  5217259  7314033 
"512"   2572435  3239989  4882800  3762197  4195896  6319739  6821616  6909408 
"1024"   2730767  2443368  4694950  2666347  2467229  3999762  5821271  7208671  7306780 
"2048"   2611870  3743207  4128177  3127245  3189957  5800851  4900677  3407614  5503525  5119743 
"4096"   1787929  1954077  2254337  3713919  2576153  4117102  3000952  3084464  3779279  3743865  1591346 
"8192"   1702088  2013839  2135497  2888633  1908682  2721605  2856217  2949889  2422291  2904751  1727157  1437477 
"16384"   230542  99658  205143  2133031  2516661  2585401  2692051  246209  142050  2507112  1680889  137892  136908 
"32768"   0  0  0  0  301054  300439  2443020  2706353  2049406  1802411  1634003  1540004  1528869 
"65536"   0  0  0  0  2549324  2578741  2229038  2419554  2686117  2224420  1502698  1575648  1345127 
"131072"   0  0  0  0  1892135  2587076  2615583  2283040  2697793  1228853  1634617  1525672  1464641 
"262144"   0  0  0  0  2455079  2413852  2624566  2633637  2583009  1924036  1601094  1539913  1482883 
"524288"   0  0  0  0  101131  109380  108385  111986  94627  112502  113826  110853  116347 

"Random read report"
        "4"  "8"  "16"  "32"  "64"  "128"  "256"  "512"  "1024"  "2048"  "4096"  "8192"  "16384"
"64"   1336792  2892445  2379626  4564786  3588436 
"128"   2132084  2409592  3124872  3759450  4557257  6727225 
"256"   2097948  2486631  4132864  5217259  3159869  5022044  6936061 
"512"   2089386  3064306  4228947  5278892  6086873  6319739  6999490  7211022 
"1024"   2132761  3335105  4215688  5226256  5593820  6776473  7113161  7257394  7369466 
"2048"   2029850  3065856  4196751  5267294  6207471  6780783  6759439  6303124  6149699  5475461 
"4096"   65028  2649249  3530734  4763181  4329816  5918366  3540193  5019235  4481152  81481  1822835 
"8192"   1418780  2014666  2365590  2669379  1734481  2994102  3165394  2643299  2733296  108769  72496  72230 
"16384"   75305  139489  1989112  156165  208694  143426  143453  2460435  142317  142502  1575997  71710  137678 
"32768"   0  0  0  0  269737  268852  2619990  2630068  2020097  2166173  1555798  1550340  1520278 
"65536"   0  0  0  0  2413669  2493476  2145274  2316911  2709763  1775894  1603480  1534406  1303629 
"131072"   0  0  0  0  1600235  2420532  2651025  2145867  2529126  2168560  1634150  1506313  1365104 
"262144"   0  0  0  0  2354425  2386990  2630594  2523576  2552019  1789954  1640533  1303809  1493281 
"524288"   0  0  0  0  231681  371604  458632  482637  418014  457070  466487  456028  376907 

"Random write report"
        "4"  "8"  "16"  "32"  "64"  "128"  "256"  "512"  "1024"  "2048"  "4096"  "8192"  "16384"
"64"   1363961  1828508  2379626  1421755  3165299 
"128"   1032829  2035099  1359835  1684006  2608629  3657016 
"256"   1376935  2102055  1802167  2034350  1267990  1855098  3994490 
"512"   1454140  1463057  1705969  1968713  2237414  3822466  2265742  2169601 
"1024"   1220575  1505523  2142335  1871603  1741810  2110750  2301937  4146499  2900425 
"2048"   1443248  1957683  2565840  1980705  2356760  2559723  3894239  3215029  2525110  2525110 
"4096"   1087622  1353618  1757206  2517637  1935802  3530734  2710696  107255  2921346  1502550  1290089 
"8192"   70214  59244  72253  1772417  39187  2069264  73015  72972  81005  1757189  1356333  71644 
"16384"   130986  135192  154014  153082  139520  1865460  1910689  140514  1817215  139261  136009  161083  135500 
"32768"   0  0  0  0  260495  283949  1779402  1908879  1633012  1668924  1343176  1344161  1254133 
"65536"   0  0  0  0  1624585  1759581  1611215  1539088  1754829  1168411  1211455  754858  1038176 
"131072"   0  0  0  0  80756  94552  93682  96661  95671  92859  96343  97881  44282 
"262144"   0  0  0  0  14624  14589  14561  14580  14440  14697  14727  14810  14795 
"524288"   0  0  0  0  14321  13397  13664  13655  13697  13435  13517  13378  13324 

"Backward read report"
        "4"  "8"  "16"  "32"  "64"  "128"  "256"  "512"  "1024"  "2048"  "4096"  "8192"  "16384"
"64"   533875  1304314  2203800  2203800  2923952 
"128"   1266785  1997245  2326073  2969325  2420455  3560017 
"256"   859127  2097948  2975955  4054829  2819657  3879045  1842366 
"512"   1580419  2597325  3325278  3941742  3415178  4375425  3905895  2942541 
"1024"   1356245  1899750  2491561  2805690  3259181  2535690  2586074  4995276  2370545 
"2048"   1666393  2267786  2767549  2306143  3219850  2972495  3224685  3319389  2868277  2734946 
"4096"   1269685  1575873  2294686  2270725  2574609  3155856  2747106  3178040  3023131  2470570  1813981 
"8192"   1304479  1393915  1904240  2328557  2432409  2023207  2532259  2284434  2471069  2117989  1739310  1481354 
"16384"   122874  1770262  240269  2068193  2136945  301341  2392172  302825  160572  505666  106750  1490408  1486089 
"32768"   0  0  0  0  431572  169862  2500262  2626499  2132099  1414973  1633905  1439395  1364824 
"65536"   0  0  0  0  2439265  2567133  2598880  2351739  2606001  2322568  1465438  1503290  1425968 
"131072"   0  0  0  0  2416426  2532050  2602347  2691914  2536958  2392522  1357385  1531661  1481391 
"262144"   0  0  0  0  2440252  2562129  2614978  2529812  2558748  2492151  1598555  1181137  849825 
"524288"   0  0  0  0  236305  310116  320007  411840  448820  382472  370689  508837  469984 

"Record rewrite report"
        "4"  "8"  "16"  "32"  "64"  "128"  "256"  "512"  "1024"  "2048"  "4096"  "8192"  "16384"
"64"   1188789  1638743  1933893  2298136  2298136 
"128"   1603529  1997245  2558895  2286447  2558895  3657016 
"256"   1561112  1868008  2783115  3236056  2819657  2458168  1532153 
"512"   1640796  2402629  2942541  3659616  3527371  4000485  3046915  2370799 
"1024"   1625154  2528227  2976816  3618930  4018473  4178773  2884840  4433259  2455943 
"2048"   1620496  2440457  3034448  3657149  4136128  4248644  3772800  3757946  3536690  2228370 
"4096"   1615134  2251973  2555461  3747131  4184286  3980686  4153935  4516494  4612286  3622300  1538752 
"8192"   72273  2367546  73927  3600968  3944043  4454894  4222236  4442798  4530672  2347970  71804  1265561 
"16384"   138861  142827  3007310  3121937  3741503  4266486  4126848  4736724  3919479  3887110  137830  136089  135673 
"32768"   0  0  0  0  280687  4414885  4690460  1805893  3704273  2132198  1384136  1387182  1070115 
"65536"   0  0  0  0  4128299  4490969  4709732  4088084  4780834  3276302  1422131  1365704  1079994 
"131072"   0  0  0  0  4132017  4500926  4668133  4545585  4474040  4587920  1315627  1338794  1323103 
"262144"   0  0  0  0  4207629  4510542  4565380  4751299  3614236  3983711  1458844  1070538  971223 
"524288"   0  0  0  0  4163257  4509033  4423999  4775898  4812237  3491761  1333736  1302728  1315359 

"Stride read report"
        "4"  "8"  "16"  "32"  "64"  "128"  "256"  "512"  "1024"  "2048"  "4096"  "8192"  "16384"
"64"   1562436  2561267  1049372  2561267  3541098 
"128"   1939522  1363288  1471662  3380677  2409592  3982553 
"256"   1260547  2242541  4070199  3717869  3245838  5540300  2065659 
"512"   1684557  2225819  3934520  4340054  4701087  5807059  4000485  2668325 
"1024"   1886400  2708381  3659010  4265934  5623115  5720477  5660167  6280976  2553783 
"2048"   1982533  2875960  3624742  4312636  4741090  5359311  6690992  5225638  2569678  2916978 
"4096"   1431082  1932101  2111377  3835814  3540193  4145915  6978564  5454263  4893426  3284363  1606224 
"8192"   1356547  1490803  2060330  2111352  2625725  2561711  2638428  6440672  4902367  4464155  1775898  196192 
"16384"   169750  284430  2040376  204398  384184  2717494  2698817  2778811  5607553  4083686  1737762  170803  125170 
"32768"   0  0  0  0  448440  386114  2479424  1102521  2208535  4222679  1418215  1005745  1327876 
"65536"   0  0  0  0  2487407  2608697  2651551  2364890  2600552  2133618  1754885  1514305  1196126 
"131072"   0  0  0  0  2453655  2514769  2619196  2541544  2068658  2389777  1429575  1471844  885472 
"262144"   0  0  0  0  2478248  2573571  2677420  2653627  2696792  2395780  1575516  1154951  1333502 
"524288"   0  0  0  0  345973  396500  397903  440413  498853  540510  445072  392517  550013 

"Fwrite report"
        "4"  "8"  "16"  "32"  "64"  "128"  "256"  "512"  "1024"  "2048"  "4096"  "8192"  "16384"
"64"   666414  1357066  1392258  1363961  2298136 
"128"   1603529  1391557  1455701  1778862  1040839  3657016 
"256"   1084800  1579483  1400278  1829808  1814348  1280084  2247235 
"512"   1372364  1190529  1518938  1809465  1924603  2875558  1528669  2065273 
"1024"   1236742  1416169  1762539  1845071  1727102  1913291  1299612  1659694  2516377 
"2048"   1489548  1977058  2293214  1642181  2252916  1901351  1434092  2060526  1523901  2553635 
"4096"   1448335  1307766  106281  1546787  1956079  1575295  2443861  1964579  2193882  1606224  1589432 
"8192"   89988  1319812  91711  154999  201555  1692864  1502800  1834299  1454577  1400791  1161987  104781 
"16384"   189728  151771  1498697  197757  237016  1569804  1767394  1677320  167600  170154  150363  130840  136105 
"32768"   0  0  0  0  256889  252310  1638307  1312294  1147066  963795  912246  788054  971074 
"65536"   0  0  0  0  1538330  1554055  1487259  1188472  1280122  953153  900640  982623  876594 
"131072"   0  0  0  0  91316  96413  83828  99352  96425  99636  97198  115175  73403 
"262144"   0  0  0  0  14538  14506  14509  14506  14551  14599  14924  15342  15937 
"524288"   0  0  0  0  13016  12104  12102  12001  11874  11919  12224  12211  12244 

"Re-Fwrite report"
        "4"  "8"  "16"  "32"  "64"  "128"  "256"  "512"  "1024"  "2048"  "4096"  "8192"  "16384"
"64"   1143223  1232453  1421755  2662899  2278628 
"128"   1471662  1254941  1266785  1802755  2985839  2511022 
"256"   711178  1790149  1673001  1652404  2034350  1369908  1924938 
"512"   1358474  1365383  2285029  1772135  1895721  1753325  1110496  2830083 
"1024"   1156798  1434138  1882266  1659694  2467229  1296083  2737730  3085895  2160657 
"2048"   1303518  1421279  1482862  1368956  1818820  1877250  1723915  1735408  2506688  2080992 
"4096"   1149939  1328600  1508619  1689135  1829435  1552658  1852515  1963457  2102849  1981574  1282002 
"8192"   1074386  151391  1482441  1600971  1690116  1782069  1544479  1598067  1798486  1200096  1561820  151653 
"16384"   147680  97033  1269390  1436689  175509  1717222  1787856  1684887  144127  193849  168596  231056  135986 
"32768"   0  0  0  0  139140  1653524  1632120  1267328  1193514  952447  1130284  1200289  1539625 
"65536"   0  0  0  0  1374438  1564635  1462787  1258444  891780  1086418  923029  1000899  900702 
"131072"   0  0  0  0  93136  96008  97892  98741  99654  99038  101331  114804  76719 
"262144"   0  0  0  0  14360  14326  14340  14375  14423  14508  14690  15064  15865 
"524288"   0  0  0  0  11283  11275  11027  10981  11189  11289  11370  11481  11710 

"Fread report"
        "4"  "8"  "16"  "32"  "64"  "128"  "256"  "512"  "1024"  "2048"  "4096"  "8192"  "16384"
"64"   1734015  2298136  3022727  3363612  1083249 
"128"   1622919  2004703  2367096  3759450  3867787  4267461 
"256"   1610276  2065659  3545976  3994490  4840911  1842366  5217259 
"512"   2097550  2381315  2150051  4485083  2910635  3762197  3122224  2275345 
"1024"   2250080  2884840  2421329  3778101  3151562  3261656  2653170  2633647  2701567 
"2048"   1823840  2275596  2446713  2921939  3043048  2656292  3025897  2560486  2840769  2484934 
"4096"   1725439  2167313  2144586  2571141  2634219  2067670  2832715  2369047  2590526  2515794  1935584 
"8192"   1514525  1714488  2127695  2231469  2474272  2645334  2274906  2614736  2369015  202958  1747448  151962 
"16384"   1685217  240438  363516  2173167  2549716  2039589  206897  2603917  243534  2474165  281511  137524  137869 
"32768"   0  0  0  0  2480721  2629011  2699178  2052742  2689881  2160045  1660656  1508382  1497681 
"65536"   0  0  0  0  2467379  2572274  2689981  2540442  2761625  1862722  1446483  1348036  1219323 
"131072"   0  0  0  0  2588513  2653609  2649466  2525571  2639544  2101088  1533203  1132480  1441998 
"262144"   0  0  0  0  2548576  2416164  2197573  2545013  2629512  2295264  1627717  1464040  1483083 
"524288"   0  0  0  0  236268  264389  297016  316245  320885  255203  170730  315099  299496 

"Re-Fread report"
        "4"  "8"  "16"  "32"  "64"  "128"  "256"  "512"  "1024"  "2048"  "4096"  "8192"  "16384"
"64"   2133730  2923952  3541098  4018152  4564786 
"128"   1684006  3124872  2420455  4012317  4444086  4759253 
"256"   1707589  3078337  3465855  4264168  3823789  2247235  3935921 
"512"   2158696  3201349  2055390  5566231  2307123  4690818  4827914  5164632 
"1024"   2716948  3804877  2632033  4736370  4654248  6650556  5169641  6317933  5363307 
"2048"   1939560  2031771  4079167  4960102  5009275  4338776  5531879  5251194  2085540  3592903 
"4096"   1703033  2775061  2164855  3889659  2723157  2838800  4051086  2395139  3338615  3061379  1639018 
"8192"   1432443  2182151  1938074  129087  2424513  2621518  128665  2674574  2655351  157869  92188  125922 
"16384"   1709533  204544  1945856  366975  208575  2315751  540762  2389012  383043  2376208  200266  232156  136641 
"32768"   0  0  0  0  2562782  2636424  2683892  2201389  2568433  1908110  1608323  1524240  1516621 
"65536"   0  0  0  0  2514530  2650069  2661049  2618413  2616195  2093609  1643536  1577393  1362523 
"131072"   0  0  0  0  2547751  2622545  2672105  2508653  2508699  2374582  1350131  1145012  1463705 
"262144"   0  0  0  0  2559975  2625819  2032550  2628883  2642740  2374104  1520229  1287582  1499267 
"524288"   0  0  0  0  240069  264339  296874  300580  320458  256543  238168  301184  287193 
