	Iozone: Performance Test of File I/O
	        Version $Revision: 3.414 $
		Compiled for 64 bit mode.
		Build: linux-AMD64 

	Contributors:William Norcott, Don Capps, Isom Crawford, Kirby Collins
	             Al Slater, Scott Rhine, Mike Wisner, Ken Goss
	             Steve Landherr, Brad Smith, Mark Kelly, Dr. Alain CYR,
	             Randy Dunlap, Mark Montague, Dan Million, Gavin Brebner,
	             Jean-Marc Zucconi, Jeff Blomberg, Benny Halevy, Dave Boone,
	             Erik Habbinga, Kris Strecker, Walter Wong, Joshua Root,
	             Fabrice Bacchella, Zhenghua Xue, Qin Li, Darren Sawyer,
	             Vangel Bojaxhi, Ben England.

	Run began: Sun Mar  3 12:02:54 2013

	Auto Mode
	Excel chart generation enabled
	Command line used: ./benchmarks/iozone3_414/src/current/iozone -a -R
	Output is in Kbytes/sec
	Time Resolution = 0.000001 seconds.
	Processor cache size set to 1024 Kbytes.
	Processor cache line size set to 32 bytes.
	File stride size set to 17 * record size.
                                                            random  random    bkwd   record   stride                                   
              KB  reclen   write rewrite    read    reread    read   write    read  rewrite     read   fwrite frewrite   fread  freread
              64       4  369844  955947  2067979  1780008 2067979 1087638 1204796  1210227  2006158  1163036   863676 1734015  2067979
              64       8  463774 1002351  3738358  1679761 2358717 1143223 2203800  2067979  1734015  1188789  1336792 1679761  2662899
              64      16  799377  818885  2133730  2278628 4018152 1679761 1638743  1562436  2133730  1421755  1363961 1518251  1828508
              64      32  647135 1768283  4018152  4897948 4988978 2772930 2801873  2278628  3203069  1526887  1143223 3363612  3791156
              64      64  801764 1734015  4564786  5860307 5860307 1991276 3541098  1690338  3541098  1734015  1828508 3022727  4018152
             128       4  551312  948860  1967960  1705404 2098744 1048974 1858934  1487977   908709   883293  1543594 2058509  2035099
             128       8  653282 1487977  3277486  2843510 3277486 2058509 1802755  2336194  2608629  1332828  1487977 2920861  3053774
             128      16  811221 1755594  3785961  3468030 3468030 2420455 2621367  2132084  2920861  1858934  1778862 3277486  3468030
             128      32  914904 2066432  4267461  3982553 3468030 3053774 2784517  2511022  3657016  2211113  2175277 3657016  4012317
             128      64  969421 2905056  3759450  4596273 5603747 1939522 4267461  1997245  3895854  1017175  1032829 3124872  4889281
             128     128  948860 2377579  6406138  4557257 6727225 2132084 3657016  2784517  4407601  2784517  1543594 2673584  4759253
             256       4  563997  917880  2187712  1673001 2081678 1099237 1610276  1286217  1430119  1012194   977189 2030503  1942349
             256       8  814795 1248819  4009406  3454704 3197509 1506359 2131261  2350543  2392442  1260547   782721 2435861  4117018
             256      16  799625 1437779  4422226  3009318 2975955 1790149 3410808  2812272  4132864  1455317  1185399 3123106  4819184
             256      32 1048775 2170027  3169196  3078337 3511189 3123106 2242541  3236056  4907284  2045979  2170027 2392442  1842366
             256      64  944525 2975955  3368013  6249745 6249745 2413957 3499745  3197509  4819184  1729594  1911233 4998665  3421677
             256     128  981656 1298662  3935921  6213578 6719046 2692393 4652146  4070199  4652146  1532153  4755158 2419396  4332998
             256     256  934659 1924938  7120034  6398720 6891544 2081678 4572895  2187712  2458168  2152625  3236056 2170027  6719046
             512       4  601568 1463057  2016784  2906696 2107844 1286838 1789859  1652157  1645826  1337324  1334001 1740536   988345
             512       8  828566 1218910  2471765  2169601 3325278 1347393 1829505  2071249  2337255  1308798  1446306 2584820  2427068
             512      16  873740 2256220  4228947  2360376 4228947 1684557 2116152  2894940  3012719  1614885  2339802 2926501  4701087
             512      32 1255246 2187279  3182373  4163357 5214798 3081897 3064306  3580298  4916336  2370799  1446306 3504346  4123387
             512      64 1130370 1783912  3659616  5744919 6174377 1992458 3556580  3628697  4827914  1992458  1426135 3437042  4650188
             512     128 1242896 1795846  3710197  5214798 6736026 2160868 1977778  3849877  3970896  1783912  2942541 3051245  2055390
             512     256  932956 1438555  5331314  6228097 7115451 2207515 3684733  3795443  3140488  1537424  1129775 3304808  4620174
             512     512 1038532  973118  7211022  6909408 6909408 2244430 2497638  2381315  2178404  2063289  3104171 1861217  2681653
            1024       4  648903 1155864  2225595  1706515 1957770 1033237 1508167  1625769  2052253  1086012  1144163 1903117  2467229
            1024       8  856970 1055584  2619192  3680961 3335105 1539522 2398343  2403712  2559871  1414304  1197769 2035716  2681328
            1024      16  997946 1264413  2061116  2767722 3908759 2432298 1389145  2827858  2146618  1689730  1270773 2110750  2077065
            1024      32  899883 1617199  2348509  1727102 2265510 1831694 2835325  3696803  4574926  2414523  2286009 3659010  2510493
            1024      64 1091809 2796556  3037876  5303701 6208343 2197132 3483896  3984917  5390231  1950656  1802483 3999762  5024495
            1024     128 1117955 1954207  4614246  5593820 6733974 2240689 2137006  4334822  5564829  1732676  2240689 2730767  5390231
            1024     256 1111877 1875690  3469823  3891053 7066349 3738636 2640123  3955557  4014717  1914144  1999700 1503415  3447541
            1024     512 1035229 1605111  4265934  5120336 7160597 2202766 2666347  3291652  4361233  1633188  3281592 3908759  5065980
            1024    1024 1131503 1907343  7008693  6963241 7319232 2281152 3866533  2472911  4232305  2311849  1899750 3063882  6874084
            2048       4  641001 1176895  1943069  2821176 2124220 1121576 1597293  1638110  1930406  1497076  1099890 1955900  2901215
            2048       8  900997 1369174  2174223  3766184 3319389 1638423 1890887  2485653  2967361  1229979  1402711 2332443  2938934
            2048      16  989417 1969352  2500850  4330028 4204968 1823840 2216296  2782790  3084572  1770096  1464907 2905140  4162181
            2048      32   78612 1926510  2386884  4188565 5225638 2392868 2868277  3458376  4180412  1492654  1612586 2556676  3142115
            2048      64 1111130 1573015  2767549  4807425 3309159 2006147 2763987  4138120  5444228  2142232  1735408 2709070  5549749
            2048     128 1101724 2174223  2553635  5836323 6732948 3276342 2476337  4221501  6298503  1870302  1853353 3260177  5785224
            2048     256 1248753 1912356  3330973  5674397 6967792 2805512 2628655  4531020  6321679  2219159  1952344 3219850  3118163
            2048     512 1289623 2572756  4697018  5735012 7059413 3702868 3507805  4521480  4864597  2275596  1647852 2540795  5238385
            2048    1024   78930 1984824  3065856  3690142 5503525 3723735 2848305  3828288  4957240  2047755  2070958 2809182  4697018
            2048    2048 1077269 1971160  5611381  6340344 6649556 3441748 2578935  2309242  3112514  2208887  2109095 2971467  4338776
            4096       4  639112 1185488  1782364  1708113 1894600   53802 1354045  1593265  1384713    78959  1138055 1602479  1932101
            4096       8  827315 1449924  2204580  2691164  108062 1305678 1768603  2287049  2445252  1723189  1311960 2112416  2610602
            4096      16  987246 1636987  1974968  2123381 3281854 1507560 2078175  3047802  3143729  1562686  1306572 2299908  2898672
            4096      32 1057886 1729783  2511380  3210107 4546375 2908979 2540722  3602551  2339050  1893765  1645611 2558505  2427973
            4096      64 1146027 2025735  2532855  2547125 4456740 2136585 1979748  4266376  3197560  2488463  1812450 2285527  2666933
            4096     128 1287189 1903205  2767462  2577699 4922872 2308872 2314159  3856480  1741531  1703877  1631236 2666519  3806915
            4096     256 1271282 1967279  2963678  4257917 5649775 3261295 2485223  4607338  6815229  2141112  1777753 2657856  3673419
            4096     512 1031216 1815707  3005151   161316 4971306 1974741 2884074  4696769  6672297  2360583  2022635 2427973  3558525
            4096    1024 1073084 1975877  3290024   110377 3908241 2498960 2836925  4315676  5963564  2302374  2010798 2696655  3447830
            4096    2048 1083301 1703877  3330202  3543113 2840208 2603876 2509913  1915727  2245498  1522119  2008917 2306082  3049966
            4096    4096 1009108 1295341  2101563  1862759 1682024   36969 1833535  1197720  1789419  1511939  1533532 1818012  1881528
            8192       4  112566 1225959  1493005  1723518 1435195   78759  150184  1607562  1300086   121973   121683 1628979  1583266
            8192       8  174822 1400848  2045367  2057246 1972452   78964 1754945  2333301  1772325   124383  1322963 1954166   128074
            8192      16  253888 1582682  2102052  2143356 2241368   72011 2137756    94113  2066526  1657264  1104644 2207527  2437413
            8192      32 1061278 1746293  2530581  2527602  108635 1749316 2287628  3531027  2483213   127122  1706993 2287628  2405839
            8192      64  121485 1976423  2503659   129303 2579403 1919023 2496202  4255705  2449751  1818379  1633859 2629745  2541625
            8192     128  189309 1837143  2335204  2691966 2829637 2103854  296586  4543252  2822895  1683821  1600300 2670002  2092451
            8192     256 1118815 1846324  2802633  2708945  209342 1977788 2823823  4620228  2858355  1816456  1586409 2465926  2797840
            8192     512 1215421 1880581  2850293  2628336 2783561   72940 2708091    95031  6254268  1866078  1892805 2654531  2794882
            8192    1024 1170139 1921599  2760083  2827541 3202568 2070262 2670209   131765  5696426  1942566  1453531 2700004  2672909
            8192    2048   85644  153532  2495295  2663379   81919 1525485 1746293  2014311  2775915  1166444  1517870 2218359  2225399
            8192    4096  144174 1359177    81395  1605985   72704 1439705 1823687    80595  1485132   121819  1776173 1583850  1609747
            8192    8192   69402 1320015    65314  1564237 1559480   71752 1277797  1333747  1534683  1169621  1277607 1191937  1589491
           16384       4   84664  166622  1725891  1661142  123066   70200  104476   138077   439802   133114   188997 1534368   198122
           16384       8   99926  226658  2077321  2052871  175982  150841  286729   142668   284666   135728   339024  292174   204953
           16384      16  251925  154137   141349   206155 2063226  137641  177903  2936252  2100497  1525072   152985  178576  2179301
           16384      32  132663 1640677   380555   245409 2354067  139613 2122556   145311   518513  1652951  1568873 2384866  1998483
           16384      64  185631  353484  2173786  2352616  204894  172496 2234648   214501   513733   197685   340221 2363540  2352053
           16384     128  186563 1608157   298444   246680 2554076  138476  208878   257278  2581807   202101   361160 2530283   246762
           16384     256  133885 1894517  2671850   158695  159194 2081789 2643483  4422158   297102   490980  1398675 2095182   237900
           16384     512  131585 1835122   391792   303688 2772309  140598 2175850   163856  2421165   172830   115358 2573685  2610941
           16384    1024  324910 1848549  2835101  2887517  210018  140689 2425181   184069  6382531   175477   198120 2441379  2666252
           16384    2048  161190  276980  2565231  2528700  177271  138558  293398  3671146  4011924   165449   186629  142037   205793
           16384    4096  109060  226890   233274   154617  138879  136973   92088   137074   352292   193123    90559  281986   199015
           16384    8192   87821  150128   153184   137955  137503  150581  153694   134170  1455063   186275   349294  350047   137672
           16384   16384   69656   96938   138283   137615  153749  135868  124609   135482   277779   148750   423316 1482051  1501185
           32768      64 1096548 1769619  2574109  2535596 2504819 1816202 2548289  4212842  1737516  1057541  1606368 2391664  2479603
           32768     128 1093103 1573341  2193169  2086207 2334903 1931602 2659947  4437693  2573868  1668620  1757468 2464308  2546448
           32768     256 1135026 1838333  2696742  2681745 2627353 1768003 2658660  4707328  2618493  1685854  1609830 2596087  2652196
           32768     512 1132351 1750328  2657786  2755678 2619790 1976009 2655219  4540913  2664278  1680844  1721908 2649844  2721789
           32768    1024 1149272 1843486  2762436  2791329 2435228 1809983 2680804  4676574  2614110  1423208  1508249 2684784  2615403
           32768    2048 1034995 1218410  1657212  1762584 1627752 1126199 1654698  2398803  3173391   906871   911085 1575235  1801821
           32768    4096  769419  887540  1201832  1084923 1350262 1267667 1470064  1208171  1372882   745606   897972 1525661  1479909
           32768    8192  756489  933613  1318058  1469089 1243658 1056452 1223410   876525  1399570   987676   964789 1588195  1514014
           32768   16384  876083 1222877  1469089  1444281 1517592 1298041 1462415  1338832  1501953  1073860  1394684  938727  1492979
           65536      64  896524 1235640  2132558  2255967 2306626 1335747 2055964  4013706  2056671  1379411  1172483 2159634  2457211
           65536     128  933096 1499477  2254098  2063929 2124893 1493221 2604149  4543225  2475289  1411651  1400011 2645580  2462913
           65536     256 1034718 1537066  2709336  2715411 2286670 1704977 2364972  4571104  2669811  1389888  1358006 2563112  2654906
           65536     512  984792 1672558  2600528  2307284 2476984 1711655 2678317  4675445  2508655  1475871  1469025 2292028  2293156
           65536    1024  915625 1395299  2235201  2162200 2195303 1520697 2644714  4508870  2642070  1286256  1002111 2114139  2441453
           65536    2048  904841 1463542  2299602  2292333 1953092 1251044 2268310  3466574  2266495   937769   920617 2332660  2387029
           65536    4096  831877 1161327  1622504  1607418 1623261 1246381 1639224  1399540  1731047   917832   935732 1212754  1242055
           65536    8192  715833 1128765  1533507  1477569 1536130 1198206 1488676  1336377  1525795  1016831  1002509  835183   975848
           65536   16384  442070 1135273  1467347  1501057 1466783 1169385 1456478  1296332  1483222  1182083  1099450 1495471  1473616
          131072      64   84938   90556  2546170  2556803 2495851   92608 2177347  3861653  1875193    87008    91181 2542860  2600168
          131072     128   91082   93416  2626529  2614326 2608967   95638 2156718  4580046  2410302    96157    86374 2360938  2498710
          131072     256   93665   97000  2657637  2672872 2617039   95287 2395316  4556170  2651562    97300    97877 2566376  2632554
          131072     512   92877   98174  2446558  2375311 2193234   98715 2679477  4721941  2659141    97838    93943 2663044  2573572
          131072    1024   93741   97586  2686180  2685458 2698733   97158 2145557  4389274  2174823    97839    98179 2387504  2604505
          131072    2048   95905   95915  2339189  2302422 2176873   93142 2398702  4099846  2442916    98971    88819 2303908  2316177
          131072    4096   95405   96528  1611644  1632176 1645084   95242 1646178  1459597  1618772   103285    98918 1266555  1427192
          131072    8192   92114   94947  1117951  1138696 1168252   94992 1455547  1187965  1529054   109006   113537 1373761  1416488
          131072   16384   95918   39891  1469283  1479700 1487982   41246 1479553  1320890  1427085    66502    57877  871362  1414745
          262144      64   13760   13745  2614045  2554860 2479863   14113 2269332  4198006  2492879    14052    13835 2551652  2629669
          262144     128   14091   13743  2558653  2232593 2181242   14077 2569860  4416546  1974258    14132    13820 2258833  2475648
          262144     256   13888   13748  2321604  2265353 2200414   14094 2671916  4698008  2698672    14094    13835 2647200  2544937
          262144     512   14085   13743  2601748  2628908 2681671   14453 2589207  4718370  2678059    14477    14312 2646155  2328325
          262144    1024   14522   14235  2676520  2634716 2659147   14389 2312615  3983711  2156641    14519    14369 2597409  2395847
          262144    2048   14519   14177  1748888  1706998 1945309   14638 2388379  3909850  2334668    14602    14457 2278465  2243197
          262144    4096   14529   14286  1462873  1370559 1457384   14654 1614107  1351542  1614514    14928    14631 1625559  1618721
          262144    8192   14605   14290  1483277  1497693 1461854   14732 1389446  1263850  1371347    14812    14983 1154011  1163052
          262144   16384   14714   14275  1441413  1468131 1467926   14762 1372610  1233374  1460373    15871    15394 1492677  1448510
          524288      64   11359   11253   110290   111213  267839   13762  240992  4092547   340934    12812    11018  244885   242487
          524288     128   12350   11210   111575   111258  373130   14007  313891  3974953   389741    12573    11029  264138   265990
          524288     256   12205   11250   102832    96707  427579   14057  355388  4587952   371821    12102    10994  291437   297925
          524288     512   12052   11261   111500   110991  460461   13549  415307  4683308   447077    11912    11293  316035   312024
          524288    1024   12087   11264   104722   109452  401379   13718  428275  3743522   436266    11891    11031  310366   322437
          524288    2048   11884   11268   112043   111773  482150   13469  416684  3802993   545237    12011    11282  311001   291612
          524288    4096   11930   11228    93792   107010  487835   13744  305780  1291579   472928    12481    11375  295888   292129
          524288    8192   11957   11262   114455   114305  533365   13463  509401  1303871   377313    12278    11477  339060   335162
          524288   16384   11979   11262   115040   116417  400491   13535  523529  1302038   596772    12213    11708  294379   281863

iozone test complete.
Excel output is below:

"Writer report"
        "4"  "8"  "16"  "32"  "64"  "128"  "256"  "512"  "1024"  "2048"  "4096"  "8192"  "16384"
"64"   369844  463774  799377  647135  801764 
"128"   551312  653282  811221  914904  969421  948860 
"256"   563997  814795  799625  1048775  944525  981656  934659 
"512"   601568  828566  873740  1255246  1130370  1242896  932956  1038532 
"1024"   648903  856970  997946  899883  1091809  1117955  1111877  1035229  1131503 
"2048"   641001  900997  989417  78612  1111130  1101724  1248753  1289623  78930  1077269 
"4096"   639112  827315  987246  1057886  1146027  1287189  1271282  1031216  1073084  1083301  1009108 
"8192"   112566  174822  253888  1061278  121485  189309  1118815  1215421  1170139  85644  144174  69402 
"16384"   84664  99926  251925  132663  185631  186563  133885  131585  324910  161190  109060  87821  69656 
"32768"   0  0  0  0  1096548  1093103  1135026  1132351  1149272  1034995  769419  756489  876083 
"65536"   0  0  0  0  896524  933096  1034718  984792  915625  904841  831877  715833  442070 
"131072"   0  0  0  0  84938  91082  93665  92877  93741  95905  95405  92114  95918 
"262144"   0  0  0  0  13760  14091  13888  14085  14522  14519  14529  14605  14714 
"524288"   0  0  0  0  11359  12350  12205  12052  12087  11884  11930  11957  11979 

"Re-writer report"
        "4"  "8"  "16"  "32"  "64"  "128"  "256"  "512"  "1024"  "2048"  "4096"  "8192"  "16384"
"64"   955947  1002351  818885  1768283  1734015 
"128"   948860  1487977  1755594  2066432  2905056  2377579 
"256"   917880  1248819  1437779  2170027  2975955  1298662  1924938 
"512"   1463057  1218910  2256220  2187279  1783912  1795846  1438555  973118 
"1024"   1155864  1055584  1264413  1617199  2796556  1954207  1875690  1605111  1907343 
"2048"   1176895  1369174  1969352  1926510  1573015  2174223  1912356  2572756  1984824  1971160 
"4096"   1185488  1449924  1636987  1729783  2025735  1903205  1967279  1815707  1975877  1703877  1295341 
"8192"   1225959  1400848  1582682  1746293  1976423  1837143  1846324  1880581  1921599  153532  1359177  1320015 
"16384"   166622  226658  154137  1640677  353484  1608157  1894517  1835122  1848549  276980  226890  150128  96938 
"32768"   0  0  0  0  1769619  1573341  1838333  1750328  1843486  1218410  887540  933613  1222877 
"65536"   0  0  0  0  1235640  1499477  1537066  1672558  1395299  1463542  1161327  1128765  1135273 
"131072"   0  0  0  0  90556  93416  97000  98174  97586  95915  96528  94947  39891 
"262144"   0  0  0  0  13745  13743  13748  13743  14235  14177  14286  14290  14275 
"524288"   0  0  0  0  11253  11210  11250  11261  11264  11268  11228  11262  11262 

"Reader report"
        "4"  "8"  "16"  "32"  "64"  "128"  "256"  "512"  "1024"  "2048"  "4096"  "8192"  "16384"
"64"   2067979  3738358  2133730  4018152  4564786 
"128"   1967960  3277486  3785961  4267461  3759450  6406138 
"256"   2187712  4009406  4422226  3169196  3368013  3935921  7120034 
"512"   2016784  2471765  4228947  3182373  3659616  3710197  5331314  7211022 
"1024"   2225595  2619192  2061116  2348509  3037876  4614246  3469823  4265934  7008693 
"2048"   1943069  2174223  2500850  2386884  2767549  2553635  3330973  4697018  3065856  5611381 
"4096"   1782364  2204580  1974968  2511380  2532855  2767462  2963678  3005151  3290024  3330202  2101563 
"8192"   1493005  2045367  2102052  2530581  2503659  2335204  2802633  2850293  2760083  2495295  81395  65314 
"16384"   1725891  2077321  141349  380555  2173786  298444  2671850  391792  2835101  2565231  233274  153184  138283 
"32768"   0  0  0  0  2574109  2193169  2696742  2657786  2762436  1657212  1201832  1318058  1469089 
"65536"   0  0  0  0  2132558  2254098  2709336  2600528  2235201  2299602  1622504  1533507  1467347 
"131072"   0  0  0  0  2546170  2626529  2657637  2446558  2686180  2339189  1611644  1117951  1469283 
"262144"   0  0  0  0  2614045  2558653  2321604  2601748  2676520  1748888  1462873  1483277  1441413 
"524288"   0  0  0  0  110290  111575  102832  111500  104722  112043  93792  114455  115040 

"Re-Reader report"
        "4"  "8"  "16"  "32"  "64"  "128"  "256"  "512"  "1024"  "2048"  "4096"  "8192"  "16384"
"64"   1780008  1679761  2278628  4897948  5860307 
"128"   1705404  2843510  3468030  3982553  4596273  4557257 
"256"   1673001  3454704  3009318  3078337  6249745  6213578  6398720 
"512"   2906696  2169601  2360376  4163357  5744919  5214798  6228097  6909408 
"1024"   1706515  3680961  2767722  1727102  5303701  5593820  3891053  5120336  6963241 
"2048"   2821176  3766184  4330028  4188565  4807425  5836323  5674397  5735012  3690142  6340344 
"4096"   1708113  2691164  2123381  3210107  2547125  2577699  4257917  161316  110377  3543113  1862759 
"8192"   1723518  2057246  2143356  2527602  129303  2691966  2708945  2628336  2827541  2663379  1605985  1564237 
"16384"   1661142  2052871  206155  245409  2352616  246680  158695  303688  2887517  2528700  154617  137955  137615 
"32768"   0  0  0  0  2535596  2086207  2681745  2755678  2791329  1762584  1084923  1469089  1444281 
"65536"   0  0  0  0  2255967  2063929  2715411  2307284  2162200  2292333  1607418  1477569  1501057 
"131072"   0  0  0  0  2556803  2614326  2672872  2375311  2685458  2302422  1632176  1138696  1479700 
"262144"   0  0  0  0  2554860  2232593  2265353  2628908  2634716  1706998  1370559  1497693  1468131 
"524288"   0  0  0  0  111213  111258  96707  110991  109452  111773  107010  114305  116417 

"Random read report"
        "4"  "8"  "16"  "32"  "64"  "128"  "256"  "512"  "1024"  "2048"  "4096"  "8192"  "16384"
"64"   2067979  2358717  4018152  4988978  5860307 
"128"   2098744  3277486  3468030  3468030  5603747  6727225 
"256"   2081678  3197509  2975955  3511189  6249745  6719046  6891544 
"512"   2107844  3325278  4228947  5214798  6174377  6736026  7115451  6909408 
"1024"   1957770  3335105  3908759  2265510  6208343  6733974  7066349  7160597  7319232 
"2048"   2124220  3319389  4204968  5225638  3309159  6732948  6967792  7059413  5503525  6649556 
"4096"   1894600  108062  3281854  4546375  4456740  4922872  5649775  4971306  3908241  2840208  1682024 
"8192"   1435195  1972452  2241368  108635  2579403  2829637  209342  2783561  3202568  81919  72704  1559480 
"16384"   123066  175982  2063226  2354067  204894  2554076  159194  2772309  210018  177271  138879  137503  153749 
"32768"   0  0  0  0  2504819  2334903  2627353  2619790  2435228  1627752  1350262  1243658  1517592 
"65536"   0  0  0  0  2306626  2124893  2286670  2476984  2195303  1953092  1623261  1536130  1466783 
"131072"   0  0  0  0  2495851  2608967  2617039  2193234  2698733  2176873  1645084  1168252  1487982 
"262144"   0  0  0  0  2479863  2181242  2200414  2681671  2659147  1945309  1457384  1461854  1467926 
"524288"   0  0  0  0  267839  373130  427579  460461  401379  482150  487835  533365  400491 

"Random write report"
        "4"  "8"  "16"  "32"  "64"  "128"  "256"  "512"  "1024"  "2048"  "4096"  "8192"  "16384"
"64"   1087638  1143223  1679761  2772930  1991276 
"128"   1048974  2058509  2420455  3053774  1939522  2132084 
"256"   1099237  1506359  1790149  3123106  2413957  2692393  2081678 
"512"   1286838  1347393  1684557  3081897  1992458  2160868  2207515  2244430 
"1024"   1033237  1539522  2432298  1831694  2197132  2240689  3738636  2202766  2281152 
"2048"   1121576  1638423  1823840  2392868  2006147  3276342  2805512  3702868  3723735  3441748 
"4096"   53802  1305678  1507560  2908979  2136585  2308872  3261295  1974741  2498960  2603876  36969 
"8192"   78759  78964  72011  1749316  1919023  2103854  1977788  72940  2070262  1525485  1439705  71752 
"16384"   70200  150841  137641  139613  172496  138476  2081789  140598  140689  138558  136973  150581  135868 
"32768"   0  0  0  0  1816202  1931602  1768003  1976009  1809983  1126199  1267667  1056452  1298041 
"65536"   0  0  0  0  1335747  1493221  1704977  1711655  1520697  1251044  1246381  1198206  1169385 
"131072"   0  0  0  0  92608  95638  95287  98715  97158  93142  95242  94992  41246 
"262144"   0  0  0  0  14113  14077  14094  14453  14389  14638  14654  14732  14762 
"524288"   0  0  0  0  13762  14007  14057  13549  13718  13469  13744  13463  13535 

"Backward read report"
        "4"  "8"  "16"  "32"  "64"  "128"  "256"  "512"  "1024"  "2048"  "4096"  "8192"  "16384"
"64"   1204796  2203800  1638743  2801873  3541098 
"128"   1858934  1802755  2621367  2784517  4267461  3657016 
"256"   1610276  2131261  3410808  2242541  3499745  4652146  4572895 
"512"   1789859  1829505  2116152  3064306  3556580  1977778  3684733  2497638 
"1024"   1508167  2398343  1389145  2835325  3483896  2137006  2640123  2666347  3866533 
"2048"   1597293  1890887  2216296  2868277  2763987  2476337  2628655  3507805  2848305  2578935 
"4096"   1354045  1768603  2078175  2540722  1979748  2314159  2485223  2884074  2836925  2509913  1833535 
"8192"   150184  1754945  2137756  2287628  2496202  296586  2823823  2708091  2670209  1746293  1823687  1277797 
"16384"   104476  286729  177903  2122556  2234648  208878  2643483  2175850  2425181  293398  92088  153694  124609 
"32768"   0  0  0  0  2548289  2659947  2658660  2655219  2680804  1654698  1470064  1223410  1462415 
"65536"   0  0  0  0  2055964  2604149  2364972  2678317  2644714  2268310  1639224  1488676  1456478 
"131072"   0  0  0  0  2177347  2156718  2395316  2679477  2145557  2398702  1646178  1455547  1479553 
"262144"   0  0  0  0  2269332  2569860  2671916  2589207  2312615  2388379  1614107  1389446  1372610 
"524288"   0  0  0  0  240992  313891  355388  415307  428275  416684  305780  509401  523529 

"Record rewrite report"
        "4"  "8"  "16"  "32"  "64"  "128"  "256"  "512"  "1024"  "2048"  "4096"  "8192"  "16384"
"64"   1210227  2067979  1562436  2278628  1690338 
"128"   1487977  2336194  2132084  2511022  1997245  2784517 
"256"   1286217  2350543  2812272  3236056  3197509  4070199  2187712 
"512"   1652157  2071249  2894940  3580298  3628697  3849877  3795443  2381315 
"1024"   1625769  2403712  2827858  3696803  3984917  4334822  3955557  3291652  2472911 
"2048"   1638110  2485653  2782790  3458376  4138120  4221501  4531020  4521480  3828288  2309242 
"4096"   1593265  2287049  3047802  3602551  4266376  3856480  4607338  4696769  4315676  1915727  1197720 
"8192"   1607562  2333301  94113  3531027  4255705  4543252  4620228  95031  131765  2014311  80595  1333747 
"16384"   138077  142668  2936252  145311  214501  257278  4422158  163856  184069  3671146  137074  134170  135482 
"32768"   0  0  0  0  4212842  4437693  4707328  4540913  4676574  2398803  1208171  876525  1338832 
"65536"   0  0  0  0  4013706  4543225  4571104  4675445  4508870  3466574  1399540  1336377  1296332 
"131072"   0  0  0  0  3861653  4580046  4556170  4721941  4389274  4099846  1459597  1187965  1320890 
"262144"   0  0  0  0  4198006  4416546  4698008  4718370  3983711  3909850  1351542  1263850  1233374 
"524288"   0  0  0  0  4092547  3974953  4587952  4683308  3743522  3802993  1291579  1303871  1302038 

"Stride read report"
        "4"  "8"  "16"  "32"  "64"  "128"  "256"  "512"  "1024"  "2048"  "4096"  "8192"  "16384"
"64"   2006158  1734015  2133730  3203069  3541098 
"128"   908709  2608629  2920861  3657016  3895854  4407601 
"256"   1430119  2392442  4132864  4907284  4819184  4652146  2458168 
"512"   1645826  2337255  3012719  4916336  4827914  3970896  3140488  2178404 
"1024"   2052253  2559871  2146618  4574926  5390231  5564829  4014717  4361233  4232305 
"2048"   1930406  2967361  3084572  4180412  5444228  6298503  6321679  4864597  4957240  3112514 
"4096"   1384713  2445252  3143729  2339050  3197560  1741531  6815229  6672297  5963564  2245498  1789419 
"8192"   1300086  1772325  2066526  2483213  2449751  2822895  2858355  6254268  5696426  2775915  1485132  1534683 
"16384"   439802  284666  2100497  518513  513733  2581807  297102  2421165  6382531  4011924  352292  1455063  277779 
"32768"   0  0  0  0  1737516  2573868  2618493  2664278  2614110  3173391  1372882  1399570  1501953 
"65536"   0  0  0  0  2056671  2475289  2669811  2508655  2642070  2266495  1731047  1525795  1483222 
"131072"   0  0  0  0  1875193  2410302  2651562  2659141  2174823  2442916  1618772  1529054  1427085 
"262144"   0  0  0  0  2492879  1974258  2698672  2678059  2156641  2334668  1614514  1371347  1460373 
"524288"   0  0  0  0  340934  389741  371821  447077  436266  545237  472928  377313  596772 

"Fwrite report"
        "4"  "8"  "16"  "32"  "64"  "128"  "256"  "512"  "1024"  "2048"  "4096"  "8192"  "16384"
"64"   1163036  1188789  1421755  1526887  1734015 
"128"   883293  1332828  1858934  2211113  1017175  2784517 
"256"   1012194  1260547  1455317  2045979  1729594  1532153  2152625 
"512"   1337324  1308798  1614885  2370799  1992458  1783912  1537424  2063289 
"1024"   1086012  1414304  1689730  2414523  1950656  1732676  1914144  1633188  2311849 
"2048"   1497076  1229979  1770096  1492654  2142232  1870302  2219159  2275596  2047755  2208887 
"4096"   78959  1723189  1562686  1893765  2488463  1703877  2141112  2360583  2302374  1522119  1511939 
"8192"   121973  124383  1657264  127122  1818379  1683821  1816456  1866078  1942566  1166444  121819  1169621 
"16384"   133114  135728  1525072  1652951  197685  202101  490980  172830  175477  165449  193123  186275  148750 
"32768"   0  0  0  0  1057541  1668620  1685854  1680844  1423208  906871  745606  987676  1073860 
"65536"   0  0  0  0  1379411  1411651  1389888  1475871  1286256  937769  917832  1016831  1182083 
"131072"   0  0  0  0  87008  96157  97300  97838  97839  98971  103285  109006  66502 
"262144"   0  0  0  0  14052  14132  14094  14477  14519  14602  14928  14812  15871 
"524288"   0  0  0  0  12812  12573  12102  11912  11891  12011  12481  12278  12213 

"Re-Fwrite report"
        "4"  "8"  "16"  "32"  "64"  "128"  "256"  "512"  "1024"  "2048"  "4096"  "8192"  "16384"
"64"   863676  1336792  1363961  1143223  1828508 
"128"   1543594  1487977  1778862  2175277  1032829  1543594 
"256"   977189  782721  1185399  2170027  1911233  4755158  3236056 
"512"   1334001  1446306  2339802  1446306  1426135  2942541  1129775  3104171 
"1024"   1144163  1197769  1270773  2286009  1802483  2240689  1999700  3281592  1899750 
"2048"   1099890  1402711  1464907  1612586  1735408  1853353  1952344  1647852  2070958  2109095 
"4096"   1138055  1311960  1306572  1645611  1812450  1631236  1777753  2022635  2010798  2008917  1533532 
"8192"   121683  1322963  1104644  1706993  1633859  1600300  1586409  1892805  1453531  1517870  1776173  1277607 
"16384"   188997  339024  152985  1568873  340221  361160  1398675  115358  198120  186629  90559  349294  423316 
"32768"   0  0  0  0  1606368  1757468  1609830  1721908  1508249  911085  897972  964789  1394684 
"65536"   0  0  0  0  1172483  1400011  1358006  1469025  1002111  920617  935732  1002509  1099450 
"131072"   0  0  0  0  91181  86374  97877  93943  98179  88819  98918  113537  57877 
"262144"   0  0  0  0  13835  13820  13835  14312  14369  14457  14631  14983  15394 
"524288"   0  0  0  0  11018  11029  10994  11293  11031  11282  11375  11477  11708 

"Fread report"
        "4"  "8"  "16"  "32"  "64"  "128"  "256"  "512"  "1024"  "2048"  "4096"  "8192"  "16384"
"64"   1734015  1679761  1518251  3363612  3022727 
"128"   2058509  2920861  3277486  3657016  3124872  2673584 
"256"   2030503  2435861  3123106  2392442  4998665  2419396  2170027 
"512"   1740536  2584820  2926501  3504346  3437042  3051245  3304808  1861217 
"1024"   1903117  2035716  2110750  3659010  3999762  2730767  1503415  3908759  3063882 
"2048"   1955900  2332443  2905140  2556676  2709070  3260177  3219850  2540795  2809182  2971467 
"4096"   1602479  2112416  2299908  2558505  2285527  2666519  2657856  2427973  2696655  2306082  1818012 
"8192"   1628979  1954166  2207527  2287628  2629745  2670002  2465926  2654531  2700004  2218359  1583850  1191937 
"16384"   1534368  292174  178576  2384866  2363540  2530283  2095182  2573685  2441379  142037  281986  350047  1482051 
"32768"   0  0  0  0  2391664  2464308  2596087  2649844  2684784  1575235  1525661  1588195  938727 
"65536"   0  0  0  0  2159634  2645580  2563112  2292028  2114139  2332660  1212754  835183  1495471 
"131072"   0  0  0  0  2542860  2360938  2566376  2663044  2387504  2303908  1266555  1373761  871362 
"262144"   0  0  0  0  2551652  2258833  2647200  2646155  2597409  2278465  1625559  1154011  1492677 
"524288"   0  0  0  0  244885  264138  291437  316035  310366  311001  295888  339060  294379 

"Re-Fread report"
        "4"  "8"  "16"  "32"  "64"  "128"  "256"  "512"  "1024"  "2048"  "4096"  "8192"  "16384"
"64"   2067979  2662899  1828508  3791156  4018152 
"128"   2035099  3053774  3468030  4012317  4889281  4759253 
"256"   1942349  4117018  4819184  1842366  3421677  4332998  6719046 
"512"   988345  2427068  4701087  4123387  4650188  2055390  4620174  2681653 
"1024"   2467229  2681328  2077065  2510493  5024495  5390231  3447541  5065980  6874084 
"2048"   2901215  2938934  4162181  3142115  5549749  5785224  3118163  5238385  4697018  4338776 
"4096"   1932101  2610602  2898672  2427973  2666933  3806915  3673419  3558525  3447830  3049966  1881528 
"8192"   1583266  128074  2437413  2405839  2541625  2092451  2797840  2794882  2672909  2225399  1609747  1589491 
"16384"   198122  204953  2179301  1998483  2352053  246762  237900  2610941  2666252  205793  199015  137672  1501185 
"32768"   0  0  0  0  2479603  2546448  2652196  2721789  2615403  1801821  1479909  1514014  1492979 
"65536"   0  0  0  0  2457211  2462913  2654906  2293156  2441453  2387029  1242055  975848  1473616 
"131072"   0  0  0  0  2600168  2498710  2632554  2573572  2604505  2316177  1427192  1416488  1414745 
"262144"   0  0  0  0  2629669  2475648  2544937  2328325  2395847  2243197  1618721  1163052  1448510 
"524288"   0  0  0  0  242487  265990  297925  312024  322437  291612  292129  335162  281863 
