	Iozone: Performance Test of File I/O
	        Version $Revision: 3.414 $
		Compiled for 64 bit mode.
		Build: linux-AMD64 

	Contributors:William Norcott, Don Capps, Isom Crawford, Kirby Collins
	             Al Slater, Scott Rhine, Mike Wisner, Ken Goss
	             Steve Landherr, Brad Smith, Mark Kelly, Dr. Alain CYR,
	             Randy Dunlap, Mark Montague, Dan Million, Gavin Brebner,
	             Jean-Marc Zucconi, Jeff Blomberg, Benny Halevy, Dave Boone,
	             Erik Habbinga, Kris Strecker, Walter Wong, Joshua Root,
	             Fabrice Bacchella, Zhenghua Xue, Qin Li, Darren Sawyer,
	             Vangel Bojaxhi, Ben England.

	Run began: Sat Mar  2 21:03:13 2013

	Auto Mode
	Excel chart generation enabled
	Command line used: ./benchmarks/iozone3_414/src/current/iozone -a -R
	Output is in Kbytes/sec
	Time Resolution = 0.000001 seconds.
	Processor cache size set to 1024 Kbytes.
	Processor cache line size set to 32 bytes.
	File stride size set to 17 * record size.
                                                            random  random    bkwd   record   stride                                   
              KB  reclen   write rewrite    read    reread    read   write    read  rewrite     read   fwrite frewrite   fread  freread
              64       4  454354 1484662  1991276  2203800 2067979 1330167 1033216  1526887  2006158  1304314  1143223 2203800  1421755
              64       8  577521 1101022  2923952  2892445 2006158 1421755  821391  2067979  2358717  1105556  1452528 2561267  2561267
              64      16  821391 2133730  3203069  4643754 3958892 2358717 2203800  2662899  2662899  1947927  1780008 3363612  3203069
              64      32  673098 1421755  4018152  3203069 5389653 1679761 1255511  2358717  3588436  1049372  2067979 3203069  3541098
              64      64  620221 1947927  4564786  4274062 3363612 3203069 1484662  1562436  3541098  1734015  1599680 3738358  4897948
             128       4  542400  914904  2058509  2211113 2132084 1121270 1229084  1579934  1421023  1206978   940549 2714132  2166499
             128       8  666253 1346196  3199360  3199360 2558895 1471662 2132084  2248149  2621367   992724  1102844 2784517  3036502
             128      16  761728 1642783  1471662  3657016 3053774 1755594 2098744  2608629  3359523  1229084  1684006 2066432  2420455
             128      32  921183 2660335  3657016  4135958 3895854 2985839 1885042  1967960  3536566  1749872  1007629 2673584  3867787
             128      64  992724 2132084  4759253  4407601 4267461 2673584 3359523  2673584  3657016  1278855  2905056 4135958  3867787
             128     128  985435 1579934  4135958  4889281 6406138 2211113 3657016  1658003  4135958  1911894  1705404 2608629  6406138
             256       4  606700 1084800  2261434  2205688 2152625 1143731 1610276  1629830  1729594  1084800  1053922 2148318  2118645
             256       8  839644 1306564  4332998  3197509 3368013 1514860 2242541  2413957  2187712  1178892  1237306 3935921  3197509
             256      16  861885 1453348  2533571  4132864 4009406 1642294 1952947  2665657  3823789  1361224  1262029 2775920  4264168
             256      32  907792 1619994  3454704  4332998 3935921 1985448 2812272  3123106  3705040  1652404  1696795 3197509  4197489
             256      64 1012194 2015259  3557725  4672389 6107548 2000242 3078337  3326279  4350555  1610276  2458168 2699161  2665657
             256     128 1032636 3275543  6398720  4572895 6554972 3770085 2943325  4009406  4652146  1570244  3159869 3368013  4264168
             256     256  406442 1662639  7120034  5971678 7120034 3810220 3605511  3935921  4572895  3823789  2692393 5117791  5117791
             512       4  682649 1488408  2509312  2600470 2132967 1471074 1938502  1642050  1605228  1537424  1454140 2796910  2524058
             512       8  986529 1306409  3064306  3504346 3366987 1524329 2638816  2225819  2275345  1501940  1383861 3346002  3220553
             512      16  966113 1520013  3877684  3877684 4237291 1795846 2979282  2922519  3580298  1479181  2047551 3459188  3580298
             512      32 1394645 2452009  5331314  5439343 5384786 3244885 2975154  3604335  5227492  2463259  2097550 2739816  4296637
             512      64 1108203 1667552  3934520  3029721 6104175 2081286 3481620  3653390  4660280  1895721  1463057 4131319  4660280
             512     128 1024169 2782414  6086873  6843354 6652558 3736016 4195896  4228947  4916336  2600470  3081897 2708713  4784885
             512     256 1193838 1789859  6491676  6395018 7022379 4000485 2275345  2722449  5886650  1514652  3533174 4411377  6909408
             512     512 1137555 1968713  7211022  7211022 7309196 2317080 3481620  2427068  4973263  2189509  2039772 6018636  5344582
            1024       4  653544 1189476  2353657  2867506 2160657 1127937 1889720  1617199  2106609  1224752  1119120 2251260  2645000
            1024       8  990352 2028027  3085895  3594699 3345496 2111788 2375790  2410457  3040026  1695735  1408275 3281592  3818408
            1024      16  966071 1622698  3655895  3951918 4232305 2432298 2908281  2960401  3210456  2073055  1206178 3794792  3643490
            1024      32 1220575 2437821  4162573  5885083 5336651 3037876 3849207  3671521  4609294  2559871  2491561 4300102  4876180
            1024      64 1570483 2710090  4832290  5356618 6244448 3655895 5018624  4146499  5690162  2966535  2820430 3804877  5507740
            1024     128 1185209 1999700  5536137  5310258 6787181 2295784 3261656  4044965  5751117  2039583  2211841 3314514  5144870
            1024     256 1136593 1818510  3495237  5593820 7066349 2432298 2976816  3709575  6093831  2432298  3304314 2674649  6819511
            1024     512 1258117 1771262  5564829  7113161 7257394 2306882 5175871  4433259  6744549  1999700  4282950 5169641  5991815
            1024    1024 1109579 2110750  7257394  7369466 5564829 2409105 5277632  2392998  2270300  2192645  2128533 3582705  5303701
            2048       4  661333 1228571  1995892  2829540 2045804 1151341 1503627  1627866  1534244  1145354  1155212 1741389  2752473
            2048       8  911031 1607456  2925920  3357009 3330973 2074960 2381590  2473485  2955111  1950127  1768638 2124220  3828288
            2048      16  943347 1712573  2683678  4240255 3034448 1812296 2680329  2994254  2491420  1606554  2046291 3030166  3828288
            2048      32 1406616 2599225  3871422  5172149 5376082 3235617 2438378  3362265  2398213  1785550  1785179 2653011  4934459
            2048      64 1095262 2559723  3519302  5280246 6225466 3549844 4240255  4162181  4945823  2839830  2461436 2021729  2174223
            2048     128 1038082 1046939  3229534  5832361 6786139 3786104 2639154  4081105  5933071  1996356  2937929 4453499  1972971
            2048     256 1315496 1905146  3084572  2947000 3210223 2088074 2569678  4276140  6280083  2029850  2516234 2423245  2280429
            2048     512 1081337  906990  2197023  2772014 3799501 2786401 2892423  4385291  6543188  2848305  2519185 3519302  5349298
            2048    1024 1417292 2680329  5107566  6759439 6629029 3931669 3224685  4330028  5670651  1815744  3151337 2423245  4301837
            2048    2048 1214673 2005679  5596757  6780783 6895083 2411679 2585923  2896324  3047366  3131805  2107025 2452301  4559883
            4096       4  673672 1166650  1801239  2265634 1754873 1021953 1442255  1612557  1701009  1432156  1208249 1546230  1640426
            4096       8  828152 1341673  1532985  2335234 1900679 1295049 1910401  2452583  2666519  1368498  1372105 2256706  3114661
            4096      16  911408 1667656  2318218  3609363 3995498 1745956 2060478  2826656  3122019  1905105  1417737 2336505  2523554
            4096      32 1045461 1893765  2085490  3368069 3956848 2117884 2429346  3664018  3916259  2127589  1623529 2402508  2568066
            4096      64 1087346 1401316  2675239  3297602 4262142 1757206 2622157  4184286  4321103  1593117  1737129 2743596  2628979
            4096     128 1108249 1998169  2822940  3965067 5859825 2998333 3119752  4487004  2455738  2253155  1928414 2846325  3757786
            4096     256 1469142 1917651  2856738  4035859 5497899 2639481 2870580  4613524  6500617  1805024  1914873 2627371  3853020
            4096     512 1085629 1996079  2983234  3605576 5211065 3084464 2749304  4432592  6605595  1915727  1801239 2747106  3599532
            4096    1024 1080984 1997007  3330202  4087714 3568133 2675239 2758132  4526013  5696610  2243152  1328600 2714122  3016231
            4096    2048  438364 1719567  3424463  3646906 2870580 1781625 2547125  3546038  1938642  1411911  2175271 2377242  2659502
            4096    4096 1000236 1197636  2074912  2066675 1689135 1491592 1854315  1660242  1945007  1384267  1459160 1902362  1652894
            8192       4  659220 1145103  1740808  1655986 1320218  975940 1317282  1580862  1446615  1131974  1150393 1522646  1541016
            8192       8  756126 1341663  2086099  2091305 1979725 1328384 1852496  2490051  1985445  1485710  1367834 2030740  1978813
            8192      16  938923 1560968  2163737  2257419 1982581 1535232 2009834  2999591  2262920  1544757  1521297 2209799  2221945
            8192      32 1089650 1547679  2563240  2114600 2379350 1697799 2318032  3708229  2700217  1858508  1588830 2497653  2468938
            8192      64 1137144 1626357  2615532  2684185 3039661 1919452 2475698  4170981  2532259  1536674  1697799 1901500  2100510
            8192     128  992602 1905507  2603246  2553714 3014063 2064540 2632565  4334626  2937280  1835573  1764045 2565536  2567262
            8192     256 1083568 1866889  2382815  2557706 2818958 1737727 2541061  4508675  2891550  1774706  1843352 2623119  2522221
            8192     512 1167475 1891034  2541061  2793973 2886449 1974379 2621518  4416529  6687628  1915279  1886777 2760083  2763635
            8192    1024 1109136 1826984  1747448  2539371 2297264 1727157 2299878  4599816  6725591  1849604  1834299 2673533  2836645
            8192    2048 1124049 1647253  2630751  2102695 2447483 1817225 2253126  3380930  4095903  1586043  1193137 2288238  2470536
            8192    4096  932072 1399137  1647648  1858508 1664651 1407851 1772051  1551803  1861831  1167316  1737814 1830195  1798486
            8192    8192  951245 1270051  1522106  1470199 1537843 1301761 1352489  1243485  1567877  1449178  1326179 1527520  1511726
           16384       4  645569 1173131  1702755  1690108 1318111  920595 1329124  1609438  1362162  1116068  1061488 1666217  1720102
           16384       8  829326 1387660  2107519  2105904 1814001 1280316 1781229  2506289  1778555  1370475  1345256 1910901  1729888
           16384      16  812336 1278982  1947455  1757585 1647640 1265463 1512851  2683326  1803812  1266349  1338235 1776578  1672706
           16384      32  909314 1285129  1914255  1882735 2030249 1502038 1925680  3041383  1943050  1384585  1464553 2133561  2102940
           16384      64 1025728 1571168  2647761  2626107 2434460 1819669 2538133  4070623  2537852  1776027  1679205 2495640  2281916
           16384     128 1132194 1875643  2572433  2555215 2652871 1869673 2257701  4154040  1905602  1287151  1605640 2664495  2666666
           16384     256 1164385 1878669  2784103  2701895 2749460 2005131 2720183  4584108  2793951  1743007  1741152 2695113  2646843
           16384     512 1135562 1916016  2803983  2768512 2700090 1928004 2736213  4537195  2745725  1727930  1703642 2637497  2612231
           16384    1024 1148947 1847357  2892622  2826821 2738394 2009117 2374483  4443604  6737331  1803196  1495012 2746273  2742985
           16384    2048  967010 1526495  2546504  2800669 2113287 1711491 2555976  3069367  3530266  1049187   796767 2169805  2012000
           16384    4096  908761 1087784  1630092  1644328 1573291 1337818 1644486  1512551  1862023  1272941  1257106 1689069  1697833
           16384    8192  918797 1229289  1390468  1525241 1491638 1298976 1612270  1339539  1432437  1063624  1602831 1425307  1491897
           16384   16384  859737 1230389  1468622  1458182 1495989 1226699 1253666  1090373  1329021  1200197  1230940 1179231   887690
           32768      64  879205 1723549  2546259  2519466 2401443 1818918 2456907  3863161  2511180  1684119  1672783 2531532  2458973
           32768     128 1122924 1828671  2281113  2610981 2614955 1828866 2416729  4223717  2613314  1721110  1673028 1706747  1665385
           32768     256  777282 1879666  2690091  2708594 2661440 1954790 2683002  4710070  2644287  1757648  1680412 2125175  2682164
           32768     512 1141824 1316997  2706087  2640629 2645610 1950130 2511180  4619671  2633192  1800829  1625884 2211983  2730224
           32768    1024 1161814 1508100  2719581  2669090 2731797 1740024 2721142  4780850  2751320  1721735  1391719 2560585  2617894
           32768    2048 1064001 1655775  2435228  2636020 2347786 1779126 2525067  3241805  6153577  1162187  1253504 2515777  2356077
           32768    4096  902299  715254  1125157  1150359 1371840 1160470 1238257  1188920  1272785   863294   753929 1210757  1315396
           32768    8192  721571  936284  1270467  1189187 1382438 1092668 1074851  1172169  1205194   956670  1191734 1487630  1504567
           32768   16384  889038 1267573  1378375  1404189 1321657 1205099 1464674  1243849  1487840  1074893  1478032 1474970  1510454
           65536      64  993465 1358966  2251016  2368742 2361315 1511166 2144588  4040194  2519162  1237604  1438264 2545688  2567133
           65536     128  960487 1624950  2639914  2667841 2522745 1738074 2653394  4491850  2447562  1473711  1440767 2696499  2630491
           65536     256 1037342 1567213  2705309  2745791 2720895 1705422 2625415  4600020  2651040  1444795  1404417 2526154  2552023
           65536     512 1012826 1619292  2616942  2380868 2159261 1527364 2629736  4512275  2652319  1328953  1465079 2620909  2671445
           65536    1024 1002538 1622533  2239553  2475668 2519554 1597079 1685728  4572092  2143167  1153965   953183 1931287  1818579
           65536    2048  783697 1391421  1479733  1484191 1307449  909400 1560230  2553516  1848840   768760   708054 1605175  1812344
           65536    4096  693268 1048025  1050713  1317520 1343332 1060883 1622743  1485675  1698698   917462   941431 1669916  1465704
           65536    8192  757360 1072305  1363259  1511997 1478738 1179167 1474541  1337717  1380367   925755   998445 1394414  1438866
           65536   16384  799259 1104544  1483190  1513329 1474241 1219317 1501738  1297102  1470337  1141487  1176422 1429542  1502296
          131072      64   83865   83860  2564460  2601977 2447385   77267 2464689  4083129  2463065    90666    87001 2563599  2533672
          131072     128   90310   93145  2614127  2637467 2538129   92217 2485111  4498790  2498699    95875    96105 2513125  2509225
          131072     256   96718   95327  2375229  2462006 2543554   95162 2686626  4582107  2568822    98130    99048 2627747  2608075
          131072     512   95609   96447  2660493  2691585 2674016   97477 2677076  4707708  2499460    99010    94187 2194083  2263451
          131072    1024   92095   97620  2641827  2611520 2537016   97779 2722226  4654537  2698627    99345   100235 2664335  2655750
          131072    2048   92377   97361  2529906  2368699 2474228   96331 2391346  3999509  2344716   100489    96446 2387172  2428885
          131072    4096   94868   97257  1625155  1592905 1589892   95908 1593348  1466982  1588018   103582   105290 1350798  1201931
          131072    8192   90245   92022  1457763  1447427 1488982   96591 1485032  1333197  1507304   113609   107705 1335247  1377051
          131072   16384   40694   37436  1493902  1499852 1503219   38010 1501122  1321024  1471316    58318    54882 1454819  1501290
          262144      64   14235   13786  2172871  2124636 2109149   14189 2038318  3793240  2282926    14022    13844 2201630  1993277
          262144     128   14158   13766  2626145  2667210 2553317   14086 2617225  4425648  2419040    14130    13850 2452510  2414896
          262144     256   14124   13856  2554907  2607283 2588847   14324 2334589  4313200  2173412    14545    14328 2447335  2556404
          262144     512   14164   14223  2523188  2651720 2619083   14580 2693403  4644565  2564130    14503    14385 2058016  2132085
          262144    1024   14610   14344  2546422  2732175 2643966   14429 2662985  4758373  2657585    14522    14435 2577716  2627482
          262144    2048   14571   14257  2413894  2372557 2464781   14589 2135887  3317019  1820950    14690    14531 2353221  2291609
          262144    4096   14568   14342  1498264  1626304 1605380   14759 1281984  1466851  1510586    14962    14683 1604887  1633002
          262144    8192   14670   14347  1271563  1308906 1283101   14876 1426346  1367434  1529972    15218    15064 1480696  1471901
          262144   16384   14696   14348  1458300  1120321  775962   15018 1444223  1324167  1438067    16042    15871 1364195  1165529
          524288      64   11310   11268   103683   112238  265281   14179  247513  4121016   348523    12678    10998  252146   246740
          524288     128   11926   11021   108185   111630  393013   14100  325228  4296387   394938    12107    11011  268707   284433
          524288     256   12007   11224   112659   108411  462765   13392  378241  4594096   422683    11911    11298  299731   281002
          524288     512   12150   11181    89084   106323  477000   14076  413765  3964484   362415    12248    11354  297294   328011
          524288    1024   11882   11216   100318   107363  440557   13892  452248  4719057   512609    11956    11299  316784   306148
          524288    2048   11930   11126   114070   107975  496419   13410  401230  3978448   556911    11901    11347  277290   313263
          524288    4096   12001   11261   113480   113633  474714   13370  373474  1217453   516785    11994    11196  243615   255079
          524288    8192   12028   11268   108464   106756  496605   13848  447280  1300724   441017    12314    11491  334824   144864
          524288   16384   12522   11272   117344   115325  297450   13565  436711  1301990  1422959    12236    11717  305397   267885

iozone test complete.
Excel output is below:

"Writer report"
        "4"  "8"  "16"  "32"  "64"  "128"  "256"  "512"  "1024"  "2048"  "4096"  "8192"  "16384"
"64"   454354  577521  821391  673098  620221 
"128"   542400  666253  761728  921183  992724  985435 
"256"   606700  839644  861885  907792  1012194  1032636  406442 
"512"   682649  986529  966113  1394645  1108203  1024169  1193838  1137555 
"1024"   653544  990352  966071  1220575  1570483  1185209  1136593  1258117  1109579 
"2048"   661333  911031  943347  1406616  1095262  1038082  1315496  1081337  1417292  1214673 
"4096"   673672  828152  911408  1045461  1087346  1108249  1469142  1085629  1080984  438364  1000236 
"8192"   659220  756126  938923  1089650  1137144  992602  1083568  1167475  1109136  1124049  932072  951245 
"16384"   645569  829326  812336  909314  1025728  1132194  1164385  1135562  1148947  967010  908761  918797  859737 
"32768"   0  0  0  0  879205  1122924  777282  1141824  1161814  1064001  902299  721571  889038 
"65536"   0  0  0  0  993465  960487  1037342  1012826  1002538  783697  693268  757360  799259 
"131072"   0  0  0  0  83865  90310  96718  95609  92095  92377  94868  90245  40694 
"262144"   0  0  0  0  14235  14158  14124  14164  14610  14571  14568  14670  14696 
"524288"   0  0  0  0  11310  11926  12007  12150  11882  11930  12001  12028  12522 

"Re-writer report"
        "4"  "8"  "16"  "32"  "64"  "128"  "256"  "512"  "1024"  "2048"  "4096"  "8192"  "16384"
"64"   1484662  1101022  2133730  1421755  1947927 
"128"   914904  1346196  1642783  2660335  2132084  1579934 
"256"   1084800  1306564  1453348  1619994  2015259  3275543  1662639 
"512"   1488408  1306409  1520013  2452009  1667552  2782414  1789859  1968713 
"1024"   1189476  2028027  1622698  2437821  2710090  1999700  1818510  1771262  2110750 
"2048"   1228571  1607456  1712573  2599225  2559723  1046939  1905146  906990  2680329  2005679 
"4096"   1166650  1341673  1667656  1893765  1401316  1998169  1917651  1996079  1997007  1719567  1197636 
"8192"   1145103  1341663  1560968  1547679  1626357  1905507  1866889  1891034  1826984  1647253  1399137  1270051 
"16384"   1173131  1387660  1278982  1285129  1571168  1875643  1878669  1916016  1847357  1526495  1087784  1229289  1230389 
"32768"   0  0  0  0  1723549  1828671  1879666  1316997  1508100  1655775  715254  936284  1267573 
"65536"   0  0  0  0  1358966  1624950  1567213  1619292  1622533  1391421  1048025  1072305  1104544 
"131072"   0  0  0  0  83860  93145  95327  96447  97620  97361  97257  92022  37436 
"262144"   0  0  0  0  13786  13766  13856  14223  14344  14257  14342  14347  14348 
"524288"   0  0  0  0  11268  11021  11224  11181  11216  11126  11261  11268  11272 

"Reader report"
        "4"  "8"  "16"  "32"  "64"  "128"  "256"  "512"  "1024"  "2048"  "4096"  "8192"  "16384"
"64"   1991276  2923952  3203069  4018152  4564786 
"128"   2058509  3199360  1471662  3657016  4759253  4135958 
"256"   2261434  4332998  2533571  3454704  3557725  6398720  7120034 
"512"   2509312  3064306  3877684  5331314  3934520  6086873  6491676  7211022 
"1024"   2353657  3085895  3655895  4162573  4832290  5536137  3495237  5564829  7257394 
"2048"   1995892  2925920  2683678  3871422  3519302  3229534  3084572  2197023  5107566  5596757 
"4096"   1801239  1532985  2318218  2085490  2675239  2822940  2856738  2983234  3330202  3424463  2074912 
"8192"   1740808  2086099  2163737  2563240  2615532  2603246  2382815  2541061  1747448  2630751  1647648  1522106 
"16384"   1702755  2107519  1947455  1914255  2647761  2572433  2784103  2803983  2892622  2546504  1630092  1390468  1468622 
"32768"   0  0  0  0  2546259  2281113  2690091  2706087  2719581  2435228  1125157  1270467  1378375 
"65536"   0  0  0  0  2251016  2639914  2705309  2616942  2239553  1479733  1050713  1363259  1483190 
"131072"   0  0  0  0  2564460  2614127  2375229  2660493  2641827  2529906  1625155  1457763  1493902 
"262144"   0  0  0  0  2172871  2626145  2554907  2523188  2546422  2413894  1498264  1271563  1458300 
"524288"   0  0  0  0  103683  108185  112659  89084  100318  114070  113480  108464  117344 

"Re-Reader report"
        "4"  "8"  "16"  "32"  "64"  "128"  "256"  "512"  "1024"  "2048"  "4096"  "8192"  "16384"
"64"   2203800  2892445  4643754  3203069  4274062 
"128"   2211113  3199360  3657016  4135958  4407601  4889281 
"256"   2205688  3197509  4132864  4332998  4672389  4572895  5971678 
"512"   2600470  3504346  3877684  5439343  3029721  6843354  6395018  7211022 
"1024"   2867506  3594699  3951918  5885083  5356618  5310258  5593820  7113161  7369466 
"2048"   2829540  3357009  4240255  5172149  5280246  5832361  2947000  2772014  6759439  6780783 
"4096"   2265634  2335234  3609363  3368069  3297602  3965067  4035859  3605576  4087714  3646906  2066675 
"8192"   1655986  2091305  2257419  2114600  2684185  2553714  2557706  2793973  2539371  2102695  1858508  1470199 
"16384"   1690108  2105904  1757585  1882735  2626107  2555215  2701895  2768512  2826821  2800669  1644328  1525241  1458182 
"32768"   0  0  0  0  2519466  2610981  2708594  2640629  2669090  2636020  1150359  1189187  1404189 
"65536"   0  0  0  0  2368742  2667841  2745791  2380868  2475668  1484191  1317520  1511997  1513329 
"131072"   0  0  0  0  2601977  2637467  2462006  2691585  2611520  2368699  1592905  1447427  1499852 
"262144"   0  0  0  0  2124636  2667210  2607283  2651720  2732175  2372557  1626304  1308906  1120321 
"524288"   0  0  0  0  112238  111630  108411  106323  107363  107975  113633  106756  115325 

"Random read report"
        "4"  "8"  "16"  "32"  "64"  "128"  "256"  "512"  "1024"  "2048"  "4096"  "8192"  "16384"
"64"   2067979  2006158  3958892  5389653  3363612 
"128"   2132084  2558895  3053774  3895854  4267461  6406138 
"256"   2152625  3368013  4009406  3935921  6107548  6554972  7120034 
"512"   2132967  3366987  4237291  5384786  6104175  6652558  7022379  7309196 
"1024"   2160657  3345496  4232305  5336651  6244448  6787181  7066349  7257394  5564829 
"2048"   2045804  3330973  3034448  5376082  6225466  6786139  3210223  3799501  6629029  6895083 
"4096"   1754873  1900679  3995498  3956848  4262142  5859825  5497899  5211065  3568133  2870580  1689135 
"8192"   1320218  1979725  1982581  2379350  3039661  3014063  2818958  2886449  2297264  2447483  1664651  1537843 
"16384"   1318111  1814001  1647640  2030249  2434460  2652871  2749460  2700090  2738394  2113287  1573291  1491638  1495989 
"32768"   0  0  0  0  2401443  2614955  2661440  2645610  2731797  2347786  1371840  1382438  1321657 
"65536"   0  0  0  0  2361315  2522745  2720895  2159261  2519554  1307449  1343332  1478738  1474241 
"131072"   0  0  0  0  2447385  2538129  2543554  2674016  2537016  2474228  1589892  1488982  1503219 
"262144"   0  0  0  0  2109149  2553317  2588847  2619083  2643966  2464781  1605380  1283101  775962 
"524288"   0  0  0  0  265281  393013  462765  477000  440557  496419  474714  496605  297450 

"Random write report"
        "4"  "8"  "16"  "32"  "64"  "128"  "256"  "512"  "1024"  "2048"  "4096"  "8192"  "16384"
"64"   1330167  1421755  2358717  1679761  3203069 
"128"   1121270  1471662  1755594  2985839  2673584  2211113 
"256"   1143731  1514860  1642294  1985448  2000242  3770085  3810220 
"512"   1471074  1524329  1795846  3244885  2081286  3736016  4000485  2317080 
"1024"   1127937  2111788  2432298  3037876  3655895  2295784  2432298  2306882  2409105 
"2048"   1151341  2074960  1812296  3235617  3549844  3786104  2088074  2786401  3931669  2411679 
"4096"   1021953  1295049  1745956  2117884  1757206  2998333  2639481  3084464  2675239  1781625  1491592 
"8192"   975940  1328384  1535232  1697799  1919452  2064540  1737727  1974379  1727157  1817225  1407851  1301761 
"16384"   920595  1280316  1265463  1502038  1819669  1869673  2005131  1928004  2009117  1711491  1337818  1298976  1226699 
"32768"   0  0  0  0  1818918  1828866  1954790  1950130  1740024  1779126  1160470  1092668  1205099 
"65536"   0  0  0  0  1511166  1738074  1705422  1527364  1597079  909400  1060883  1179167  1219317 
"131072"   0  0  0  0  77267  92217  95162  97477  97779  96331  95908  96591  38010 
"262144"   0  0  0  0  14189  14086  14324  14580  14429  14589  14759  14876  15018 
"524288"   0  0  0  0  14179  14100  13392  14076  13892  13410  13370  13848  13565 

"Backward read report"
        "4"  "8"  "16"  "32"  "64"  "128"  "256"  "512"  "1024"  "2048"  "4096"  "8192"  "16384"
"64"   1033216  821391  2203800  1255511  1484662 
"128"   1229084  2132084  2098744  1885042  3359523  3657016 
"256"   1610276  2242541  1952947  2812272  3078337  2943325  3605511 
"512"   1938502  2638816  2979282  2975154  3481620  4195896  2275345  3481620 
"1024"   1889720  2375790  2908281  3849207  5018624  3261656  2976816  5175871  5277632 
"2048"   1503627  2381590  2680329  2438378  4240255  2639154  2569678  2892423  3224685  2585923 
"4096"   1442255  1910401  2060478  2429346  2622157  3119752  2870580  2749304  2758132  2547125  1854315 
"8192"   1317282  1852496  2009834  2318032  2475698  2632565  2541061  2621518  2299878  2253126  1772051  1352489 
"16384"   1329124  1781229  1512851  1925680  2538133  2257701  2720183  2736213  2374483  2555976  1644486  1612270  1253666 
"32768"   0  0  0  0  2456907  2416729  2683002  2511180  2721142  2525067  1238257  1074851  1464674 
"65536"   0  0  0  0  2144588  2653394  2625415  2629736  1685728  1560230  1622743  1474541  1501738 
"131072"   0  0  0  0  2464689  2485111  2686626  2677076  2722226  2391346  1593348  1485032  1501122 
"262144"   0  0  0  0  2038318  2617225  2334589  2693403  2662985  2135887  1281984  1426346  1444223 
"524288"   0  0  0  0  247513  325228  378241  413765  452248  401230  373474  447280  436711 

"Record rewrite report"
        "4"  "8"  "16"  "32"  "64"  "128"  "256"  "512"  "1024"  "2048"  "4096"  "8192"  "16384"
"64"   1526887  2067979  2662899  2358717  1562436 
"128"   1579934  2248149  2608629  1967960  2673584  1658003 
"256"   1629830  2413957  2665657  3123106  3326279  4009406  3935921 
"512"   1642050  2225819  2922519  3604335  3653390  4228947  2722449  2427068 
"1024"   1617199  2410457  2960401  3671521  4146499  4044965  3709575  4433259  2392998 
"2048"   1627866  2473485  2994254  3362265  4162181  4081105  4276140  4385291  4330028  2896324 
"4096"   1612557  2452583  2826656  3664018  4184286  4487004  4613524  4432592  4526013  3546038  1660242 
"8192"   1580862  2490051  2999591  3708229  4170981  4334626  4508675  4416529  4599816  3380930  1551803  1243485 
"16384"   1609438  2506289  2683326  3041383  4070623  4154040  4584108  4537195  4443604  3069367  1512551  1339539  1090373 
"32768"   0  0  0  0  3863161  4223717  4710070  4619671  4780850  3241805  1188920  1172169  1243849 
"65536"   0  0  0  0  4040194  4491850  4600020  4512275  4572092  2553516  1485675  1337717  1297102 
"131072"   0  0  0  0  4083129  4498790  4582107  4707708  4654537  3999509  1466982  1333197  1321024 
"262144"   0  0  0  0  3793240  4425648  4313200  4644565  4758373  3317019  1466851  1367434  1324167 
"524288"   0  0  0  0  4121016  4296387  4594096  3964484  4719057  3978448  1217453  1300724  1301990 

"Stride read report"
        "4"  "8"  "16"  "32"  "64"  "128"  "256"  "512"  "1024"  "2048"  "4096"  "8192"  "16384"
"64"   2006158  2358717  2662899  3588436  3541098 
"128"   1421023  2621367  3359523  3536566  3657016  4135958 
"256"   1729594  2187712  3823789  3705040  4350555  4652146  4572895 
"512"   1605228  2275345  3580298  5227492  4660280  4916336  5886650  4973263 
"1024"   2106609  3040026  3210456  4609294  5690162  5751117  6093831  6744549  2270300 
"2048"   1534244  2955111  2491420  2398213  4945823  5933071  6280083  6543188  5670651  3047366 
"4096"   1701009  2666519  3122019  3916259  4321103  2455738  6500617  6605595  5696610  1938642  1945007 
"8192"   1446615  1985445  2262920  2700217  2532259  2937280  2891550  6687628  6725591  4095903  1861831  1567877 
"16384"   1362162  1778555  1803812  1943050  2537852  1905602  2793951  2745725  6737331  3530266  1862023  1432437  1329021 
"32768"   0  0  0  0  2511180  2613314  2644287  2633192  2751320  6153577  1272785  1205194  1487840 
"65536"   0  0  0  0  2519162  2447562  2651040  2652319  2143167  1848840  1698698  1380367  1470337 
"131072"   0  0  0  0  2463065  2498699  2568822  2499460  2698627  2344716  1588018  1507304  1471316 
"262144"   0  0  0  0  2282926  2419040  2173412  2564130  2657585  1820950  1510586  1529972  1438067 
"524288"   0  0  0  0  348523  394938  422683  362415  512609  556911  516785  441017  1422959 

"Fwrite report"
        "4"  "8"  "16"  "32"  "64"  "128"  "256"  "512"  "1024"  "2048"  "4096"  "8192"  "16384"
"64"   1304314  1105556  1947927  1049372  1734015 
"128"   1206978  992724  1229084  1749872  1278855  1911894 
"256"   1084800  1178892  1361224  1652404  1610276  1570244  3823789 
"512"   1537424  1501940  1479181  2463259  1895721  2600470  1514652  2189509 
"1024"   1224752  1695735  2073055  2559871  2966535  2039583  2432298  1999700  2192645 
"2048"   1145354  1950127  1606554  1785550  2839830  1996356  2029850  2848305  1815744  3131805 
"4096"   1432156  1368498  1905105  2127589  1593117  2253155  1805024  1915727  2243152  1411911  1384267 
"8192"   1131974  1485710  1544757  1858508  1536674  1835573  1774706  1915279  1849604  1586043  1167316  1449178 
"16384"   1116068  1370475  1266349  1384585  1776027  1287151  1743007  1727930  1803196  1049187  1272941  1063624  1200197 
"32768"   0  0  0  0  1684119  1721110  1757648  1800829  1721735  1162187  863294  956670  1074893 
"65536"   0  0  0  0  1237604  1473711  1444795  1328953  1153965  768760  917462  925755  1141487 
"131072"   0  0  0  0  90666  95875  98130  99010  99345  100489  103582  113609  58318 
"262144"   0  0  0  0  14022  14130  14545  14503  14522  14690  14962  15218  16042 
"524288"   0  0  0  0  12678  12107  11911  12248  11956  11901  11994  12314  12236 

"Re-Fwrite report"
        "4"  "8"  "16"  "32"  "64"  "128"  "256"  "512"  "1024"  "2048"  "4096"  "8192"  "16384"
"64"   1143223  1452528  1780008  2067979  1599680 
"128"   940549  1102844  1684006  1007629  2905056  1705404 
"256"   1053922  1237306  1262029  1696795  2458168  3159869  2692393 
"512"   1454140  1383861  2047551  2097550  1463057  3081897  3533174  2039772 
"1024"   1119120  1408275  1206178  2491561  2820430  2211841  3304314  4282950  2128533 
"2048"   1155212  1768638  2046291  1785179  2461436  2937929  2516234  2519185  3151337  2107025 
"4096"   1208249  1372105  1417737  1623529  1737129  1928414  1914873  1801239  1328600  2175271  1459160 
"8192"   1150393  1367834  1521297  1588830  1697799  1764045  1843352  1886777  1834299  1193137  1737814  1326179 
"16384"   1061488  1345256  1338235  1464553  1679205  1605640  1741152  1703642  1495012  796767  1257106  1602831  1230940 
"32768"   0  0  0  0  1672783  1673028  1680412  1625884  1391719  1253504  753929  1191734  1478032 
"65536"   0  0  0  0  1438264  1440767  1404417  1465079  953183  708054  941431  998445  1176422 
"131072"   0  0  0  0  87001  96105  99048  94187  100235  96446  105290  107705  54882 
"262144"   0  0  0  0  13844  13850  14328  14385  14435  14531  14683  15064  15871 
"524288"   0  0  0  0  10998  11011  11298  11354  11299  11347  11196  11491  11717 

"Fread report"
        "4"  "8"  "16"  "32"  "64"  "128"  "256"  "512"  "1024"  "2048"  "4096"  "8192"  "16384"
"64"   2203800  2561267  3363612  3203069  3738358 
"128"   2714132  2784517  2066432  2673584  4135958  2608629 
"256"   2148318  3935921  2775920  3197509  2699161  3368013  5117791 
"512"   2796910  3346002  3459188  2739816  4131319  2708713  4411377  6018636 
"1024"   2251260  3281592  3794792  4300102  3804877  3314514  2674649  5169641  3582705 
"2048"   1741389  2124220  3030166  2653011  2021729  4453499  2423245  3519302  2423245  2452301 
"4096"   1546230  2256706  2336505  2402508  2743596  2846325  2627371  2747106  2714122  2377242  1902362 
"8192"   1522646  2030740  2209799  2497653  1901500  2565536  2623119  2760083  2673533  2288238  1830195  1527520 
"16384"   1666217  1910901  1776578  2133561  2495640  2664495  2695113  2637497  2746273  2169805  1689069  1425307  1179231 
"32768"   0  0  0  0  2531532  1706747  2125175  2211983  2560585  2515777  1210757  1487630  1474970 
"65536"   0  0  0  0  2545688  2696499  2526154  2620909  1931287  1605175  1669916  1394414  1429542 
"131072"   0  0  0  0  2563599  2513125  2627747  2194083  2664335  2387172  1350798  1335247  1454819 
"262144"   0  0  0  0  2201630  2452510  2447335  2058016  2577716  2353221  1604887  1480696  1364195 
"524288"   0  0  0  0  252146  268707  299731  297294  316784  277290  243615  334824  305397 

"Re-Fread report"
        "4"  "8"  "16"  "32"  "64"  "128"  "256"  "512"  "1024"  "2048"  "4096"  "8192"  "16384"
"64"   1421755  2561267  3203069  3541098  4897948 
"128"   2166499  3036502  2420455  3867787  3867787  6406138 
"256"   2118645  3197509  4264168  4197489  2665657  4264168  5117791 
"512"   2524058  3220553  3580298  4296637  4660280  4784885  6909408  5344582 
"1024"   2645000  3818408  3643490  4876180  5507740  5144870  6819511  5991815  5303701 
"2048"   2752473  3828288  3828288  4934459  2174223  1972971  2280429  5349298  4301837  4559883 
"4096"   1640426  3114661  2523554  2568066  2628979  3757786  3853020  3599532  3016231  2659502  1652894 
"8192"   1541016  1978813  2221945  2468938  2100510  2567262  2522221  2763635  2836645  2470536  1798486  1511726 
"16384"   1720102  1729888  1672706  2102940  2281916  2666666  2646843  2612231  2742985  2012000  1697833  1491897  887690 
"32768"   0  0  0  0  2458973  1665385  2682164  2730224  2617894  2356077  1315396  1504567  1510454 
"65536"   0  0  0  0  2567133  2630491  2552023  2671445  1818579  1812344  1465704  1438866  1502296 
"131072"   0  0  0  0  2533672  2509225  2608075  2263451  2655750  2428885  1201931  1377051  1501290 
"262144"   0  0  0  0  1993277  2414896  2556404  2132085  2627482  2291609  1633002  1471901  1165529 
"524288"   0  0  0  0  246740  284433  281002  328011  306148  313263  255079  144864  267885 
