	Iozone: Performance Test of File I/O
	        Version $Revision: 3.414 $
		Compiled for 64 bit mode.
		Build: linux-AMD64 

	Contributors:William Norcott, Don Capps, Isom Crawford, Kirby Collins
	             Al Slater, Scott Rhine, Mike Wisner, Ken Goss
	             Steve Landherr, Brad Smith, Mark Kelly, Dr. Alain CYR,
	             Randy Dunlap, Mark Montague, Dan Million, Gavin Brebner,
	             Jean-Marc Zucconi, Jeff Blomberg, Benny Halevy, Dave Boone,
	             Erik Habbinga, Kris Strecker, Walter Wong, Joshua Root,
	             Fabrice Bacchella, Zhenghua Xue, Qin Li, Darren Sawyer,
	             Vangel Bojaxhi, Ben England.

	Run began: Fri Mar  1 06:02:23 2013

	Auto Mode
	Excel chart generation enabled
	Command line used: ./benchmarks/iozone3_414/src/current/iozone -a -R
	Output is in Kbytes/sec
	Time Resolution = 0.000001 seconds.
	Processor cache size set to 1024 Kbytes.
	Processor cache line size set to 32 bytes.
	File stride size set to 17 * record size.
                                                            random  random    bkwd   record   stride                                   
              KB  reclen   write rewrite    read    reread    read   write    read  rewrite     read   fwrite frewrite   fread  freread
              64       4  363829  718114  2772930  2067979 1562436  969761  780776  1492919  1553394   913649  1105556 1638743  1734015
              64       8  542506  942521  2923952  1638743 2444640 1392258 1638743  1599680  2203800  1492919  1421755 3203069  1526887
              64      16  651849  771797  3541098  1690338 3057153 1183548 2067979  1599680  3406295  1562436   955947 1363961  2278628
              64      32  674790 1255511  4018152  1879725 4564786 1828508 2561267  1933893  3057153  1017549  1609270 3057153  1828508
              64      64  829001 1879725  4564786  5283570 5860307 3203069 1638743  1518251  3363612  1255511  1553394 3363612  3791156
             128       4  483316  927549  1939522  2175277 2035099 1121270 1598754  1579934  1319723  1007629   852438 1852520  1622919
             128       8  723735 1332828  2166499  3124872 2326073 1185654 2248149  2035099  2558895  1504659  1291158 2727923   731625
             128      16  711270 1487977  2660335  3053774 4267461 1705404 1911894  2453642  2969325  1705404  1406136 3124872  3277486
             128      32  800337 1319723  4135958  4135958 4717434 1939522 2969325  2286447  3536566  1526043  1749872 4934216  3053774
             128      64  637004 1905110  4135958  4596273 6114306 2035099 3468030  2027414  4012317  1030846  1000121 3053774  4267461
             128     128  908709 1705404  6406138  6406138 6330599 2035099 2248149  2035099  3785961  2784517  2558895 3445772  5122535
             256       4  557554 1070737  1884399  2533571 2049885 1019886 1398455  1598292  2065659  1195962  1048775 2081678  2719671
             256       8  603630 1219045  2345409  4197489 3236056 1495866 1911233  2310087  2371308  1173737  1588832 2783115  1766587
             256      16  667000 1237306  2639446  2911402 4197489 1766587 1430119  1375171  3245838  1445521  1455317 2975955  3557725
             256      32  973645 1619994  3454704  4070199 3950402 1855098 2812272  3236056  3316006  1740810  1686137 3207059  4132864
             256      64  958008 1079348  4819184  4734192 6073004 3511189 2943325  2305128  3810220  1430119  1382252 3197509  2911402
             256     128  973645 1924938  4652146  4070199 6719046 1802167 3935921  3052087  2726577  1415041  1967260 3368013  4734192
             256     256  976301 1600674  6891544  7120034 6891544 2285501 2563818  1802167  2118645  2097948  2266207 3052087  3770085
             512       4  658978 1132755  2494736  2391924 2135087 1153441 1337324  1635797  1778004  1130370   304227 1667552  1684557
             512       8  765371 1414860  3264616  3459188 3351224 1510391 2497638  2438090  2768068  1346548  1380303 2796910  3346002
             512      16  884536 2105777  3634839  3788747 3220553 2651850 2099600  2845081  3177664  1551867  1475116 3762197  3145087
             512      32  969603 1683237  3736016  5684095 5344582 2055390 2782414  3415178  4532414  1566585  1718254 3604335  4061007
             512      64 1195832 1835760  5624545  4228947 6174377 1778004 4000485  3628697  4742616  1895721  2416145 2958758  5331314
             512     128 1077618 1861217  5744919  6736026 6736026 2265742 4061007  3580298  6319739  1629590  2116152 1657257  4742616
             512     256 1086890 1233614  3822466  3533174 6491676 2039772 2922519  3510074  4650188  1533034  3029721 3849877  6931711
             512     512 1110496 2047551  7309196  7211022 7115451 2065273 5453155  4099771  2256220  2225819  2265742 3029721  6652558
            1024       4  639150 1226500  2448941  2572135 2124322 1099636 1605111  1687075  1718120  1155864  1089593 1824690  2534194
            1024       8  814550 1466957  2805690  3791442 3379719 1523683 2547723  2491561  2884840  1464956  1224752 2220992  3659010
            1024      16  981974 1594978  2559871  3239514 2753527 1664841 2150918  2952261  3301774  1681132  1549519 2952261  3229770
            1024      32 1026078 1714690  2753527  3103735 5310258 1999700 3379719  3579719  3239514  1681132  2467229 2632033  4304412
            1024      64 1032492 1896395  2852271  5444898 6244448 2015654 3083680  3951918  6059442  1939207  1910737 3923040  5363307
            1024     128 1219189 1703807  3094790  6355328 6830356 1828574 3271594  4079544  4995276  2047361  2031864 3668386  4609294
            1024     256  878171 1799462  4741598  6519323 7113161 2316837 3970183  3791442  6744549  2102484  1918418 2375790  3411938
            1024     512 1075676 1512415  3532609  6918376 6776473 3764854 1715375  3631168  3055164  1213334  1939207 2089189  3074849
            1024    1024 1063161 1553442  6479979  6280976 6519323 3001782 2011877  1882266  2337008   534478  2179295 2640123  1729188
            2048       4  682401 1194073  1726687  2415069 2120549 1280015 1548069  1651654  1315294  1092338  1172878 1587551  2131071
            2048       8  815928 1492654  2027934  3704465 3346546 1747411 2048243  2482779  2324238  1591375  1612586 2509617  3643190
            2048      16 1166190 1524712  1542232  1977058 3189957 1509175 2085540  3038742  3592903  1932143  1484913 2652192  4120256
            2048      32 1164925 1751687  2782790  4864597 5095447 2569678 2748949  3650932  3215029  1788896  1779262 2767549  2889504
            2048      64 1107691 1791882  2917969  5804771 6110328 2432853 3155969  4146110  4531020  2072957  1790388 3189957  5306340
            2048     128 1269797 1899669  2959183  5389574 6608629 2573527 2989045  4284671  6024617  1753475  1520394 2800938  2479912
            2048     256 1095262 1865023  2856830  5659442 6603549 3384788 2531062  3690142  5564129  1947033  1784066 2774700  4775354
            2048     512 1318727 1910655  3814687  5593112 6588354 2683678 2909075  4349761  6397004  2479196  2209455 3261415  5251194
            2048    1024 1211931 1948800  4441984  6041567 6261772 3002627 2701402  3251539  4540600  1753475  2759547 3102397  4875642
            2048    2048 1169525 1910230  5277002  5489457 5674397 2488533 2779189  2615847  2691246  2192537  2017929 2809182  4096676
            4096       4  686321 1151172  1730305  1556315 1487202  949698 1350002  1615134  1379155  1113637   967127 1557444  1946770
            4096       8  795040 1414352  2222261  3165742 3148338 2015752 1827683  2418063  2181070  1789419  1452989 2213956  3088901
            4096      16 1164357 1655602  2289792  2218817 3416292 1604424 2096178  2957556  3338615  2032686  1044127 2311357  3396032
            4096      32 1036692 1767693  2582737  2635836 4515307 1784772 2379876  3673419  2840678  1675299  1706585 2142447  2437965
            4096      64 1170625 1823609  2654571  2457143 4545172 2121284 2616965  4204769  2852469  1898998  1778490 2539220  3158176
            4096     128  995830 1960768  2394138  2991546 1879675 1395511 1629225  3419011  1563966  1507428  1156363 2642322  3552638
            4096     256 1002454 1885865  2830848  3686820 5535098 2888923 2784507  4461370  4501111  1718192  1779411 2382847  2315406
            4096     512 1104686 2054318  2797657  3653887 5244471 3086681 3065750  4617244  6649056  2131020  2123381 3038638  3574071
            4096    1024 1346405 1867010  3477139  4218190 4723889 2979096 2639481  4348447  6077484  2118929  1988455 2536221  3287506
            4096    2048 1121854 1866199  3258820  3040789 2241981 2070910 2539595  3326978  3504089  1601881  2105942 2597184  3082251
            4096    4096  948388 1504787  1581531  1561549 1956079 1613314 1859332  1648296  1878031  1661687  1503734 1821289  1809206
            8192       4  626010 1164468  1559197  1418311 1207180  939771 1284821  1654949  1245378  1042632  1121737 1667478  1692864
            8192       8  840712 1201187  2016202  2226120 2063919 1404685 1677983  2398785  1904240  1481674  1336392 2027266  2056754
            8192      16  937949 1636115  2208095  2368362 2446960 1600002 2023207  2955217  2123881  1551873  1499521 1971207  2253126
            8192      32 1100645 1733431  2310239  2445392 2749921 1822526 2068143  3223903  2159115  1410741  1643392 2477840  2499834
            8192      64 1126519 1822526  2353921  2636606 3108970 1879347 2409382  4209820  2905979  1945315  1685556 2614736  2522221
            8192     128 1157056 1923966  2492942  2336633 2223671 1899292 2585031  4209820  2893498  1923966  1656625 2640861  2693021
            8192     256 1112584 1982581  2777935  2808359 2823823 1990737 2564770  4275297  2830569  1818475  1780499 2673533  2809278
            8192     512 1180389 1877190  2735036  2740709 3111504 1931211 2586004  4607218  7068733  1946748  1806049 2725058  2630550
            8192    1024 1137445 1826207  2969263  2974404 3176514 1946307 2473381  3747460  6205696  1442486  1079618 2505119  2623921
            8192    2048 1065127 1741161  2781758  2884511 2596557 1719207 2542565  3497599  4132853  1380529  1525553 2521481  2547278
            8192    4096  951455 1286457  1692530  1744874 1689783 1405432 1356976  1361007  1301564  1116852  1507547 1527180  1353182
            8192    8192  706324 1234105  1099624  1210753 1317888 1231496 1240835  1113486  1224692  1161319  1212205 1250681  1302402
           16384       4  603110 1043436  1522538  1487537 1217700  904241 1258556  1515921  1238773  1029847  1023299 1646929  1665732
           16384       8  820268 1299393  2082609  2040376 1844629 1367284 1755340  2387269  1844629  1394503  1285538 1870742  1891701
           16384      16  950900 1473250  1785115  1999763 1632027 1280006 2042863  2800212  2093012  1523247  1451560 2225746  2227044
           16384      32 1005334 1727539  2511786  2355358 2452707 1764172 2322325  3554001  2203973  1630556  1593613 2323660  2447553
           16384      64 1124579 1879285  2625204  2644704 2609256 1905127 2554835  4166886  2491478  1745043  1581473 2595263  2616807
           16384     128 1107328 1699428  2714381  2617704 2522944 1774880 2664495  4497405  2658002  1799655  1769168 2368672  2687629
           16384     256 1167788 1869673  2502456  2403047 2656666 1705587 2648577  4685374  2754529  1723899  1790977 2679246  2688996
           16384     512 1114024 1889724  2717924  2795428 2733818 2010293 2762391  4654590  2709886  1687825  1682123 2676220  2607672
           16384    1024 1168285 1800645  2320364  2223081 2261713 1714010 2070250  4010753  4457150  1161158  1534094 2159509  2128934
           16384    2048  864637 1275114  2436618  2522944 2531961 1735042 2524149  4025555  5384355  1263323  1136294 2494191  2320364
           16384    4096  923204 1355846  1609400  1525072 1467054 1270963 1695696  1446457  1757360  1276606  1177513 1644171  1672014
           16384    8192  803888 1125279  1527920  1473661 1511188 1313877 1471137  1328020  1466522   985510  1499809 1419008  1114873
           16384   16384  788973 1065289  1477494  1431900 1142225 1243458 1172211  1020943  1349721  1121258  1104125 1290584  1338887
           32768      64 1041742 1376167  2304020  2444845 2186157 1602977 1987639  3867836  2146048  1524308  1389706 2157231  2187027
           32768     128  938561 1675496  2254731  2240396 2201707 1563960 2265509  3944656  2033637  1317098  1670039 2206727  2370380
           32768     256 1122575 1820026  2717806  2643219 2667329 1995634 2529389  4466101  2658455  1527578  1712191 2238244  1756614
           32768     512 1121311 1660917  2218696  2242846 2173366 1646886 2175258  4228655  2315080  1268111  1527357 2372262  2269062
           32768    1024 1139987 1748168  2703426  2704277 2756121 1938577 2732938  4300234  2675168  1628388  1598205 2261557  2191840
           32768    2048  962944 1449138  2247908  2221565 2393414 1685151 2135677  3296229  4254442   965895  1019986 2142936  1981393
           32768    4096  861703 1267667  1358645  1567474 1269388 1240694 1652768  1491829  1710954  1099592  1097388 1640928  1667992
           32768    8192  909211 1264925  1572063  1501182 1523530 1300633 1479161  1338832  1234432   864228  1154941 1515567  1506645
           32768   16384  879109 1242197  1480436  1431107 1362376 1256058 1503958  1271996  1515784  1095263  1548506 1430347  1500575
           65536      64  985431 1622897  2074506  2361984 2222532 1609705 2537206  4101626  2573165  1516686  1352148 2579976  2582715
           65536     128 1046098 1568035  2621634  2602793 2437643 1461325 2283877  4166344  2301701  1308052  1242151 2027604  1827502
           65536     256  818688 1473119  2703740  2527617 2570230 1698960 2154657  4329208  2273901  1486213  1451356 2680825  2678108
           65536     512 1006219 1663861  2197708  2238404 2138265 1510427 2654983  4058208  2518008  1354553  1445183 2693856  2694516
           65536    1024  988087 1079884  2652524  2647822 2644383 1693308 2349568  4504142  2667427  1378367  1269686 2534072  2627097
           65536    2048  925624 1469017  2283251  2329517 2376031 1558045 2208674  3605059  2325122   995700   921614 2322568  2306626
           65536    4096  830452 1154901  1605447  1508868 1434863 1152905 1679076  1488507  1784946   942625   644784 1401060  1427115
           65536    8192  704960 1129814  1484231  1494203 1525118 1225569 1568670  1385474  1454258   988101  1018795 1439213  1495846
           65536   16384  796828 1146878  1453928  1472882 1412964 1125465 1475935  1305908  1416386  1171059  1083887 1375828  1137599
          131072      64   62450   83443  2596828  2404557 2266550   75100 2501382  4110237  2470681    87904    70736 2611110  2568282
          131072     128   67025   76085  2359225  2285033 2231017   72402 2563755  4453995  2586321    73509    79561 2659309  2683872
          131072     256   78819   70653  2634446  2662168 2679542   60557 2399184  4632495  2644177    82179    71899 2650168  2704908
          131072     512   65313   81578  2656495  2618810 2599185   83487 2555757  4690356  2698455    78095    85308 2282491  2259665
          131072    1024   84316   81783  2291472  2101522 2223447   78159 2676307  4564569  2318130    91137    71437 2656559  2634194
          131072    2048   83068   79046  2351948  2325917 2307854   76759 2339109  4054940  2207235    86028    93184 2323479  2298821
          131072    4096   73010   88221  1185976  1159304 1301040   75604 1107644  1202517  1388034    72539    84545 1629839  1589042
          131072    8192   69172   88789  1484278  1508603 1513079   81299 1498565  1355561  1500815    98863    95384 1484358  1505488
          131072   16384   79458   69993  1477286  1460722 1499660   83885 1491964  1299942   816526    72079   120695 1497638  1469319
          262144      64   38585   29901  1766707  2347087 2011941   14716 2473849  4099721  2169347    14623    14439 2221424  2178235
          262144     128   14644   14235  2265489  2268447 2184497   14646 2623069  4380457  2609492    14531    14366 2223648  2210656
          262144     256   14603   14341  2525959  2711684 2690003   14579 2541190  4616270  2202707    14535    14369 2698401  2680272
          262144     512   14563   14325  2631255  2603295 2657315   14480 2624954  4708127  2661058    14521    14365 2743122  2776454
          262144    1024   14551   14338  2124324  2208126 2172403   14474 2679560  4753292  2606034    14547    14426 2572866  2672896
          262144    2048   14561   14282  2269623  2386446 2389428   14601 1760974  3448260  2476797    14668    14534 2486965  2361616
          262144    4096   14568   14339  1630786  1592041 1629408   14599 1237812  1133733  1221069    14284    14558  950569  1186853
          262144    8192   14657   14034  1477715  1524286 1510368   14748 1494235  1327473  1440588    15190    15030 1516432  1477102
          262144   16384   13230   14319  1225228  1302268 1334982   14863 1460875  1277069  1456355    15901    15838 1209385  1272827
          524288      64   11361   11221   108072   103237  232358   14169  245448  4085658   343520    12722    11005  202447   210044
          524288     128   12415   11016   105158   112660  374734   13719  307809  4461526   367642    12629    11280  245025   276980
          524288     256   12019   11267   108296   112048  453345   13594  359462  4160720   139482    13137    11274  235348   228302
          524288     512   12371   11214   105975   112121  490421   14164  326818  4221391   411699    12409    11015  303029   320026
          524288    1024   11912   11002    99424    91367  115629   11032  197903  2268435    48355    12436    10941  175694   148801
          524288    2048   11671   10457    55686   100557  226658   15746  401725  2450173   401381    12132    11282  272139   327042
          524288    4096   12045   11149   113062   103363  493404   13605  302031   944104   401703    12730    11380  260196   288624
          524288    8192   12025   11263   105728    96935  513933   13751  459039  1241180   373953    12370    11486  317194   326583
          524288   16384   12047   11189   107563   110915  351243   13565  573341  1238479   555933    12228    11609  284317   287474

iozone test complete.
Excel output is below:

"Writer report"
        "4"  "8"  "16"  "32"  "64"  "128"  "256"  "512"  "1024"  "2048"  "4096"  "8192"  "16384"
"64"   363829  542506  651849  674790  829001 
"128"   483316  723735  711270  800337  637004  908709 
"256"   557554  603630  667000  973645  958008  973645  976301 
"512"   658978  765371  884536  969603  1195832  1077618  1086890  1110496 
"1024"   639150  814550  981974  1026078  1032492  1219189  878171  1075676  1063161 
"2048"   682401  815928  1166190  1164925  1107691  1269797  1095262  1318727  1211931  1169525 
"4096"   686321  795040  1164357  1036692  1170625  995830  1002454  1104686  1346405  1121854  948388 
"8192"   626010  840712  937949  1100645  1126519  1157056  1112584  1180389  1137445  1065127  951455  706324 
"16384"   603110  820268  950900  1005334  1124579  1107328  1167788  1114024  1168285  864637  923204  803888  788973 
"32768"   0  0  0  0  1041742  938561  1122575  1121311  1139987  962944  861703  909211  879109 
"65536"   0  0  0  0  985431  1046098  818688  1006219  988087  925624  830452  704960  796828 
"131072"   0  0  0  0  62450  67025  78819  65313  84316  83068  73010  69172  79458 
"262144"   0  0  0  0  38585  14644  14603  14563  14551  14561  14568  14657  13230 
"524288"   0  0  0  0  11361  12415  12019  12371  11912  11671  12045  12025  12047 

"Re-writer report"
        "4"  "8"  "16"  "32"  "64"  "128"  "256"  "512"  "1024"  "2048"  "4096"  "8192"  "16384"
"64"   718114  942521  771797  1255511  1879725 
"128"   927549  1332828  1487977  1319723  1905110  1705404 
"256"   1070737  1219045  1237306  1619994  1079348  1924938  1600674 
"512"   1132755  1414860  2105777  1683237  1835760  1861217  1233614  2047551 
"1024"   1226500  1466957  1594978  1714690  1896395  1703807  1799462  1512415  1553442 
"2048"   1194073  1492654  1524712  1751687  1791882  1899669  1865023  1910655  1948800  1910230 
"4096"   1151172  1414352  1655602  1767693  1823609  1960768  1885865  2054318  1867010  1866199  1504787 
"8192"   1164468  1201187  1636115  1733431  1822526  1923966  1982581  1877190  1826207  1741161  1286457  1234105 
"16384"   1043436  1299393  1473250  1727539  1879285  1699428  1869673  1889724  1800645  1275114  1355846  1125279  1065289 
"32768"   0  0  0  0  1376167  1675496  1820026  1660917  1748168  1449138  1267667  1264925  1242197 
"65536"   0  0  0  0  1622897  1568035  1473119  1663861  1079884  1469017  1154901  1129814  1146878 
"131072"   0  0  0  0  83443  76085  70653  81578  81783  79046  88221  88789  69993 
"262144"   0  0  0  0  29901  14235  14341  14325  14338  14282  14339  14034  14319 
"524288"   0  0  0  0  11221  11016  11267  11214  11002  10457  11149  11263  11189 

"Reader report"
        "4"  "8"  "16"  "32"  "64"  "128"  "256"  "512"  "1024"  "2048"  "4096"  "8192"  "16384"
"64"   2772930  2923952  3541098  4018152  4564786 
"128"   1939522  2166499  2660335  4135958  4135958  6406138 
"256"   1884399  2345409  2639446  3454704  4819184  4652146  6891544 
"512"   2494736  3264616  3634839  3736016  5624545  5744919  3822466  7309196 
"1024"   2448941  2805690  2559871  2753527  2852271  3094790  4741598  3532609  6479979 
"2048"   1726687  2027934  1542232  2782790  2917969  2959183  2856830  3814687  4441984  5277002 
"4096"   1730305  2222261  2289792  2582737  2654571  2394138  2830848  2797657  3477139  3258820  1581531 
"8192"   1559197  2016202  2208095  2310239  2353921  2492942  2777935  2735036  2969263  2781758  1692530  1099624 
"16384"   1522538  2082609  1785115  2511786  2625204  2714381  2502456  2717924  2320364  2436618  1609400  1527920  1477494 
"32768"   0  0  0  0  2304020  2254731  2717806  2218696  2703426  2247908  1358645  1572063  1480436 
"65536"   0  0  0  0  2074506  2621634  2703740  2197708  2652524  2283251  1605447  1484231  1453928 
"131072"   0  0  0  0  2596828  2359225  2634446  2656495  2291472  2351948  1185976  1484278  1477286 
"262144"   0  0  0  0  1766707  2265489  2525959  2631255  2124324  2269623  1630786  1477715  1225228 
"524288"   0  0  0  0  108072  105158  108296  105975  99424  55686  113062  105728  107563 

"Re-Reader report"
        "4"  "8"  "16"  "32"  "64"  "128"  "256"  "512"  "1024"  "2048"  "4096"  "8192"  "16384"
"64"   2067979  1638743  1690338  1879725  5283570 
"128"   2175277  3124872  3053774  4135958  4596273  6406138 
"256"   2533571  4197489  2911402  4070199  4734192  4070199  7120034 
"512"   2391924  3459188  3788747  5684095  4228947  6736026  3533174  7211022 
"1024"   2572135  3791442  3239514  3103735  5444898  6355328  6519323  6918376  6280976 
"2048"   2415069  3704465  1977058  4864597  5804771  5389574  5659442  5593112  6041567  5489457 
"4096"   1556315  3165742  2218817  2635836  2457143  2991546  3686820  3653887  4218190  3040789  1561549 
"8192"   1418311  2226120  2368362  2445392  2636606  2336633  2808359  2740709  2974404  2884511  1744874  1210753 
"16384"   1487537  2040376  1999763  2355358  2644704  2617704  2403047  2795428  2223081  2522944  1525072  1473661  1431900 
"32768"   0  0  0  0  2444845  2240396  2643219  2242846  2704277  2221565  1567474  1501182  1431107 
"65536"   0  0  0  0  2361984  2602793  2527617  2238404  2647822  2329517  1508868  1494203  1472882 
"131072"   0  0  0  0  2404557  2285033  2662168  2618810  2101522  2325917  1159304  1508603  1460722 
"262144"   0  0  0  0  2347087  2268447  2711684  2603295  2208126  2386446  1592041  1524286  1302268 
"524288"   0  0  0  0  103237  112660  112048  112121  91367  100557  103363  96935  110915 

"Random read report"
        "4"  "8"  "16"  "32"  "64"  "128"  "256"  "512"  "1024"  "2048"  "4096"  "8192"  "16384"
"64"   1562436  2444640  3057153  4564786  5860307 
"128"   2035099  2326073  4267461  4717434  6114306  6330599 
"256"   2049885  3236056  4197489  3950402  6073004  6719046  6891544 
"512"   2135087  3351224  3220553  5344582  6174377  6736026  6491676  7115451 
"1024"   2124322  3379719  2753527  5310258  6244448  6830356  7113161  6776473  6519323 
"2048"   2120549  3346546  3189957  5095447  6110328  6608629  6603549  6588354  6261772  5674397 
"4096"   1487202  3148338  3416292  4515307  4545172  1879675  5535098  5244471  4723889  2241981  1956079 
"8192"   1207180  2063919  2446960  2749921  3108970  2223671  2823823  3111504  3176514  2596557  1689783  1317888 
"16384"   1217700  1844629  1632027  2452707  2609256  2522944  2656666  2733818  2261713  2531961  1467054  1511188  1142225 
"32768"   0  0  0  0  2186157  2201707  2667329  2173366  2756121  2393414  1269388  1523530  1362376 
"65536"   0  0  0  0  2222532  2437643  2570230  2138265  2644383  2376031  1434863  1525118  1412964 
"131072"   0  0  0  0  2266550  2231017  2679542  2599185  2223447  2307854  1301040  1513079  1499660 
"262144"   0  0  0  0  2011941  2184497  2690003  2657315  2172403  2389428  1629408  1510368  1334982 
"524288"   0  0  0  0  232358  374734  453345  490421  115629  226658  493404  513933  351243 

"Random write report"
        "4"  "8"  "16"  "32"  "64"  "128"  "256"  "512"  "1024"  "2048"  "4096"  "8192"  "16384"
"64"   969761  1392258  1183548  1828508  3203069 
"128"   1121270  1185654  1705404  1939522  2035099  2035099 
"256"   1019886  1495866  1766587  1855098  3511189  1802167  2285501 
"512"   1153441  1510391  2651850  2055390  1778004  2265742  2039772  2065273 
"1024"   1099636  1523683  1664841  1999700  2015654  1828574  2316837  3764854  3001782 
"2048"   1280015  1747411  1509175  2569678  2432853  2573527  3384788  2683678  3002627  2488533 
"4096"   949698  2015752  1604424  1784772  2121284  1395511  2888923  3086681  2979096  2070910  1613314 
"8192"   939771  1404685  1600002  1822526  1879347  1899292  1990737  1931211  1946307  1719207  1405432  1231496 
"16384"   904241  1367284  1280006  1764172  1905127  1774880  1705587  2010293  1714010  1735042  1270963  1313877  1243458 
"32768"   0  0  0  0  1602977  1563960  1995634  1646886  1938577  1685151  1240694  1300633  1256058 
"65536"   0  0  0  0  1609705  1461325  1698960  1510427  1693308  1558045  1152905  1225569  1125465 
"131072"   0  0  0  0  75100  72402  60557  83487  78159  76759  75604  81299  83885 
"262144"   0  0  0  0  14716  14646  14579  14480  14474  14601  14599  14748  14863 
"524288"   0  0  0  0  14169  13719  13594  14164  11032  15746  13605  13751  13565 

"Backward read report"
        "4"  "8"  "16"  "32"  "64"  "128"  "256"  "512"  "1024"  "2048"  "4096"  "8192"  "16384"
"64"   780776  1638743  2067979  2561267  1638743 
"128"   1598754  2248149  1911894  2969325  3468030  2248149 
"256"   1398455  1911233  1430119  2812272  2943325  3935921  2563818 
"512"   1337324  2497638  2099600  2782414  4000485  4061007  2922519  5453155 
"1024"   1605111  2547723  2150918  3379719  3083680  3271594  3970183  1715375  2011877 
"2048"   1548069  2048243  2085540  2748949  3155969  2989045  2531062  2909075  2701402  2779189 
"4096"   1350002  1827683  2096178  2379876  2616965  1629225  2784507  3065750  2639481  2539595  1859332 
"8192"   1284821  1677983  2023207  2068143  2409382  2585031  2564770  2586004  2473381  2542565  1356976  1240835 
"16384"   1258556  1755340  2042863  2322325  2554835  2664495  2648577  2762391  2070250  2524149  1695696  1471137  1172211 
"32768"   0  0  0  0  1987639  2265509  2529389  2175258  2732938  2135677  1652768  1479161  1503958 
"65536"   0  0  0  0  2537206  2283877  2154657  2654983  2349568  2208674  1679076  1568670  1475935 
"131072"   0  0  0  0  2501382  2563755  2399184  2555757  2676307  2339109  1107644  1498565  1491964 
"262144"   0  0  0  0  2473849  2623069  2541190  2624954  2679560  1760974  1237812  1494235  1460875 
"524288"   0  0  0  0  245448  307809  359462  326818  197903  401725  302031  459039  573341 

"Record rewrite report"
        "4"  "8"  "16"  "32"  "64"  "128"  "256"  "512"  "1024"  "2048"  "4096"  "8192"  "16384"
"64"   1492919  1599680  1599680  1933893  1518251 
"128"   1579934  2035099  2453642  2286447  2027414  2035099 
"256"   1598292  2310087  1375171  3236056  2305128  3052087  1802167 
"512"   1635797  2438090  2845081  3415178  3628697  3580298  3510074  4099771 
"1024"   1687075  2491561  2952261  3579719  3951918  4079544  3791442  3631168  1882266 
"2048"   1651654  2482779  3038742  3650932  4146110  4284671  3690142  4349761  3251539  2615847 
"4096"   1615134  2418063  2957556  3673419  4204769  3419011  4461370  4617244  4348447  3326978  1648296 
"8192"   1654949  2398785  2955217  3223903  4209820  4209820  4275297  4607218  3747460  3497599  1361007  1113486 
"16384"   1515921  2387269  2800212  3554001  4166886  4497405  4685374  4654590  4010753  4025555  1446457  1328020  1020943 
"32768"   0  0  0  0  3867836  3944656  4466101  4228655  4300234  3296229  1491829  1338832  1271996 
"65536"   0  0  0  0  4101626  4166344  4329208  4058208  4504142  3605059  1488507  1385474  1305908 
"131072"   0  0  0  0  4110237  4453995  4632495  4690356  4564569  4054940  1202517  1355561  1299942 
"262144"   0  0  0  0  4099721  4380457  4616270  4708127  4753292  3448260  1133733  1327473  1277069 
"524288"   0  0  0  0  4085658  4461526  4160720  4221391  2268435  2450173  944104  1241180  1238479 

"Stride read report"
        "4"  "8"  "16"  "32"  "64"  "128"  "256"  "512"  "1024"  "2048"  "4096"  "8192"  "16384"
"64"   1553394  2203800  3406295  3057153  3363612 
"128"   1319723  2558895  2969325  3536566  4012317  3785961 
"256"   2065659  2371308  3245838  3316006  3810220  2726577  2118645 
"512"   1778004  2768068  3177664  4532414  4742616  6319739  4650188  2256220 
"1024"   1718120  2884840  3301774  3239514  6059442  4995276  6744549  3055164  2337008 
"2048"   1315294  2324238  3592903  3215029  4531020  6024617  5564129  6397004  4540600  2691246 
"4096"   1379155  2181070  3338615  2840678  2852469  1563966  4501111  6649056  6077484  3504089  1878031 
"8192"   1245378  1904240  2123881  2159115  2905979  2893498  2830569  7068733  6205696  4132853  1301564  1224692 
"16384"   1238773  1844629  2093012  2203973  2491478  2658002  2754529  2709886  4457150  5384355  1757360  1466522  1349721 
"32768"   0  0  0  0  2146048  2033637  2658455  2315080  2675168  4254442  1710954  1234432  1515784 
"65536"   0  0  0  0  2573165  2301701  2273901  2518008  2667427  2325122  1784946  1454258  1416386 
"131072"   0  0  0  0  2470681  2586321  2644177  2698455  2318130  2207235  1388034  1500815  816526 
"262144"   0  0  0  0  2169347  2609492  2202707  2661058  2606034  2476797  1221069  1440588  1456355 
"524288"   0  0  0  0  343520  367642  139482  411699  48355  401381  401703  373953  555933 

"Fwrite report"
        "4"  "8"  "16"  "32"  "64"  "128"  "256"  "512"  "1024"  "2048"  "4096"  "8192"  "16384"
"64"   913649  1492919  1562436  1017549  1255511 
"128"   1007629  1504659  1705404  1526043  1030846  2784517 
"256"   1195962  1173737  1445521  1740810  1430119  1415041  2097948 
"512"   1130370  1346548  1551867  1566585  1895721  1629590  1533034  2225819 
"1024"   1155864  1464956  1681132  1681132  1939207  2047361  2102484  1213334  534478 
"2048"   1092338  1591375  1932143  1788896  2072957  1753475  1947033  2479196  1753475  2192537 
"4096"   1113637  1789419  2032686  1675299  1898998  1507428  1718192  2131020  2118929  1601881  1661687 
"8192"   1042632  1481674  1551873  1410741  1945315  1923966  1818475  1946748  1442486  1380529  1116852  1161319 
"16384"   1029847  1394503  1523247  1630556  1745043  1799655  1723899  1687825  1161158  1263323  1276606  985510  1121258 
"32768"   0  0  0  0  1524308  1317098  1527578  1268111  1628388  965895  1099592  864228  1095263 
"65536"   0  0  0  0  1516686  1308052  1486213  1354553  1378367  995700  942625  988101  1171059 
"131072"   0  0  0  0  87904  73509  82179  78095  91137  86028  72539  98863  72079 
"262144"   0  0  0  0  14623  14531  14535  14521  14547  14668  14284  15190  15901 
"524288"   0  0  0  0  12722  12629  13137  12409  12436  12132  12730  12370  12228 

"Re-Fwrite report"
        "4"  "8"  "16"  "32"  "64"  "128"  "256"  "512"  "1024"  "2048"  "4096"  "8192"  "16384"
"64"   1105556  1421755  955947  1609270  1553394 
"128"   852438  1291158  1406136  1749872  1000121  2558895 
"256"   1048775  1588832  1455317  1686137  1382252  1967260  2266207 
"512"   304227  1380303  1475116  1718254  2416145  2116152  3029721  2265742 
"1024"   1089593  1224752  1549519  2467229  1910737  2031864  1918418  1939207  2179295 
"2048"   1172878  1612586  1484913  1779262  1790388  1520394  1784066  2209455  2759547  2017929 
"4096"   967127  1452989  1044127  1706585  1778490  1156363  1779411  2123381  1988455  2105942  1503734 
"8192"   1121737  1336392  1499521  1643392  1685556  1656625  1780499  1806049  1079618  1525553  1507547  1212205 
"16384"   1023299  1285538  1451560  1593613  1581473  1769168  1790977  1682123  1534094  1136294  1177513  1499809  1104125 
"32768"   0  0  0  0  1389706  1670039  1712191  1527357  1598205  1019986  1097388  1154941  1548506 
"65536"   0  0  0  0  1352148  1242151  1451356  1445183  1269686  921614  644784  1018795  1083887 
"131072"   0  0  0  0  70736  79561  71899  85308  71437  93184  84545  95384  120695 
"262144"   0  0  0  0  14439  14366  14369  14365  14426  14534  14558  15030  15838 
"524288"   0  0  0  0  11005  11280  11274  11015  10941  11282  11380  11486  11609 

"Fread report"
        "4"  "8"  "16"  "32"  "64"  "128"  "256"  "512"  "1024"  "2048"  "4096"  "8192"  "16384"
"64"   1638743  3203069  1363961  3057153  3363612 
"128"   1852520  2727923  3124872  4934216  3053774  3445772 
"256"   2081678  2783115  2975955  3207059  3197509  3368013  3052087 
"512"   1667552  2796910  3762197  3604335  2958758  1657257  3849877  3029721 
"1024"   1824690  2220992  2952261  2632033  3923040  3668386  2375790  2089189  2640123 
"2048"   1587551  2509617  2652192  2767549  3189957  2800938  2774700  3261415  3102397  2809182 
"4096"   1557444  2213956  2311357  2142447  2539220  2642322  2382847  3038638  2536221  2597184  1821289 
"8192"   1667478  2027266  1971207  2477840  2614736  2640861  2673533  2725058  2505119  2521481  1527180  1250681 
"16384"   1646929  1870742  2225746  2323660  2595263  2368672  2679246  2676220  2159509  2494191  1644171  1419008  1290584 
"32768"   0  0  0  0  2157231  2206727  2238244  2372262  2261557  2142936  1640928  1515567  1430347 
"65536"   0  0  0  0  2579976  2027604  2680825  2693856  2534072  2322568  1401060  1439213  1375828 
"131072"   0  0  0  0  2611110  2659309  2650168  2282491  2656559  2323479  1629839  1484358  1497638 
"262144"   0  0  0  0  2221424  2223648  2698401  2743122  2572866  2486965  950569  1516432  1209385 
"524288"   0  0  0  0  202447  245025  235348  303029  175694  272139  260196  317194  284317 

"Re-Fread report"
        "4"  "8"  "16"  "32"  "64"  "128"  "256"  "512"  "1024"  "2048"  "4096"  "8192"  "16384"
"64"   1734015  1526887  2278628  1828508  3791156 
"128"   1622919  731625  3277486  3053774  4267461  5122535 
"256"   2719671  1766587  3557725  4132864  2911402  4734192  3770085 
"512"   1684557  3346002  3145087  4061007  5331314  4742616  6931711  6652558 
"1024"   2534194  3659010  3229770  4304412  5363307  4609294  3411938  3074849  1729188 
"2048"   2131071  3643190  4120256  2889504  5306340  2479912  4775354  5251194  4875642  4096676 
"4096"   1946770  3088901  3396032  2437965  3158176  3552638  2315406  3574071  3287506  3082251  1809206 
"8192"   1692864  2056754  2253126  2499834  2522221  2693021  2809278  2630550  2623921  2547278  1353182  1302402 
"16384"   1665732  1891701  2227044  2447553  2616807  2687629  2688996  2607672  2128934  2320364  1672014  1114873  1338887 
"32768"   0  0  0  0  2187027  2370380  1756614  2269062  2191840  1981393  1667992  1506645  1500575 
"65536"   0  0  0  0  2582715  1827502  2678108  2694516  2627097  2306626  1427115  1495846  1137599 
"131072"   0  0  0  0  2568282  2683872  2704908  2259665  2634194  2298821  1589042  1505488  1469319 
"262144"   0  0  0  0  2178235  2210656  2680272  2776454  2672896  2361616  1186853  1477102  1272827 
"524288"   0  0  0  0  210044  276980  228302  320026  148801  327042  288624  326583  287474 
