	Iozone: Performance Test of File I/O
	        Version $Revision: 3.414 $
		Compiled for 64 bit mode.
		Build: linux-AMD64 

	Contributors:William Norcott, Don Capps, Isom Crawford, Kirby Collins
	             Al Slater, Scott Rhine, Mike Wisner, Ken Goss
	             Steve Landherr, Brad Smith, Mark Kelly, Dr. Alain CYR,
	             Randy Dunlap, Mark Montague, Dan Million, Gavin Brebner,
	             Jean-Marc Zucconi, Jeff Blomberg, Benny Halevy, Dave Boone,
	             Erik Habbinga, Kris Strecker, Walter Wong, Joshua Root,
	             Fabrice Bacchella, Zhenghua Xue, Qin Li, Darren Sawyer,
	             Vangel Bojaxhi, Ben England.

	Run began: Fri Mar  1 00:04:59 2013

	Auto Mode
	Excel chart generation enabled
	Command line used: ./benchmarks/iozone3_414/src/current/iozone -a -R
	Output is in Kbytes/sec
	Time Resolution = 0.000001 seconds.
	Processor cache size set to 1024 Kbytes.
	Processor cache line size set to 32 bytes.
	File stride size set to 17 * record size.
                                                            random  random    bkwd   record   stride                                   
              KB  reclen   write rewrite    read    reread    read   write    read  rewrite     read   fwrite frewrite   fread  freread
              64       4  560635 1049372   926260  2298136 2067979  998622 1249666  1484662  1392258  1083249   266620 1518251  1599680
              64       8  720041 1828508  4018152  3738358 3203069 2006158 2203800  2203800  2892445  1484662   901377 2772930  3791156
              64      16  821391 1492919  4274062  1991276 4207076 1638743 1562436  2278628  3203069  1304314   688639 3057153  4274062
              64      32  718114  752329  4018152  3363612 4897948 1484662 3022727  2133730  2662899  1638743  1734015 4274062  4897948
              64      64  818885 2561267  5283570  5283570 4897948 1599680  799377  2006158  4564786  2067979   852702 2358717  4897948
             128       4  615109 1206978  1022989  2784517 2098744 1057236 1539168  1557024  1319723  1000121  1196221 1905110  2673584
             128       8  927549 2066432  2558895  3560017 3199360 1240443 1732927  2211113  3380677  1526043   656477 3053774  2066432
             128      16  927549 1663139  4444086  4012317 4267461 1618028 1852520  2558895  3895854  1561553  1732927 3468030  4934216
             128      32  774922 2558895  5122535  3359523 5122535 1663139 2248149  2905056  4759253  2027414  2175277 4012317  5545860
             128      64  847059 1727352  5122535  4444086 6045455 1911894 4012317  3657016  3036502  1332828  2660335 2098744  4557257
             128     128  889145 2175277  6727225  6727225 6727225 3657016 1852520  1997245  2367096  1802755  2035099 2784517  4889281
             256       4  659625 1241598  2034350  3009318 2114473 1137672 1766587  1619994  1911233  1543163  1506359 2582316  1471270
             256       8  709299 1080434  2588541  3052087 3078337 1985448 2015259  2330140  1855098  1384034  1430119 2539563  3245838
             256      16 1163562 2458168  4496299  5022044 3654598 2665657 2812272  2783115  3368013  1514860  1755037 4132864  3557725
             256      32 1058076 1543163  4009406  5569035 5217259 3245838 2975955  3454704  5022044  2692393  2030503 3756894  5569035
             256      64 1195962 2665657  3368013  6107548 6107548 2435861 4054829  3197509  4054829  2135500  2371308 2392442  1755037
             256     128 1142514 2045979  6249745  6107548 6719046 2266207 2754556  2911402  4907284   844929  1201314 3123106  3087188
             256     256  473054 1504249  5569035  6761355 6719046 1718521 2639446  2872459  2392442  1523457  1755037 5022044  6719046
             512       4  643960 1026126  2091421  1712772 2124526  918982 1475116  1496706  1509330  1007827   929322 1875849  2826358
             512       8  808904 1164070  2228129  4091959 3346002 2089386 1931527  1488408  2370799  1387437  1312798 2370799  3580298
             512      16 1055894  670291  2187279  2107844 3795443 2007358 1823291  1299295  1875849  1501940  1207261 2329648  3849877
             512      32  620515 1580419  4030519  2548017 4927617 1827947 1801873  3437042  4742616  1506154  1689859 3510074  2668325
             512      64 1105920 1938502  3388236  2894940 6174377 2105777 4701087  3487274  4195896  1809465  1679288 2460437  6491676
             512     128 1299295 1783912  3393590  2486072 3510074 2317080 1999881  3710197  2922519  1954379  1848401 1190529  3163620
             512     256 1086890 1368865  4650188  4571003 6414119 2768068 1099128  2995907  4305250  1387437  4420457 2860238  1970519
             512     512  901241 2327124  7022379  7091952 7211022 2132967 3029721  3659616  2339802  1723770  1467055 1585086  2167411
            1024       4  538634  970656  1125277  1609925 1203137  933322  885778  1309518  1328146  1204487   595629 1519371    59892
            1024       8  269838  602396   911146  1560781 1492445 1284839  405231  2240689  1473500  1044799   552634 1241031  1011817
            1024      16  681761  463979  1670669  1828574 2156318 1297649 1370965  1727102  2137006  1201790  1142945 1253344  1477555
            1024      32 1055584 1499217  2478620  2039583 4926518 1780809 1920993  3532609  3411938  1542286  1464956 2160657  2220992
            1024      64  968904 1718120  2586074  2478620 6025439 2089189 2386350  4060261  5690162  2169388  1678504 2503178  2829721
            1024     128  898941 1281771  2820430  4654248 5917516 3083680 2398343  2934110  5593820  1662264  1568189 1404591  3618930
            1024     256  656040 1305935  3103735  3046495 5096034 2910252 1322828  3314514  2869422  1398645  1932227 2522288  2908281
            1024     512 1230718 1841906  2694787  4789183 3821805 3506651 2730767  4079544  3764854  1910737  2000631 2437821  5390231
            1024    1024 1080275 1765437  6692005  7113161 7113161 3655895 2015654  1328146  2884840  2522288  1750329 2207295  1620249
            2048       4  593973 1048728  1170321  1597590 1896314 1263447 1264191  1518244  1334295  1409617   913841 1423162  1642495
            2048       8  770480 1272808  1761024  2017929 2951050 1193576 1430033  2047755  1389326  1252577  1218291 2031771  3195891
            2048      16  804089 1543340  2009902  3683812 2824887 1431225 2068465  2491420  1924783  1369829  1226291 1782585  1865023
            2048      32 1031724 1457698  2376319  2531808 3598924 1685687 1926510  2446713  2373037  1304508  1593737 2525110  2348384
            2048      64 1059464 1513696  1880538  4229816 6132138 3117032 2809182  4204968  3624742  1503627  1961707 3016334  5800851
            2048     128 1499166 2000075  2541546  6080053 6717153 3569018 2648920  4403275  6543188  2619037  1638423 3297725  2723672
            2048     256 1126577 2060032  3047366  2748949 5578583 2452301 2836079  2947000  5503525  2446713  1868674 2782790  4284671
            2048     512 1232096 1467159  2572756  5144271 5107566 2245848 3307884  3743207  5640860  2345819  2235910 3379461  5785224
            2048    1024 1083519 1936062  4086930  3812993 4591569 1662201 2905140  4196751  4358590  1412398  2252916 2868277  5159722
            2048    2048 1263447 2001939  2875960  1708146 3097921 1353639 2450202  1434092  2977647  2340067  2031771 2582813  4347560
            4096       4  681097 1176316  1353192  1660242   80306 1211060 1484631  1596225    80279  1196219  1104331 1779226  2337777
            4096       8  866322 1376834  2123381  2340643  106727 1434667 1760267  2111377    81570  1565676    52862 2160227  2254337
            4096      16  950329 1427633  1968406  2173894 2963678 1365236 2084478  3009363  2073910  1525498  1568106 2089803  3279348
            4096      32  712981 1597413  2508081  2179963 2983234 1902573 2418063  3497668  2228314  1771703  1748265 2516162  3407483
            4096      64 1108821 1505315  2752828  2730514 3368730 2148072 2673574  4171080  3540193  2465960  1462887 2734426  3558525
            4096     128 1122808 1830214  2888438  3849566 5849848 2923334 2047951  4461370  2364807  1602479  1574141 2026691  2079181
            4096     256 1070009 1783104  2927818  2630992 4824714 2061467 2080188  3803543  6103394  1526583  1628607 2336505  2062457
            4096     512 1041974 1545674  2936325  2396810 2670249 2155619 2385494  3919833  6597984  2121022  2033648 2689478  2239643
            4096    1024 1165937 1795779  2938334  2196126 3988078 1850719 2211675  2594046  4911613  2276744  2229760 1731875  2680666
            4096    2048 1150247 1723189  3500519  3407483 3279974 2257893 2316968  2275537  3524939  1595040  2467377 2442471  2836457
            4096    4096   27493 1353618  2171696  2087518 1485787 1682683 1769331  1094063  1971116  1529437  1637768 1997936  2068666
            8192       4  109468 1129481   196813   200278 1395557   70675 1374510  1642685   194870   148986   189366  201183  1721705
            8192       8  693060 1446554  2049027  2391772 1960298 1207180 1845035  2457812  1837143  1362410  1414632 2070262  2150062
            8192      16 1002799 1663361  1924397  2017268 1784012 1388002 1957953  2914112  2256677  1505896  1548865 2006313  2035311
            8192      32 1134928 1677246  2325405  2291442 2192735 1772417 2278677  3676880  2391772  1573910  1716373 2416499  2534501
            8192      64 1206290 1600300  1741867  2710655 3186234 1881508 2605614  3768008  3026275  1819245  1538118 2249880  2604627
            8192     128 1078771 1767403  2190359  2623921 1984528 1862739 2419392  4199016  2792156  1839307  1783179 1977788  2075013
            8192     256 1153793 1940810  2844394  3008258 2880400 1997565 2934020  4177574  2713652  1783549  1696039 2877505  2246203
            8192     512 1074218 1964558  2798752  2877505 2994102 1960298 2864312  4447398  6475875  1685556  1471584 2031220  2656378
            8192    1024 1187775 1864357  1759078  2975434 3321769 1937090 2685864  4047176  4471708  1575715  1968271 2821736  2482495
            8192    2048 1009992 1491385  2658845  2576889 2497472 1872893 2654531  3164228  4498640  1261472  1179700 2301727  2279887
            8192    4096  972102 1468377  1850002  1656305 1771229 1404628 1808806  1570529  1795666  1210753  1656305 1670478  1849206
            8192    8192  905304 1292311  1536399  1322148 1185357 1238375 1624435  1371930  1076878  1135716  1371273 1382140  1266354
           16384       4  656510 1155671  1781875  1777957 1414627  952666 1379582  1641657  1419008  1085670  1132661 1507111  1699050
           16384       8  838443 1280006  2190415  2155512 1869876 1292623 1826974  2351650  1824694  1431393  1348688 1907771  2017967
           16384      16  873806 1633191  2329252  2384535 2207159 1545932 1360571  2184010  1389063   992370  1152261 2090084  1838018
           16384      32  961504 1424066  2066079  2377194 2094352 1305292 1775063  2997995  2078138  1334960  1178119 2049809  1880880
           16384      64  924396 1585597  2675908  2621899 2423300 1533649 2067322  3317248  2263949  1342497  1123421 2217629  2241646
           16384     128 1042170 1766848  2138341  2070749 2058529 1280985 2729800  4072553  2340278  1698001  1626503 2576870  2672785
           16384     256  916433 1737059  1763448  1560961 1482723 1551236 2654511  4301471  2283812  1520147  1467304 2268882  1875029
           16384     512 1055050 1501447  2264546  2250234 2303332 1785718 1879337  3820974  1912443  1318313  1470067 2713953  2762946
           16384    1024 1008255 1762091  2214984  2661090 2257923 1404191 2152137  3102486  3971809   963593  1386485 1651918  2345870
           16384    2048  891733  820014  2101075  1793923 2191882 1305094 1724072  2596145  3091321  1016683   856500 2351328  1715422
           16384    4096  810612 1306309  1618307  1723553 1542462 1181928 1408768  1525648  1562914  1111753   881767 1534094  1523247
           16384    8192  755717 1064101  1236433  1556683 1593908  986090  850459  1036495  1059148   886144  1327276 1358205  1074433
           16384   16384  803137 1240741  1487698  1593760 1476288 1232154 1512818  1388109  1542323  1358097  1038343 1605002  1533786
           32768      64 1020964 1813590  2245007  2213622 2278731 1645565 2692515  3970983  2676940  1743069  1706853 2373286  2570066
           32768     128 1156613 1839785  2479424  2716839 2733645 1936283 2765215  4554909  2519651  1739187  1761432 2835850  2592610
           32768     256 1124393 1880386  2744398  2840011 2839776 2013025 2622940  4517926  2703426  1674414  1472789 2822630  2810336
           32768     512 1098195 1807793  2771292  2428515 2781162 2008466 2673867  4485048  2596724  1695546  1706048 2901342  2942526
           32768    1024 1118592 1676211  2551790  2254250 2125438 1726732 2311382  4567625  2180746  1305438  1363957 2813673  2848900
           32768    2048 1020395 1648882  2638348  2535408 2604796 1790693 2638753  3663299  5502663  1138882   966778 1956515  2536017
           32768    4096  917459 1335126  1705244  1778274 1731736 1318943 1561046  1441750  1387420   895054  1018211 1633828  1652291
           32768    8192  907956 1190135  1493320  1234565 1538694 1344332 1528937  1238124  1467176  1142774  1165420 1430168  1635714
           32768   16384  861660 1274378  1536887  1564476 1491634 1282608 1428489  1333067  1506926  1009861  1557720 1417235  1513598
           65536      64 1012654 1518479  2647185  2747163 2622910 1759783 2549230  3966846  2537300  1518966  1195912 2327524  2250076
           65536     128  953666 1457938  2477631  2801423 2693407 1759491 2188539  4148674  2447017  1414943  1585399 2615498  2805254
           65536     256 1088294 1707509  2824103  2427632 2442451 1748923 2646216  4617483  2841473  1462600   944692 2832046  2823726
           65536     512 1075502 1613191  2919208  2953523 2505591 1755356 2583128  4721300  2519046  1250901  1404273 2744612  2598782
           65536    1024 1034753 1571262  2597039  2749581 2782846 1696506 2791494  4645655  2501259  1172673   873741 2363609  2639711
           65536    2048  844502 1376138  2604865  2193009 2554608 1622983 2521380  3918441  2395746  1058041  1112686 1673749  1993431
           65536    4096  732400 1160871  1598900  1631547 1695010 1266544 1549316  1472259  1645100  1000582   802587 1427768  1396852
           65536    8192  692067  864875  1265710  1301611 1270989 1032813 1486551  1383814  1589516   930169   874210 1054562  1211904
           65536   16384  659985  959193  1369160  1370983 1400617 1066038 1232250  1087123  1335890  1069889   921497 1265809  1261956
          131072      64   84460   89614  2264626  2376563 2268542   88164 2326862  3809579  2380010    88614    92719 2000182  1894952
          131072     128   92026   94218  2397687  2325042 2290870   96598 2314246  3703760  2212263    95904    97507 2495795  2333618
          131072     256   84898   91521  2587088  2028066 2448159   94608 2092069  3272554  1914606    93461    94653 2260752  2132466
          131072     512   86510   87935  1864250  1242883 1127656   82846 1181722  2038663  1269794    90947    90276 1274152  1371646
          131072    1024   80711   94642  1294247   955280 1033649   87491 2352170  4085404  2180966    97219    96504 2309153  2508550
          131072    2048   90888   86790  1888755  1976658 1995891   95010 1722299  2259006  2067708    97352    97729 2524400  2124587
          131072    4096   89329   92371  1590467  1651822 1741658   95299 1696699  1442698  1257766   100388    99495  879854  1512471
          131072    8192   91083   88065  1521070  1485016 1335302   93643 1512205  1167802  1043625   101865   107173  642110  1037866
          131072   16384   40057   34911  1464344  1502377 1470553   36928 1454804  1313728  1351299    54030    51672 1362907  1451194
          262144      64   14296   13976  2684827  2691221 2525593   14341 2560351  4111418  2460986    14355    14115 2663766  2712975
          262144     128   14312   13964  2717193  2732657 2572939   14335 2323292  4192707  2332118    14375    14003
iozone: interrupted

Excel output is below:

"Writer report"
        "4"  "8"  "16"  "32"  "64"  "128"  "256"  "512"  "1024"  "2048"  "4096"  "8192"  "16384"
"64"   560635  720041  821391  718114  818885 
"128"   615109  927549  927549  774922  847059  889145 
"256"   659625  709299  1163562  1058076  1195962  1142514  473054 
"512"   643960  808904  1055894  620515  1105920  1299295  1086890  901241 
"1024"   538634  269838  681761  1055584  968904  898941  656040  1230718  1080275 
"2048"   593973  770480  804089  1031724  1059464  1499166  1126577  1232096  1083519  1263447 
"4096"   681097  866322  950329  712981  1108821  1122808  1070009  1041974  1165937  1150247  27493 
"8192"   109468  693060  1002799  1134928  1206290  1078771  1153793  1074218  1187775  1009992  972102  905304 
"16384"   656510  838443  873806  961504  924396  1042170  916433  1055050  1008255  891733  810612  755717  803137 
"32768"   0  0  0  0  1020964  1156613  1124393  1098195  1118592  1020395  917459  907956  861660 
"65536"   0  0  0  0  1012654  953666  1088294  1075502  1034753  844502  732400  692067  659985 
"131072"   0  0  0  0  84460  92026  84898  86510  80711  90888  89329  91083  40057 
"262144"   0  0  0  0  14296  14312 

"Re-writer report"
        "4"  "8"  "16"  "32"  "64"  "128"  "256"  "512"  "1024"  "2048"  "4096"  "8192"  "16384"
"64"   1049372  1828508  1492919  752329  2561267 
"128"   1206978  2066432  1663139  2558895  1727352  2175277 
"256"   1241598  1080434  2458168  1543163  2665657  2045979  1504249 
"512"   1026126  1164070  670291  1580419  1938502  1783912  1368865  2327124 
"1024"   970656  602396  463979  1499217  1718120  1281771  1305935  1841906  1765437 
"2048"   1048728  1272808  1543340  1457698  1513696  2000075  2060032  1467159  1936062  2001939 
"4096"   1176316  1376834  1427633  1597413  1505315  1830214  1783104  1545674  1795779  1723189  1353618 
"8192"   1129481  1446554  1663361  1677246  1600300  1767403  1940810  1964558  1864357  1491385  1468377  1292311 
"16384"   1155671  1280006  1633191  1424066  1585597  1766848  1737059  1501447  1762091  820014  1306309  1064101  1240741 
"32768"   0  0  0  0  1813590  1839785  1880386  1807793  1676211  1648882  1335126  1190135  1274378 
"65536"   0  0  0  0  1518479  1457938  1707509  1613191  1571262  1376138  1160871  864875  959193 
"131072"   0  0  0  0  89614  94218  91521  87935  94642  86790  92371  88065  34911 
"262144"   0  0  0  0  13976  13964 

"Reader report"
        "4"  "8"  "16"  "32"  "64"  "128"  "256"  "512"  "1024"  "2048"  "4096"  "8192"  "16384"
"64"   926260  4018152  4274062  4018152  5283570 
"128"   1022989  2558895  4444086  5122535  5122535  6727225 
"256"   2034350  2588541  4496299  4009406  3368013  6249745  5569035 
"512"   2091421  2228129  2187279  4030519  3388236  3393590  4650188  7022379 
"1024"   1125277  911146  1670669  2478620  2586074  2820430  3103735  2694787  6692005 
"2048"   1170321  1761024  2009902  2376319  1880538  2541546  3047366  2572756  4086930  2875960 
"4096"   1353192  2123381  1968406  2508081  2752828  2888438  2927818  2936325  2938334  3500519  2171696 
"8192"   196813  2049027  1924397  2325405  1741867  2190359  2844394  2798752  1759078  2658845  1850002  1536399 
"16384"   1781875  2190415  2329252  2066079  2675908  2138341  1763448  2264546  2214984  2101075  1618307  1236433  1487698 
"32768"   0  0  0  0  2245007  2479424  2744398  2771292  2551790  2638348  1705244  1493320  1536887 
"65536"   0  0  0  0  2647185  2477631  2824103  2919208  2597039  2604865  1598900  1265710  1369160 
"131072"   0  0  0  0  2264626  2397687  2587088  1864250  1294247  1888755  1590467  1521070  1464344 
"262144"   0  0  0  0  2684827  2717193 

"Re-Reader report"
        "4"  "8"  "16"  "32"  "64"  "128"  "256"  "512"  "1024"  "2048"  "4096"  "8192"  "16384"
"64"   2298136  3738358  1991276  3363612  5283570 
"128"   2784517  3560017  4012317  3359523  4444086  6727225 
"256"   3009318  3052087  5022044  5569035  6107548  6107548  6761355 
"512"   1712772  4091959  2107844  2548017  2894940  2486072  4571003  7091952 
"1024"   1609925  1560781  1828574  2039583  2478620  4654248  3046495  4789183  7113161 
"2048"   1597590  2017929  3683812  2531808  4229816  6080053  2748949  5144271  3812993  1708146 
"4096"   1660242  2340643  2173894  2179963  2730514  3849566  2630992  2396810  2196126  3407483  2087518 
"8192"   200278  2391772  2017268  2291442  2710655  2623921  3008258  2877505  2975434  2576889  1656305  1322148 
"16384"   1777957  2155512  2384535  2377194  2621899  2070749  1560961  2250234  2661090  1793923  1723553  1556683  1593760 
"32768"   0  0  0  0  2213622  2716839  2840011  2428515  2254250  2535408  1778274  1234565  1564476 
"65536"   0  0  0  0  2747163  2801423  2427632  2953523  2749581  2193009  1631547  1301611  1370983 
"131072"   0  0  0  0  2376563  2325042  2028066  1242883  955280  1976658  1651822  1485016  1502377 
"262144"   0  0  0  0  2691221  2732657 

"Random read report"
        "4"  "8"  "16"  "32"  "64"  "128"  "256"  "512"  "1024"  "2048"  "4096"  "8192"  "16384"
"64"   2067979  3203069  4207076  4897948  4897948 
"128"   2098744  3199360  4267461  5122535  6045455  6727225 
"256"   2114473  3078337  3654598  5217259  6107548  6719046  6719046 
"512"   2124526  3346002  3795443  4927617  6174377  3510074  6414119  7211022 
"1024"   1203137  1492445  2156318  4926518  6025439  5917516  5096034  3821805  7113161 
"2048"   1896314  2951050  2824887  3598924  6132138  6717153  5578583  5107566  4591569  3097921 
"4096"   80306  106727  2963678  2983234  3368730  5849848  4824714  2670249  3988078  3279974  1485787 
"8192"   1395557  1960298  1784012  2192735  3186234  1984528  2880400  2994102  3321769  2497472  1771229  1185357 
"16384"   1414627  1869876  2207159  2094352  2423300  2058529  1482723  2303332  2257923  2191882  1542462  1593908  1476288 
"32768"   0  0  0  0  2278731  2733645  2839776  2781162  2125438  2604796  1731736  1538694  1491634 
"65536"   0  0  0  0  2622910  2693407  2442451  2505591  2782846  2554608  1695010  1270989  1400617 
"131072"   0  0  0  0  2268542  2290870  2448159  1127656  1033649  1995891  1741658  1335302  1470553 
"262144"   0  0  0  0  2525593  2572939 

"Random write report"
        "4"  "8"  "16"  "32"  "64"  "128"  "256"  "512"  "1024"  "2048"  "4096"  "8192"  "16384"
"64"   998622  2006158  1638743  1484662  1599680 
"128"   1057236  1240443  1618028  1663139  1911894  3657016 
"256"   1137672  1985448  2665657  3245838  2435861  2266207  1718521 
"512"   918982  2089386  2007358  1827947  2105777  2317080  2768068  2132967 
"1024"   933322  1284839  1297649  1780809  2089189  3083680  2910252  3506651  3655895 
"2048"   1263447  1193576  1431225  1685687  3117032  3569018  2452301  2245848  1662201  1353639 
"4096"   1211060  1434667  1365236  1902573  2148072  2923334  2061467  2155619  1850719  2257893  1682683 
"8192"   70675  1207180  1388002  1772417  1881508  1862739  1997565  1960298  1937090  1872893  1404628  1238375 
"16384"   952666  1292623  1545932  1305292  1533649  1280985  1551236  1785718  1404191  1305094  1181928  986090  1232154 
"32768"   0  0  0  0  1645565  1936283  2013025  2008466  1726732  1790693  1318943  1344332  1282608 
"65536"   0  0  0  0  1759783  1759491  1748923  1755356  1696506  1622983  1266544  1032813  1066038 
"131072"   0  0  0  0  88164  96598  94608  82846  87491  95010  95299  93643  36928 
"262144"   0  0  0  0  14341  14335 

"Backward read report"
        "4"  "8"  "16"  "32"  "64"  "128"  "256"  "512"  "1024"  "2048"  "4096"  "8192"  "16384"
"64"   1249666  2203800  1562436  3022727  799377 
"128"   1539168  1732927  1852520  2248149  4012317  1852520 
"256"   1766587  2015259  2812272  2975955  4054829  2754556  2639446 
"512"   1475116  1931527  1823291  1801873  4701087  1999881  1099128  3029721 
"1024"   885778  405231  1370965  1920993  2386350  2398343  1322828  2730767  2015654 
"2048"   1264191  1430033  2068465  1926510  2809182  2648920  2836079  3307884  2905140  2450202 
"4096"   1484631  1760267  2084478  2418063  2673574  2047951  2080188  2385494  2211675  2316968  1769331 
"8192"   1374510  1845035  1957953  2278677  2605614  2419392  2934020  2864312  2685864  2654531  1808806  1624435 
"16384"   1379582  1826974  1360571  1775063  2067322  2729800  2654511  1879337  2152137  1724072  1408768  850459  1512818 
"32768"   0  0  0  0  2692515  2765215  2622940  2673867  2311382  2638753  1561046  1528937  1428489 
"65536"   0  0  0  0  2549230  2188539  2646216  2583128  2791494  2521380  1549316  1486551  1232250 
"131072"   0  0  0  0  2326862  2314246  2092069  1181722  2352170  1722299  1696699  1512205  1454804 
"262144"   0  0  0  0  2560351  2323292 

"Record rewrite report"
        "4"  "8"  "16"  "32"  "64"  "128"  "256"  "512"  "1024"  "2048"  "4096"  "8192"  "16384"
"64"   1484662  2203800  2278628  2133730  2006158 
"128"   1557024  2211113  2558895  2905056  3657016  1997245 
"256"   1619994  2330140  2783115  3454704  3197509  2911402  2872459 
"512"   1496706  1488408  1299295  3437042  3487274  3710197  2995907  3659616 
"1024"   1309518  2240689  1727102  3532609  4060261  2934110  3314514  4079544  1328146 
"2048"   1518244  2047755  2491420  2446713  4204968  4403275  2947000  3743207  4196751  1434092 
"4096"   1596225  2111377  3009363  3497668  4171080  4461370  3803543  3919833  2594046  2275537  1094063 
"8192"   1642685  2457812  2914112  3676880  3768008  4199016  4177574  4447398  4047176  3164228  1570529  1371930 
"16384"   1641657  2351650  2184010  2997995  3317248  4072553  4301471  3820974  3102486  2596145  1525648  1036495  1388109 
"32768"   0  0  0  0  3970983  4554909  4517926  4485048  4567625  3663299  1441750  1238124  1333067 
"65536"   0  0  0  0  3966846  4148674  4617483  4721300  4645655  3918441  1472259  1383814  1087123 
"131072"   0  0  0  0  3809579  3703760  3272554  2038663  4085404  2259006  1442698  1167802  1313728 
"262144"   0  0  0  0  4111418  4192707 

"Stride read report"
        "4"  "8"  "16"  "32"  "64"  "128"  "256"  "512"  "1024"  "2048"  "4096"  "8192"  "16384"
"64"   1392258  2892445  3203069  2662899  4564786 
"128"   1319723  3380677  3895854  4759253  3036502  2367096 
"256"   1911233  1855098  3368013  5022044  4054829  4907284  2392442 
"512"   1509330  2370799  1875849  4742616  4195896  2922519  4305250  2339802 
"1024"   1328146  1473500  2137006  3411938  5690162  5593820  2869422  3764854  2884840 
"2048"   1334295  1389326  1924783  2373037  3624742  6543188  5503525  5640860  4358590  2977647 
"4096"   80279  81570  2073910  2228314  3540193  2364807  6103394  6597984  4911613  3524939  1971116 
"8192"   194870  1837143  2256677  2391772  3026275  2792156  2713652  6475875  4471708  4498640  1795666  1076878 
"16384"   1419008  1824694  1389063  2078138  2263949  2340278  2283812  1912443  3971809  3091321  1562914  1059148  1542323 
"32768"   0  0  0  0  2676940  2519651  2703426  2596724  2180746  5502663  1387420  1467176  1506926 
"65536"   0  0  0  0  2537300  2447017  2841473  2519046  2501259  2395746  1645100  1589516  1335890 
"131072"   0  0  0  0  2380010  2212263  1914606  1269794  2180966  2067708  1257766  1043625  1351299 
"262144"   0  0  0  0  2460986  2332118 

"Fwrite report"
        "4"  "8"  "16"  "32"  "64"  "128"  "256"  "512"  "1024"  "2048"  "4096"  "8192"  "16384"
"64"   1083249  1484662  1304314  1638743  2067979 
"128"   1000121  1526043  1561553  2027414  1332828  1802755 
"256"   1543163  1384034  1514860  2692393  2135500  844929  1523457 
"512"   1007827  1387437  1501940  1506154  1809465  1954379  1387437  1723770 
"1024"   1204487  1044799  1201790  1542286  2169388  1662264  1398645  1910737  2522288 
"2048"   1409617  1252577  1369829  1304508  1503627  2619037  2446713  2345819  1412398  2340067 
"4096"   1196219  1565676  1525498  1771703  2465960  1602479  1526583  2121022  2276744  1595040  1529437 
"8192"   148986  1362410  1505896  1573910  1819245  1839307  1783549  1685556  1575715  1261472  1210753  1135716 
"16384"   1085670  1431393  992370  1334960  1342497  1698001  1520147  1318313  963593  1016683  1111753  886144  1358097 
"32768"   0  0  0  0  1743069  1739187  1674414  1695546  1305438  1138882  895054  1142774  1009861 
"65536"   0  0  0  0  1518966  1414943  1462600  1250901  1172673  1058041  1000582  930169  1069889 
"131072"   0  0  0  0  88614  95904  93461  90947  97219  97352  100388  101865  54030 
"262144"   0  0  0  0  14355  14375 

"Re-Fwrite report"
        "4"  "8"  "16"  "32"  "64"  "128"  "256"  "512"  "1024"  "2048"  "4096"  "8192"  "16384"
"64"   266620  901377  688639  1734015  852702 
"128"   1196221  656477  1732927  2175277  2660335  2035099 
"256"   1506359  1430119  1755037  2030503  2371308  1201314  1755037 
"512"   929322  1312798  1207261  1689859  1679288  1848401  4420457  1467055 
"1024"   595629  552634  1142945  1464956  1678504  1568189  1932227  2000631  1750329 
"2048"   913841  1218291  1226291  1593737  1961707  1638423  1868674  2235910  2252916  2031771 
"4096"   1104331  52862  1568106  1748265  1462887  1574141  1628607  2033648  2229760  2467377  1637768 
"8192"   189366  1414632  1548865  1716373  1538118  1783179  1696039  1471584  1968271  1179700  1656305  1371273 
"16384"   1132661  1348688  1152261  1178119  1123421  1626503  1467304  1470067  1386485  856500  881767  1327276  1038343 
"32768"   0  0  0  0  1706853  1761432  1472789  1706048  1363957  966778  1018211  1165420  1557720 
"65536"   0  0  0  0  1195912  1585399  944692  1404273  873741  1112686  802587  874210  921497 
"131072"   0  0  0  0  92719  97507  94653  90276  96504  97729  99495  107173  51672 
"262144"   0  0  0  0  14115  14003 

"Fread report"
        "4"  "8"  "16"  "32"  "64"  "128"  "256"  "512"  "1024"  "2048"  "4096"  "8192"  "16384"
"64"   1518251  2772930  3057153  4274062  2358717 
"128"   1905110  3053774  3468030  4012317  2098744  2784517 
"256"   2582316  2539563  4132864  3756894  2392442  3123106  5022044 
"512"   1875849  2370799  2329648  3510074  2460437  1190529  2860238  1585086 
"1024"   1519371  1241031  1253344  2160657  2503178  1404591  2522288  2437821  2207295 
"2048"   1423162  2031771  1782585  2525110  3016334  3297725  2782790  3379461  2868277  2582813 
"4096"   1779226  2160227  2089803  2516162  2734426  2026691  2336505  2689478  1731875  2442471  1997936 
"8192"   201183  2070262  2006313  2416499  2249880  1977788  2877505  2031220  2821736  2301727  1670478  1382140 
"16384"   1507111  1907771  2090084  2049809  2217629  2576870  2268882  2713953  1651918  2351328  1534094  1358205  1605002 
"32768"   0  0  0  0  2373286  2835850  2822630  2901342  2813673  1956515  1633828  1430168  1417235 
"65536"   0  0  0  0  2327524  2615498  2832046  2744612  2363609  1673749  1427768  1054562  1265809 
"131072"   0  0  0  0  2000182  2495795  2260752  1274152  2309153  2524400  879854  642110  1362907 
"262144"   0  0  0  0  2663766  0 

"Re-Fread report"
        "4"  "8"  "16"  "32"  "64"  "128"  "256"  "512"  "1024"  "2048"  "4096"  "8192"  "16384"
"64"   1599680  3791156  4274062  4897948  4897948 
"128"   2673584  2066432  4934216  5545860  4557257  4889281 
"256"   1471270  3245838  3557725  5569035  1755037  3087188  6719046 
"512"   2826358  3580298  3849877  2668325  6491676  3163620  1970519  2167411 
"1024"   59892  1011817  1477555  2220992  2829721  3618930  2908281  5390231  1620249 
"2048"   1642495  3195891  1865023  2348384  5800851  2723672  4284671  5785224  5159722  4347560 
"4096"   2337777  2254337  3279348  3407483  3558525  2079181  2062457  2239643  2680666  2836457  2068666 
"8192"   1721705  2150062  2035311  2534501  2604627  2075013  2246203  2656378  2482495  2279887  1849206  1266354 
"16384"   1699050  2017967  1838018  1880880  2241646  2672785  1875029  2762946  2345870  1715422  1523247  1074433  1533786 
"32768"   0  0  0  0  2570066  2592610  2810336  2942526  2848900  2536017  1652291  1635714  1513598 
"65536"   0  0  0  0  2250076  2805254  2823726  2598782  2639711  1993431  1396852  1211904  1261956 
"131072"   0  0  0  0  1894952  2333618  2132466  1371646  2508550  2124587  1512471  1037866  1451194 
"262144"   0  0  0  0  2712975  0 
exiting iozone

